16044110 44.800150462963 597.339177196868 3.56701062263491e-11 70000.00000000
16044111 44.8059837962963 605.661553304873 2.13474517928445e-11 70000.00000000
16044112 44.8182638888889 610.533341992849 9.55627650906893e-11 70000.00000000
16044113 44.8257291666667 593.725279236573 3.45694332576045e-11 70000.00000000
16044114 44.829837962963 561.193721596235 2.65069017205702e-11 70000.00000000
16044115 44.834837962963 561.642565322973 1.22718029055266e-11 70000.00000000
16044120 44.849525462963 562.726136426464 1.04043902439974e-11 70000.00000000
16044123 44.8721990740741 544.30081285152 3.17845099958096e-11 70000.00000000
16044133 44.9576736111111 549.997966046037 2.63986319757956e-11 70000.00000000
16044134 44.9634490740741 556.314517555701 2.78921666063445e-11 70000.00000000
16044135 44.9701851851852 551.996941092827 3.5723504642616e-11 70000.00000000
16044136 44.974849537037 560.120752137938 3.68416926352791e-11 70000.00000000
16044138 44.9892939814815 551.040645349171 2.15657698655689e-11 70000.00000000
16044139 44.9945138888889 561.623796334004 7.79295030856069e-12 70000.00000000
16045001 45.0234375 550.717975319701 3.13381903962852e-11 70000.00000000
16045032 45.0671412037037 505.730325361276 8.6504960833089e-12 70000.00781250
16045033 45.0986805555556 526.806099357965 9.11175023615973e-12 70000.00000000
16045042 45.2471527777778 528.481252876041 8.17367593288102e-11 70000.00000000
16045043 45.2576157407407 523.261857991873 7.62671885346041e-12 70000.00000000
16045044 45.2864699074074 525.078934444125 1.04885621625417e-11 70000.00000000
16045045 45.3018865740741 520.526625496796 9.07565854425499e-12 70000.00000000
16045047 45.3314351851852 525.568042426212 1.81775109775262e-11 70000.00000000
16045048 45.3431944444444 537.4965783245 3.61854346919764e-11 70000.00000000
16045049 45.3461458333333 514.746315210509 4.96185847243489e-11 70000.00000000
16045052 45.3565162037037 534.358386545228 8.06904853430737e-12 70000.00000000
16045054 45.3887152777778 529.667628170376 1.13455974276221e-11 70000.00000000
16045055 45.4056481481481 536.125052220013 3.23744489629436e-11 70000.00000000
16045056 45.4188657407407 520.906378237894 1.64888505290185e-11 70000.00000000
16045067 45.4691435185185 518.975822997792 1.04649249394715e-11 70000.00000000
16045068 45.4916898148148 536.018029332853 1.10810922115175e-11 70000.00000000
16045070 45.514537037037 519.45018909369 1.68838037320299e-11 70000.00000000
16045082 45.6144560185185 529.127923367281 5.93499855533567e-11 70000.00000000
16045083 45.6172916666667 531.181726292815 6.76053059717067e-11 70000.00000000
16045084 45.6199305555556 523.718467530464 8.57112914714383e-11 70000.00000000
16045085 45.6215162037037 529.078866438992 6.61501737821425e-11 70000.00000000
16045086 45.6241435185185 538.127634036497 5.5690242728234e-11 70000.00000000
16045087 45.6276736111111 518.76020368557 8.36371672533795e-11 70000.00000000
16045088 45.6301041666667 531.950595098208 4.22896714050743e-10 70000.00000000
16045089 45.631875 520.118041952614 2.58833266079697e-11 70000.00000000
16045090 45.6420601851852 530.009458902576 2.92666206894497e-11 70000.00000000
16045093 45.6491550925926 530.177642543849 8.65167305873262e-11 70000.00000000
16045094 45.6507523148148 535.706399293521 2.29907297796002e-11 70000.00000000
16045095 45.6545601851852 524.188534686643 3.28399474868664e-11 70000.00000000
16045096 45.6568402777778 534.020893498635 1.63014213186607e-07 70000.00000000
16045097 45.658900462963 529.816622325098 6.76473529513744e-11 70000.00000000
16045098 45.6622685185185 522.397037770104 3.49069133068453e-11 70000.00000000
16045099 45.6643634259259 529.505127533197 2.17909246657328e-10 70000.00000000
16045100 45.6674074074074 542.348232297852 1.04534951136477e-11 70000.00000000
16045102 45.6867361111111 527.698096971622 1.40582625302328e-11 70000.00000000
16045103 45.6957175925926 516.675115914994 1.12792090508399e-11 70000.00000000
16045104 45.7143981481481 524.786019685927 1.28298611156904e-11 70000.00000000
16045105 45.7308333333333 534.083006593938 1.05107391839622e-11 70000.00000000
16045106 45.7494791666667 527.482920411885 9.98114443764642e-12 70000.00000000
16045108 45.7733101851852 524.893441385801 4.21154558648014e-11 70000.00000000
16045109 45.7750578703704 515.798044414268 1.10520228050925e-11 70000.00000000
16045110 45.7932638888889 530.294137256548 1.63934952809356e-11 70000.00000000
16045111 45.8048958333333 524.783618185181 1.03565944725933e-11 70000.00000000
16045112 45.8230555555556 521.367104590934 1.1325716372664e-11 70000.00000000
16045113 45.8416203703704 525.45003812159 1.02332504290807e-11 70000.00000000
16045114 45.8602893518519 523.267406314355 2.14109167569666e-11 70000.00000000
16045115 45.8653472222222 538.511830243461 6.48962045630578e-11 70000.00000000
16045116 45.8685069444444 526.062124164282 4.47567069009004e-11 70000.00000000
16045117 45.8703819444445 539.304997864252 2.85059370261039e-11 70000.00000000
16045118 45.8740740740741 537.120466203087 1.01519243067915e-11 70000.00000000
16045119 45.8921296296296 533.42202790208 9.882660313494e-12 70000.00000000
16045120 45.9112731481482 534.917552829543 1.60436462549808e-11 70000.00000000
16046003 46.0131712962963 559.459720478323 2.19312241311647e-10 70000.00000000
16046005 46.0143518518518 527.877358771381 5.18706966571759e-11 70000.00000000
16046006 46.0218402777778 514.090577100399 1.15442474861103e-11 70000.00000000
16046007 46.0383101851852 532.797587523954 1.23856241250777e-11 70000.00000000
16046008 46.0511342592593 525.502814665588 4.32168173900714e-11 70000.00000000
16046009 46.0545717592593 523.265492098285 1.16888462431544e-11 70000.00781250
16046010 46.0681134259259 519.898230889956 2.46489477789641e-11 70000.00000000
16046011 46.0775578703704 519.793039010227 1.18181225058465e-11 70000.00000000
16046012 46.0908796296296 537.619326093916 9.14743279442014e-12 70000.00000000
16046013 46.1196643518518 514.398602598199 9.50596069139166e-12 70000.00000000
16046014 46.1496759259259 534.856519044056 8.00991478168598e-12 70000.00000000
16046015 46.1833101851852 511.531165462082 8.21369397819099e-12 70000.00000000
16046016 46.2165393518518 521.122108063124 1.99223321912044e-11 70000.00000000
16046017 46.2241435185185 538.129377080943 2.4351264071451e-11 70000.00000000
16046018 46.2282986111111 532.929237600834 5.36668594443812e-11 70000.00000000
16046019 46.2323958333333 509.837225499612 7.74018306056318e-12 70000.00000000
16046020 46.2705902777778 520.73416829689 6.86455163092963e-12 70000.00000000
16046021 46.3085416666667 519.308848058619 8.96144616307952e-12 70000.00000000
16046032 46.4497337962963 509.665406245068 3.62476069543591e-11 70000.00000000
16046033 46.4521643518518 528.577539648309 3.84288390511653e-11 70000.00000000
16046034 46.4555902777778 529.127621341566 1.24934464352733e-11 70000.00000000
16046035 46.4665277777778 536.250634167588 1.24955726334729e-11 70000.00000000
16046036 46.4778356481482 527.701905579266 9.58607315416118e-12 70000.00000000
16046037 46.4960185185185 517.202371431398 1.07517507722263e-11 70000.00000000
16046038 46.5121875 533.582019824483 8.9816714587489e-12 70000.00000000
16046039 46.5396527777778 515.527095363848 4.04760869163515e-11 70000.00000000
16046040 46.5475 530.178141343328 9.10228109417776e-12 70000.00000000
16046041 46.5727314814815 525.921820635755 1.92160704022838e-11 70000.00000000
16046042 46.5802777777778 532.535718499037 1.65724161767242e-11 70000.00000000
16046043 46.5874421296296 523.616557053726 2.54920657240813e-11 70000.00000000
16046044 46.5932291666667 517.827724831013 2.85107150766383e-11 70000.00000000
16046045 46.5975925925926 515.583954155185 3.33976564739065e-11 70000.00000000
16046046 46.6010532407407 541.348026107965 1.11278377899443e-11 70000.00000000
16046048 46.6252893518519 532.849012829614 1.05105534488025e-11 70000.00000000
16046049 46.6434837962963 512.537902395195 1.1491004042553e-11 70000.00000000
16046050 46.6614930555556 518.265412367279 2.45407154623594e-11 70000.00000000
16046057 46.6704513888889 535.032678174391 3.83089759282677e-11 70000.00000000
16046058 46.6728472222222 509.502732668485 1.33695022789318e-11 70000.00000000
16046059 46.686712962963 529.753127043655 1.0513919884012e-11 70000.00000000
16046061 46.7171643518518 537.144664202464 1.00765385780979e-11 70000.00000000
16046062 46.7351967592593 505.742307748721 1.91388903560429e-11 70000.00000000
16046064 46.7449189814815 522.470022823242 1.57999560212264e-10 1185.55139160
16046065 46.7465625 515.229028328126 2.52308517668326e-10 577.39831543
16046066 46.7500694444444 526.094341040279 1.51180148323217e-11 117850.83593750
16046067 46.7591435185185 521.447744594724 9.29522036998917e-12 115033.60156250
16046068 46.783587962963 533.340225383599 1.29010023503972e-11 111112.95312500
16046073 46.8144907407407 514.281768796408 1.54729049871841e-11 108553.96093750
16046074 46.824224537037 529.581239198153 1.0624726150679e-11 106135.83593750
16046075 46.8419212962963 522.653903019097 1.17745337346173e-11 104868.07812500
16046076 46.8590046296296 523.23164554765 1.46788503227952e-11 101205.67187500
16046077 46.8684027777778 514.642892576036 3.93244556950348e-11 106229.73437500
16046078 46.8713310185185 508.802189405869 4.89077133066301e-11 100266.59375000
16046080 46.8746412037037 519.233979465006 1.25946057488119e-11 101111.76562500
16046081 46.8947916666667 527.666023134995 1.33270612276646e-11 99116.22656250
16046082 46.9132175925926 522.379755374606 1.70998920987516e-11 97965.85156250
16046083 46.9244791666667 531.014175684423 3.84275235795772e-11 93458.27343750
16047004 47.0439699074074 560.459998551072 5.31800134049652e-11 193376.20312500
16047005 47.0463657407407 548.550191101074 1.08895080057698e-11 200771.45312500
16047008 47.0618287037037 507.967087428414 1.40551570982013e-11 188539.95312500
16047009 47.0750347222222 520.018651545842 5.31799862439332e-11 184478.43750000
16047101 47.7563310185185 560.378501266262 8.83911395023824e-11 193352.71875000
16047102 47.7574537037037 547.018278882379 3.11103846146972e-10 191826.71875000
16047103 47.7588078703704 550.909967858781 4.7240495765149e-11 187248.71875000
16047104 47.7612962962963 581.908358871754 1.66480879617473e-10 195019.59375000
16047106 47.7635648148148 508.78178485109 1.1005574344822e-11 185816.62500000
16047108 47.7818865740741 511.138734271094 1.90429005043109e-11 180416.92187500
16047121 47.8283680555556 508.012004777855 1.13699088383417e-11 164499.54687500
16047122 47.8456597222222 524.409054422563 1.21129612544295e-11 156235.65625000
16047124 47.8655439814815 507.553325391293 1.22682656859753e-11 147267.46875000
16047125 47.8835069444444 522.769205368784 1.13619408541253e-11 142665.96875000
16047126 47.9014930555556 512.222021687445 1.49497347609391e-11 139308.78125000
16047131 47.9259837962963 509.512521398148 1.27958675351404e-11 137101.93750000
16047136 47.9517013888889 501.859754653698 1.31982576284827e-11 133181.28125000
16047137 47.9696180555556 523.690535009701 1.14643006844986e-11 126044.28906250
16047138 47.9875810185185 512.027581866842 1.14795094347529e-11 120386.35156250
16048001 48.005462962963 507.121053906139 1.33588805181473e-11 120668.06250000
16048002 48.0232638888889 500.766625897096 6.19110056095149e-11 118437.76562500
16048003 48.0492476851852 511.837712764857 1.76162697133355e-11 117029.14062500
16048004 48.0643865740741 520.128239427762 9.81214368925169e-12 109751.28906250
16048009 48.106099537037 502.596670025897 1.36784298544168e-11 104844.60156250
16048011 48.2099768518518 596.165912206173 1.95096187578468e-11 168889.73437500
16048012 48.2157407407407 558.478728727719 2.46847584934359e-11 166236.84375000
16048014 48.2508449074074 533.819930582007 9.6403805584129e-12 148159.59375000
16048015 48.2765625 521.259556321905 1.6691502950711e-11 148089.15625000
16048016 48.2911458333333 530.837141242888 9.84896501581498e-12 138933.14062500
16048017 48.313287037037 502.187755591848 1.22775917467784e-11 139167.90625000
16048018 48.333587962963 526.346818048296 9.30677004515775e-12 139754.84375000
16048019 48.3581481481482 509.910763020673 1.71484080352834e-11 125410.41406250
16048022 48.3873958333333 508.619543208842 1.07461129254937e-11 119306.39843750
16048023 48.4098842592593 507.713189961193 2.49501309173486e-11 117780.39843750
16048024 48.4343634259259 512.741913479468 1.01488729002047e-11 115315.32812500
16048025 48.4580555555556 483.768322905149 2.10657881957779e-11 113883.22656250
16048026 48.4653356481481 516.950870413272 1.01565264054016e-11 109845.18750000
16048027 48.4898842592593 500.626460224944 1.06246591456337e-11 109093.92187500
16048028 48.5150347222222 499.377791103057 1.20329660142361e-11 103224.69531250
16048109 48.7655555555556 558.274063671323 7.52521357201259e-12 1163853.37500000
16048110 48.7868055555556 554.566882349105 9.40067020431076e-12 1065249.75000000
16048111 48.8020949074074 564.332780933181 1.07265997983729e-11 1049050.50000000
16048115 48.8338888888889 561.943954812565 2.3681640450222e-11 932135.12500000
16048116 48.8390277777778 549.678543982087 3.69211263832829e-11 936713.12500000
16048117 48.8450231481482 563.569393048012 1.50410745121171e-11 916405.56250000
16048118 48.8548032407407 538.602953712996 2.63864956390275e-11 901849.81250000
16048119 48.8631018518519 567.351234490791 1.74406352008167e-11 895980.62500000
16048120 48.8703587962963 549.826077952627 1.13622308506625e-11 888350.56250000
16048121 48.8972222222222 553.901484696862 1.37380503703403e-11 827075.75000000
16048122 48.920462962963 555.208561405159 1.00943923842759e-11 795734.00000000
16048125 48.9488773148148 543.200632805286 1.28429481389788e-11 765448.75000000
16048126 48.9610532407407 559.141844928938 2.22785630246587e-11 746549.75000000
16048127 48.9681944444444 545.404629285355 9.47027599699273e-12 736689.43750000
16048128 48.9911226851852 549.786685235901 1.55070328508863e-11 693374.43750000
16049010 49.1021527777778 544.313946737717 1.00265769997886e-11 1025103.93750000
16049012 49.1203009259259 548.158983660113 8.41954577590706e-12 936595.75000000
16049013 49.1373611111111 554.863981463464 1.22881403246431e-11 954203.43750000
16049014 49.1500810185185 562.714418481894 3.19940760184733e-11 896450.12500000
16049015 49.1565509259259 546.469080891344 3.2246197218839e-11 894454.62500000
16049016 49.1619328703704 557.508557612531 5.92355055591571e-11 878607.62500000
16049017 49.1663657407407 550.474144495228 7.80508268329918e-12 850200.56250000
16049018 49.1901273148148 554.356959730214 1.03349878019472e-11 831888.50000000
16049019 49.2071296296296 548.183293049908 3.52427413598729e-11 801133.68750000
16049020 49.2094444444445 533.020095710198 8.05196454234031e-12 773548.25000000
16049021 49.2334722222222 539.973970398626 1.64239811666117e-11 747606.25000000
16049022 49.2450231481481 547.758839528649 1.17174385693514e-11 735985.12500000
16049023 49.2579861111111 542.752903779485 1.54069938231543e-11 725890.06250000
16049024 49.2688310185185 545.71523969061 1.30381644150112e-11 716499.25000000
16049025 49.2837037037037 560.191637733708 9.79293047369412e-12 702530.50000000
16050009 50.2655208333333 545.019941129815 7.60612640803273e-12 1259052.75000000
16050010 50.2875810185185 535.16391620667 8.57135677996512e-12 1194843.12500000
16050036 50.7092824074074 555.536346871722 7.07751624724766e-11 1334883.75000000
16050037 50.712349537037 567.956504478146 7.61373811519939e-12 1309998.00000000
16050038 50.7307523148148 579.151419941251 2.79726501478722e-11 1271613.00000000
16050039 50.7338425925926 553.183020646808 3.52416981644364e-11 1292272.87500000
16050040 50.737974537037 562.741326527816 7.24858576137164e-12 1262926.50000000
16050041 50.758125 584.77644112853 4.04545095036641e-11 1178878.62500000
16050042 50.7629166666667 555.101940293109 3.42156863338201e-11 1155166.87500000
16050043 50.7663078703704 550.845871135547 2.23136186724373e-11 1160097.00000000
16050044 50.7796412037037 563.264827803183 7.18268686294576e-11 1128520.37500000
16050048 50.7940625 565.026931271924 3.59767891406279e-11 1106569.37500000
16050049 50.7983101851852 554.532710592339 2.47405582467911e-11 1099408.87500000
16050050 50.8052893518519 563.224067189306 6.48661755999526e-11 1076049.12500000
16050051 50.807337962963 557.868993753228 5.07570800883642e-11 1063723.75000000
16050052 50.8102083333333 551.251289425444 9.65542857441854e-12 1077927.37500000
16050053 50.8317361111111 555.469522342773 3.33893635170575e-11 1021112.93750000
16050054 50.837349537037 556.288986745926 9.44408052991462e-12 1015713.12500000
16050065 50.8721990740741 545.377945417864 2.65772426565834e-11 966059.31250000
16050066 50.8808796296296 559.153748491153 8.83353077183359e-12 967115.81250000
16050070 50.919537037037 552.774377181715 3.87065077011515e-11 912414.50000000
16050071 50.9247222222222 562.393741511135 8.45723881010326e-12 896332.75000000
16050072 50.9482407407407 555.402876900346 1.01938561116767e-11 863699.81250000
16050073 50.9656018518519 534.283625378769 1.18925282513415e-11 838109.87500000
16050075 50.9857291666667 545.371849380482 1.55856144588121e-11 819563.12500000
16050076 50.9960416666667 560.96318370835 1.50935103646889e-11 807707.25000000
16051001 51.0042592592593 553.302439103734 1.32631462895603e-11 803716.18750000
16051003 51.0204976851852 546.557752166332 1.70918223634494e-11 724481.43750000
16051004 51.0283564814815 558.691629243576 1.21748610037493e-11 717790.50000000
16051007 51.0523032407407 542.285538594157 1.08211427821037e-11 692083.25000000
16051008 51.0736226851852 549.465858327233 9.96626467730269e-12 662032.75000000
16051009 51.0949652777778 533.997650912075 1.41037587814982e-11 624352.18750000
16051022 51.2465625 517.857006745516 1.58201825448185e-11 1155636.37500000
16051026 51.3206365740741 554.286816933154 3.16032209297869e-11 1331714.25000000
16051027 51.3226736111111 553.819588166836 6.50564798092867e-12 1363525.75000000
16051028 51.3525578703704 535.827767492038 1.12880502248871e-11 1267974.12500000
16051029 51.3725810185185 543.667880010605 1.38782022525568e-11 1203647.00000000
16051030 51.3837384259259 559.75871322789 4.50549395612395e-11 1238627.75000000
16051031 51.3878125 543.28093489744 2.29489450676281e-11 1216911.50000000
16051032 51.3934837962963 539.03904584626 1.55375291895123e-11 1156810.25000000
16051033 51.4051851851852 549.201324660775 2.08798230662788e-11 1173948.50000000
16051034 51.4116550925926 559.597620212756 4.52750091580738e-11 1155636.37500000
16051035 51.414525462963 553.444050214378 2.25597818842086e-11 1144602.12500000
16051036 51.4216319444444 540.322924182084 1.46449346848563e-11 1131924.50000000
16051037 51.4361921296296 541.550804066906 1.68787685386586e-11 1126290.12500000
16051038 51.4474537037037 552.434508373851 2.07678238163401e-11 1118073.12500000
16051039 51.4541782407407 537.833029041789 1.41393117971405e-11 1102108.75000000
16051040 51.4710300925926 558.18010590574 1.7571147833145e-11 1058441.37500000
16051041 51.4787962962963 550.448740569933 1.41334668070507e-11 1046350.68750000
16051042 51.4955439814815 560.287448550393 2.99517606179313e-11 1028273.37500000
16051044 51.5004861111111 551.136524640524 1.83055528471786e-11 1008904.81250000
16051045 51.5066435185185 560.833303844713 1.02356722282074e-11 994349.06250000
16051046 51.5242361111111 546.913944902979 5.22281718469639e-11 984488.68750000
16051047 51.5255324074074 544.625844581029 1.37772421410637e-11 962772.56250000
16051048 51.5382060185185 549.164587605535 1.07185982909447e-11 950916.68750000
16051049 51.5557638888889 541.383094590524 1.08275018567644e-11 921687.87500000
16051050 51.5760069444444 545.103416382454 2.41530472597352e-11 920279.25000000
16051051 51.583912037037 548.370073545396 1.86026208256908e-11 889524.43750000
16051052 51.5970833333333 556.779446075297 1.37976840234738e-11 876964.25000000
16051056 51.6133680555556 545.216653456019 1.07479356279898e-11 850435.31250000
16051057 51.6341666666667 557.370683783788 1.09994647136295e-11 831301.56250000
16051058 51.6523842592593 543.482118109166 1.47160662029589e-11 803129.25000000
16051059 51.6635416666667 535.522571769462 1.26298313373665e-11 790099.50000000
16051060 51.6832638888889 553.318592107815 1.70194692097241e-11 805711.68750000
16051101 51.885462962963 544.123570778711 9.49356241321543e-12 987892.87500000
16051102 51.9005439814815 544.231114981442 1.42192690982615e-11 938239.12500000
16051103 51.9073263888889 547.984868807224 7.81884493931661e-12 933074.18750000
16051104 51.9308333333333 538.031506298973 4.40006140816968e-11 846913.75000000
16051105 51.9359606481482 542.196283195114 2.09032933509938e-11 859121.75000000
16051106 51.945775462963 552.553321136384 4.92622704972261e-11 834236.18750000
16051107 51.9484375 539.937737340573 1.86979884595729e-11 835527.43750000
16051108 51.9566435185185 551.846370222215 4.10418630676614e-11 796673.06250000
16051109 51.9593171296296 531.81964446467 3.38764309086802e-11 820150.06250000
16051110 51.9622106481482 546.028711813138 2.56725885858295e-11 799842.43750000
16051111 51.9673148148148 557.706083771735 2.31169929308223e-11 795381.81250000
16052013 52.2808680555556 532.318633982885 9.74912765122446e-12 1092483.12500000
16052015 52.3025347222222 534.967140662764 9.78517486576991e-12 1071001.62500000
16052016 52.3210763888889 525.000247094204 1.02142556510147e-11 1059497.87500000
16052017 52.3405555555555 540.763941454734 2.55270155696532e-11 1016300.06250000
16052018 52.3523032407407 544.455300302993 1.23278515291815e-11 964885.50000000
16052019 52.3691203703704 528.027783318037 1.23782012088062e-11 951034.06250000
16052021 52.3903240740741 545.331622016265 3.51135366307373e-11 903610.62500000
16052022 52.3956018518519 543.2843701397 3.18769669431371e-11 876494.75000000
16052023 52.4020833333333 532.122921640332 1.7209748669849e-10 857830.56250000
16052028 52.4211111111111 545.771132335782 1.16627585339988e-11 788221.37500000
16052030 52.4431944444444 546.251574456201 1.74398244150402e-11 756997.00000000
16052031 52.45125 538.443031093775 1.01267669350169e-11 727768.18750000
16052032 52.4716550925926 506.765354121206 3.04885558546614e-11 783056.43750000
16052034 52.4786689814815 533.658380257156 1.37292395496624e-11 780004.43750000
16052035 52.4924421296296 522.897341239501 5.37328176403675e-10 777304.56250000
16052036 52.4994907407407 527.496722664579 4.30424291948107e-11 758288.25000000
16052037 52.5014814814815 540.928403033766 1.74306672780744e-11 758992.56250000
16052038 52.51 558.588718224783 1.43413618189626e-11 763805.31250000
16052039 52.5226967592593 539.360095593305 5.00348299666242e-11 745493.31250000
16052040 52.525462962963 534.014432726193 1.74568495407596e-11 741619.62500000
16052041 52.5334143518519 537.346559948418 1.10817155302336e-11 736572.06250000
16052042 52.5514351851852 533.516056471427 4.42278910040377e-11 728355.12500000
16052043 52.5542708333333 550.789434929484 7.18017570749246e-11 696074.31250000
16052044 52.5571527777778 549.765511873215 9.53479164394853e-12 711216.93750000
16052045 52.5769791666667 540.621935999885 1.92655977037309e-11 695370.00000000
16052046 52.5823263888889 534.061135252119 5.78475456922066e-10 709690.93750000
16052048 52.5898032407407 545.018804871019 4.43849299238647e-11 697835.06250000
16052049 52.5931944444444 536.367601652419 1.09016490564586e-11 689618.12500000
16052050 52.6128819444444 539.570375728046 1.76089280263375e-11 667080.25000000
16052051 52.6192476851852 537.382453922241 2.47071372233683e-11 670954.00000000
16052087 52.9683796296296 576.148653344865 9.35051002170613e-12 1075227.50000000
16052088 52.9803009259259 552.249575430309 1.05255035107724e-11 1059732.62500000
16052089 52.9940162037037 545.312874491937 8.68716556998117e-12 1050811.37500000
16053001 53.014525462963 551.87520463095 3.78284837763048e-11 1009374.31250000
16053002 53.0172916666667 563.051549779879 9.28035758326693e-12 980967.18750000
16053003 53.0394212962963 535.417057345081 9.87962462325196e-12 955494.68750000
16053004 53.0619560185185 529.345236167967 1.12150016608067e-11 918635.87500000
16053005 53.0846643518518 539.041604340733 2.71060050379917e-11 869216.87500000
16053006 53.1081944444445 533.895986719 1.02082626163402e-11 842453.12500000
16053007 53.1293865740741 531.067046852896 1.08465475371833e-11 818037.12500000
16053008 53.1472222222222 550.185989480484 1.22502186912149e-11 777656.75000000
16053009 53.1656018518518 549.180836179231 9.8995754695082e-12 779769.68750000
16053010 53.1873148148148 534.819815337706 1.05312040574028e-11 738685.00000000
16053011 53.2090509259259 535.667166802665 1.62370006947524e-11 727181.31250000
16053012 53.2177199074074 529.627646342205 1.16613065409519e-11 716147.12500000
16053017 53.244537037037 538.974678394393 1.83883184806387e-11 694783.06250000
16053019 53.2529398148148 522.994774879689 1.72442687358398e-11 701943.56250000
16053030 53.2901273148148 538.773672727394 1.7524075312869e-11 653346.25000000
16053031 53.2985763888889 542.258752728357 1.46495899460453e-11 648416.12500000
16053043 53.4778935185185 559.326155952658 7.70064395037571e-12 1297437.75000000
16053044 53.5005671296296 549.982348568619 1.78244455210816e-11 1219376.62500000
16053045 53.5067476851852 548.918455275707 1.37083431313211e-11 1166435.87500000
16053046 53.5256481481482 551.173997590731 1.17413140282697e-11 1119599.12500000
16053047 53.5439236111111 561.653441354544 1.11648584162213e-11 1081096.75000000
16053048 53.5620023148148 558.457262182837 1.16462311435999e-11 1030621.06250000
16053049 53.5822569444444 542.461125878802 3.55684612921544e-11 1010548.18750000
16053051 53.5908101851852 552.297174715373 2.47081334278813e-11 975450.12500000
16053052 53.5958564814815 548.245949169643 1.14374006129569e-11 985545.18750000
16053053 53.6146412037037 546.590803128355 2.8284963781601e-11 926970.18750000
16053054 53.6208564814815 540.365959784366 1.11229783131863e-11 930139.56250000
16053055 53.638912037037 556.039687710483 1.26079405644324e-11 911475.37500000
16053056 53.6503009259259 538.765677539078 1.18438043683504e-11 880837.93750000
16053057 53.669537037037 552.655390990368 1.39002330481682e-11 853252.56250000
16053058 53.6792476851852 557.591539006762 1.83410353380874e-11 851257.00000000
16053059 53.6848726851852 544.893668108594 1.06245249115546e-11 865460.56250000
16053060 53.7068055555556 547.490177001674 1.89424262565443e-11 819445.75000000
16053061 53.7133796296296 555.074398026075 2.36536210188705e-11 820971.75000000
16053062 53.717962962963 538.978819029581 1.50071901790262e-11 795851.37500000
16053063 53.7283564814815 557.942415678894 1.01262031694507e-11 785638.87500000
16053064 53.7479513888889 547.996557718037 9.81009941904161e-12 758170.87500000
16053065 53.769375 532.358387340615 9.53808871150135e-12 732815.75000000
16053066 53.7930902777778 551.631640860123 9.28450949579469e-12 705817.25000000
16053067 53.8145486111111 546.92770326904 1.63276249722778e-11 720372.93750000
16053073 53.8991435185185 557.465846558593 8.27402631912728e-12 1385594.12500000
16053074 53.9206018518518 551.104467801233 8.23868756559005e-12 1285112.37500000
16053075 53.9421296296296 547.027657040465 1.2732680537437e-11 1206933.75000000
16053077 53.9655092592593 546.746556283208 2.61373896313106e-11 1144132.62500000
16053078 53.9722800925926 557.031600565595 1.01871268435846e-11 1140376.25000000
16053079 53.9938773148148 544.186773588391 9.97052805643945e-12 1069710.37500000
16054001 54.0153935185185 548.735999333179 1.64529003988486e-11 1046702.87500000
16054002 54.0244675925926 540.593979225519 2.88225042839553e-11 1030151.50000000
16054003 54.0304976851852 27879.90733454 3.32900775025064e-08 986484.25000000
16054005 54.0371643518518 541.823926207404 1.01133255038948e-11 975332.75000000
16054006 54.0604976851852 553.191581591594 1.09224739873948e-11 938356.50000000
16054007 54.0791435185185 542.859723448093 9.91238728168302e-12 902906.31250000
16054010 54.103287037037 546.101889790671 9.84735950602092e-12 868043.00000000
16054011 54.125 563.679042548938 1.499701269781e-11 845153.00000000
16054012 54.1397453703704 563.020753697914 8.88857258756767e-12 796555.68750000
16054013 54.1616782407407 554.233917635529 9.24326022687138e-12 778478.43750000
16054014 54.1837384259259 547.649118762279 1.15132356476788e-11 732581.00000000
16054015 54.1999074074074 547.347222896325 3.42690036402493e-11 710747.43750000
16054016 54.2035185185185 559.895452419385 8.87055711531949e-11 720372.93750000
16054017 54.2046875 549.742067366798 3.363371952721e-11 684453.25000000
16054018 54.2074305555556 536.124408098685 5.11477925468977e-11 709338.81250000
16054019 54.2090625 544.084939183999 9.2730783131324e-12 706873.68750000
16054020 54.2308217592593 531.934745294895 1.17182184729212e-11 686448.75000000
16054021 54.2481828703704 549.66665355098 2.44037793716054e-11 685157.56250000
16054022 54.2549884259259 542.203585844315 3.31489608489364e-11 652994.12500000
16054059 54.5834953703704 565.283630198059 6.97769971428906e-12 1278421.37500000
16054060 54.6094675925926 549.802865820803 1.11376664766513e-11 1146010.75000000
16054061 54.6209027777778 568.478457796352 5.74357595907482e-11 1135328.75000000
16054062 54.6241550925926 562.142985460195 1.38349851135888e-11 1132981.00000000
16054063 54.6316435185185 557.532304848939 1.17802237509489e-11 1130281.12500000
16054064 54.6484027777778 560.95734826014 1.5800460790648e-11 1062902.00000000
16054069 54.6642939814815 546.922756667517 1.56624720471702e-11 1008200.43750000
16054070 54.6816782407407 547.242623843577 1.38670190033033e-11 1005500.62500000
16054072 54.7055439814815 562.173852441033 1.26342310253738e-11 950447.12500000
16054073 54.7170949074074 575.291540353692 5.89158580199354e-11 914879.56250000
16054074 54.7184953703704 537.902131195684 8.5680559818321e-11 935304.50000000
16054075 54.7208449074074 543.457698269546 2.06881911527505e-11 923683.43750000
16054077 54.7269560185185 552.449348868672 2.18052195024386e-11 901497.68750000
16054078 54.7314699074074 539.961869817437 9.88559337183598e-12 885298.56250000
16054079 54.7529861111111 540.027625283965 9.61234945304329e-12 873442.75000000
16054080 54.8107175925926 548.99890564575 8.54302526925267e-12 795029.68750000
16054082 54.8397106481481 546.906639938005 7.15856201367904e-12 771904.87500000
16054086 54.8842361111111 538.181128712124 1.13616640182279e-11 733520.06250000
16054087 54.9010069444444 541.55697075245 1.79563426140974e-11 710630.00000000
16055002 55.0092708333333 549.91209397049 7.38447660018158e-12 1169253.12500000
16055003 55.0333796296296 519.069385785235 9.38665630982878e-12 1069827.75000000
16055004 55.0567476851852 524.26785234392 9.3412831108791e-12 1009256.93750000
16055005 55.0856481481481 530.094690000138 1.39184484265283e-11 909245.06250000
16055006 55.1020601851852 542.170814101724 7.0228495527124e-11 893750.31250000
16055007 55.105474537037 539.531841053262 9.80277490438277e-12 882716.12500000
16055008 55.1300810185185 533.912599680612 5.08309292521454e-11 848791.93750000
16055009 55.1333564814815 521.331246418161 1.7633952592193e-11 841983.62500000
16055010 55.1421064814815 524.759754304426 8.5713036349867e-12 797025.25000000
16055011 55.1747685185185 530.931822661035 8.32120676782389e-12 775309.06250000
16055012 55.2079513888889 532.281919718011 8.27557808319834e-12 738215.43750000
16055013 55.2399768518518 522.477019103907 1.18963360037215e-11 708986.62500000
16055014 55.2603472222222 533.745504929137 1.71348949354374e-11 691261.56250000
16055018 55.273587962963 530.132649641465 3.01493574299179e-11 645246.68750000
16055019 55.2883449074074 520.537359533787 1.51133934251352e-11 657219.93750000
16055021 55.3037731481481 530.61714970408 9.77016464300397e-12 625056.50000000
16055022 55.324537037037 544.777254815208 9.78468743993337e-09 617661.31250000
16055024 55.3327199074074 535.297870864351 1.61967481913753e-11 589136.81250000
16055025 55.3447453703704 529.144329619289 4.25841892451668e-11 589136.81250000
16055120 55.7071296296296 580.717141048533 7.57574581248261e-12 1430317.87500000
16055121 55.7289930555556 559.312115369198 6.77227718989406e-12 1355660.87500000
16055122 55.7608912037037 543.3309383897 9.98639069488223e-12 1292625.00000000
16055123 55.7797685185185 547.723308638973 8.22298205349925e-12 1177822.25000000
16055124 55.8094212962963 23453.8210597339 5.1816875939176e-07 1088139.87500000
16055125 55.8120138888889 546.348567493361 1.13407284642283e-11 1095417.75000000
16055127 55.8319791666667 3634.63931553463 1.0194392710833e-09 1052337.37500000
16055128 55.8339930555556 557.945338745986 6.99917225718023e-12 1033673.06250000
16055129 55.8621296296296 544.238938799549 7.00861882101918e-12 977093.50000000
16055130 55.8963657407407 546.994425700044 6.03475970955924e-12 903728.00000000
16055131 55.9362962962963 543.237692206698 7.61225648800716e-12 865460.56250000
16055132 55.9668981481481 538.769589603041 1.88812473717107e-11 816628.50000000
16055133 55.9718981481481 541.794015908186 7.3700423327452e-12 820736.93750000
16055134 55.9993981481481 552.26183444338 8.54131423667637e-12 787047.50000000
16056004 56.0257175925926 530.028503968727 9.05152212330717e-11 754884.06250000
16056016 56.1417013888889 550.050725171134 5.84479179336814e-12 1150706.25000000
16056017 56.1814467592593 561.433988728993 7.910619286646e-12 1017239.12500000
16056018 56.2113310185185 544.01646321182 9.30727932220038e-12 955612.06250000
16056019 56.2402893518518 541.735225416615 1.29418709215006e-11 899502.12500000
16056020 56.2598726851852 541.917567111161 5.39412645200121e-11 860765.18750000
16056021 56.2624537037037 532.511147780301 2.80647266804218e-11 854426.37500000
16056022 56.2658101851852 545.43379826329 8.0587687461872e-12 828366.93750000
16056023 56.2996296296296 520.48508647835 1.05172598393397e-11 807589.87500000
16057003 57.0640972222222 573.783558260838 6.18786702396397e-12 1305420.00000000
16057004 57.0982638888889 554.464157306742 8.5111564119037e-12 1153523.50000000
16057005 57.126412037037 562.891190007251 8.85499148865675e-12 1055389.37500000
16057006 57.1538888888889 532.12386355589 2.78443519725267e-11 1064428.00000000
16057007 57.1639351851852 547.423815921692 1.2875798759651e-11 1016417.43750000
16057008 57.1770486111111 572.903206046812 1.94086806742451e-11 988832.00000000
16057009 57.1832060185185 559.564010728279 9.07539352385809e-12 978032.56250000
16057010 57.2091087962963 560.097288725761 1.2811654604872e-11 923331.25000000
16057011 57.2223032407407 547.532148260598 3.96278305391575e-11 916053.37500000
16057012 57.2316319444444 547.732734941711 8.11957666722414e-12 907953.87500000
16057013 57.2671527777778 553.715764478281 7.73777981124462e-12 872151.50000000
16057015 57.2999421296296 578.883133645205 1.48904438609791e-11 829893.00000000
16057016 57.3053125 552.305020446373 9.43559423249412e-12 804890.00000000
16057017 57.3272916666667 541.242606216134 9.15566093071369e-12 780239.18750000
16057018 57.3494212962963 542.657687266942 1.04908904825775e-11 778948.00000000
16057046 57.7843287037037 565.156522571679 9.65719338712351e-12 1449569.12500000
16057047 57.7984375 555.612988673141 1.90198785964618e-11 1354604.37500000
16057048 57.8053587962963 569.777852746115 1.00375841920166e-11 1339931.25000000
16057049 57.8201273148148 553.615234022388 1.28361847378204e-11 1278421.37500000
16057050 57.8363657407407 550.448499167923 1.10988355810195e-11 1237688.75000000
16057051 57.8581018518518 554.364256637884 1.22564097983636e-11 1173126.75000000
16057053 57.8802083333333 560.268596463867 1.82778869917231e-11 1149415.00000000
16057054 57.8869444444444 533.091298099637 2.68104328023658e-11 1118073.12500000
16058001 58.0010648148148 560.591446704609 8.1167107033682e-12 1453677.62500000
16058002 58.0226157407407 557.698546881714 7.88342425011276e-12 1304715.62500000
16058005 58.0501273148148 558.090884674419 1.86750828568414e-11 1226067.50000000
16058006 58.059212962963 557.432577044798 8.33101044942406e-12 1216442.00000000
16058007 58.0927083333333 548.372648279946 6.00919448509491e-11 1084148.75000000
16058008 58.0980439814815 542.207253451223 1.08063648569783e-11 1097530.62500000
16058015 58.1463425925926 550.624002759306 8.5598864133224e-12 995170.75000000
16058016 58.1797800925926 548.951358842273 1.6833833879699e-11 952207.93750000
16058017 58.1877199074074 542.903244668411 8.81766730321174e-12 920748.81250000
16058018 58.2170601851852 536.828442557858 1.01496083420769e-11 905723.56250000
16058019 58.2416898148148 557.658350980498 8.70772775834138e-12 876259.93750000
16058020 58.2651851851852 549.829982379665 1.6155788548062e-11 843861.75000000
16058021 58.2807060185185 547.199290012599 8.70096228602119e-12 824375.87500000
16058022 58.3087268518519 557.481646399176 8.61013681290901e-12 812050.50000000
16058023 58.3332175925926 558.001762947555 9.65123896810857e-12 785756.31250000
16058024 58.3549421296296 542.30144532057 1.18073540606124e-10 752888.56250000
16058025 58.3631365740741 541.761765557253 4.13923178825978e-11 747841.00000000
16058026 58.3664351851852 543.914286996156 1.03913216726337e-11 745141.18750000
16058070 58.6064351851852 556.45456623461 5.02778806403634e-10 1581158.00000000
16058071 58.6077546296296 578.789160243684 3.89595735246584e-11 1553572.50000000
16058072 58.610474537037 622.183967544699 1.02367454582038e-10 1530682.37500000
16058073 58.6123032407407 555.209716626203 5.97002110412721e-11 1530917.12500000
16058074 58.6174074074074 499.123314977334 3.17931474486749e-11 46936.52343750
16058077 58.6283101851852 562.614557653761 9.19103413505164e-12 1463303.25000000
16058078 58.6538078703704 543.045684281886 9.35344149291528e-12 1324084.25000000
16058079 58.6752777777778 566.46428712981 8.93007797632965e-12 1212920.37500000
16058080 58.6960185185185 547.251640514784 1.34315104981427e-11 1161270.87500000
16058082 58.7217824074074 536.207957689007 9.89417261948431e-12 1109973.50000000
16058083 58.7399189814815 542.975469826968 4.93630913608516e-11 1084148.75000000
16058084 58.7414236111111 552.751384029934 1.66108647600943e-11 1108447.50000000
16058085 58.7554398148148 546.493400189578 1.03388663869886e-11 1083561.87500000
16058086 58.7787037037037 532.831898968597 1.0804306895186e-11 1025808.25000000
16058087 58.7962615740741 553.026670262878 9.78793656961628e-12 964415.93750000
16058088 58.8135069444444 546.534392949318 1.03704842302288e-11 941056.37500000
16058089 58.8328819444444 538.560322812334 1.01793388388602e-11 906897.37500000
16058090 58.8497453703704 545.751218328738 1.17372876280392e-11 889289.68750000
16058091 58.8663194444444 547.49307697345 9.61259725782919e-12 823554.18750000
16058092 58.885787037037 557.531770707618 2.22132224696869e-11 828249.56250000
16058093 58.889537037037 549.713275048073 1.09765445419311e-11 819563.12500000
16058095 58.9125347222222 539.578805001885 1.03148147975949e-11 793621.06250000
16058096 58.9298842592593 528.800028807557 1.1188349451927e-11 768031.18750000
16058100 58.9515162037037 539.886674893326 2.31960037858742e-11 713799.43750000
16059008 59.0646759259259 549.579287481895 9.01332725966866e-12 1598531.00000000
16059009 59.0793402777778 558.649733207627 9.02474621272727e-12 1540542.75000000
16059010 59.1065972222222 550.055803273243 3.12219137848996e-08 1415879.50000000
16059011 59.1293634259259 543.501167794863 1.13530820723993e-11 1363173.50000000
16059012 59.1440162037037 556.790481839524 1.09938937421639e-11 1301076.75000000
16059013 59.1586342592593 535.396294059966 1.64415804718747e-11 1282882.00000000
16059015 59.2538310185185 569.890906392296 7.94938327464654e-12 1654993.37500000
16059016 59.2756134259259 543.008394027302 8.02632039688761e-12 1506266.25000000
16059017 59.2974305555556 537.958424772578 9.02584337940324e-12 1490419.25000000
16059018 59.3213541666667 530.646552378644 3.48764942146133e-11 1392050.37500000
16059019 59.3401041666667 541.365860955619 9.00986201360816e-12 1335118.50000000
16059020 59.3723263888889 548.026108160909 3.82160250764115e-11 1258113.75000000
16059021 59.3742824074074 563.064472328646 3.201513263134e-11 1231349.87500000
16059022 59.3761689814815 526.582130992256 1.00013831459991e-11 1227593.50000000
16059023 59.4052546296296 545.360697899246 8.30151995119408e-12 1159627.50000000
16059024 59.4287037037037 546.97580504995 8.20189300298505e-12 1137324.25000000
16059025 59.4530671296296 540.094917098363 1.29336043735652e-11 1079336.00000000
16059026 59.4751273148148 534.789241609837 1.54504772655946e-10 1052454.75000000
16059027 59.4872337962963 541.804901760324 4.0245998610573e-10 1044707.31250000
16059028 59.4936574074074 546.759782152777 1.5010362061773e-11 1022286.68750000
16059029 59.5021759259259 559.636797550717 3.34704346751679e-11 996344.62500000
16059030 59.5045486111111 541.823604846481 8.0003011786002e-12 1014187.12500000
16059031 59.5289351851852 548.458901667294 7.85759755451679e-12 959133.62500000
16059041 59.567962962963 530.711949915721 1.69274098107546e-11 907601.68750000
16059062 59.893287037037 537.675373365671 6.9214638276363e-12 1548524.87500000
16059064 59.9244212962963 545.39900594933 1.05281293290907e-11 1394750.25000000
16059065 59.9363425925926 531.449772996964 1.40125985497724e-11 1352843.62500000
16059066 59.9479398148148 520.917049174869 1.77027469411132e-11 1327723.25000000
16059067 59.9561458333333 543.581943403648 8.44135324093495e-12 1301898.37500000
16059068 59.9813425925926 540.93694544168 3.87553317308216e-11 1224189.37500000
16059069 59.9946990740741 532.403442486957 8.4122740040789e-12 1180287.25000000
16060001 60.026724537037 530.912427424321 1.07211087300223e-11 1084148.75000000
16060002 60.048287037037 546.721427479927 9.74610830203363e-12 1042124.81250000
16060003 60.0650694444444 545.639726388759 9.01138470009671e-12 1026277.81250000
16060004 60.0903009259259 532.498790032801 8.39907916795321e-12 957490.25000000
16060005 60.1153819444444 527.628033642563 1.14600794634669e-11 931313.43750000
16060008 60.1677083333333 506.902692792171 1.22431471364066e-11 847383.31250000
16060011 60.1911342592593 522.905921477654 9.7803391209162e-12 829658.18750000
16060014 60.2174884259259 518.943224305751 1.55585262310878e-11 781413.06250000
16060016 60.3280324074074 550.901020169383 2.18643538844215e-11 1674244.50000000
16060017 60.3383449074074 559.767073812542 5.48966158002221e-11 1531973.62500000
16060018 60.3402893518519 562.310051697855 1.43337994528111e-10 1551107.37500000
16060025 60.3574189814815 538.334505461484 9.79641840962206e-12 1498753.50000000
16060026 60.3867708333333 528.903211017921 3.12795706921922e-11 1375733.75000000
16060027 60.3965277777778 522.970524117511 1.31127021108332e-11 1344626.62500000
16060028 60.4184259259259 547.607272953608 1.97265310874313e-08 1290512.12500000
16060030 60.4258564814815 540.84680107951 4.97541070616503e-10 1261048.37500000
16060031 60.4284027777778 529.623420743875 1.3202333569376e-11 1253300.87500000
16060032 60.4475462962963 541.521885514858 6.69126379383454e-11 1217615.75000000
16060034 60.456087962963 534.506074474383 3.87873096388961e-10 1177939.62500000
16060036 60.4647916666667 730.003547358678 1.83321388335482e-05 1153171.25000000
16060037 60.4662384259259 531.525334424781 1.14865662172243e-11 1119364.37500000
16060038 60.4917361111111 536.179540493454 8.32515007398346e-12 1063958.50000000
16060039 60.5168865740741 513.666442301942 1.23202926508072e-11 993175.18750000
16060040 60.5383333333333 537.358424900754 9.35564572289939e-12 1006674.43750000
16060041 60.5603587962963 539.714973647305 1.96882447166862e-11 999044.43750000
16060042 60.5711689814815 519.904523286033 6.18865104464405e-11 946925.62500000
16060043 60.5809259259259 0 1.18110938165653e-05 931665.56250000
16060044 60.5844212962963 522.914145553681 9.85209549592972e-12 922626.93750000
16060045 60.6077777777778 516.067730112113 9.6239552684108e-12 897154.43750000
16060046 60.6300462962963 520.64756604565 1.05119586757537e-11 865343.18750000
16060053 60.7572569444444 554.870417544962 7.06981942088662e-12 1243792.75000000
16060054 60.7780787037037 547.389234825474 8.44365689904721e-12 1194021.37500000
16060055 60.7997222222222 557.657258191381 8.04082785445095e-12 1113495.12500000
16060056 60.8230324074074 545.68834569957 8.5649772573858e-12 1054332.87500000
16060057 60.8447800925926 538.710379883066 2.29141193461374e-11 964533.31250000
16060058 60.8587847222222 547.857560466975 1.23834311641594e-11 963476.87500000
16060059 60.8758101851852 541.560226208878 7.6899976992426e-12 919457.56250000
16060060 60.9019907407407 535.484172801065 8.60928751164117e-12 847265.93750000
16060061 60.9236226851852 544.09898753654 7.38247093389855e-12 802894.50000000
16060062 60.9522222222222 533.874836684939 8.02628720949964e-12 760988.12500000
16060063 60.9807060185185 547.194128877932 2.1800386952969e-11 734576.50000000
16060064 60.990162037037 1071.23524530793 4.09783025896821e-09 697952.50000000
16060065 60.9931018518519 548.034820444655 8.69599391208363e-12 686683.56250000
16061008 61.1722453703704 541.864870471555 7.96053039996722e-12 1628346.87500000
16061009 61.1940509259259 530.093666401743 1.01265149993739e-11 1560263.37500000
16061010 61.2126273148148 561.212954642205 1.49653997650418e-11 1461659.75000000
16061011 61.2227546296296 548.61092069007 8.80916770691147e-12 1413062.25000000
16061012 61.2494907407407 531.551734901691 2.0075128163388e-11 1345213.62500000
16061013 61.2562268518518 550.289895584056 5.79742606263531e-11 1314458.62500000
16061014 61.2677430555556 530.770804041732 8.79530544869077e-12 1297320.37500000
16061015 61.2998148148148 548.351836633584 8.48061267856155e-12 1198012.50000000
16061016 61.3221527777778 527.578647338259 9.28028045049617e-12 1154110.37500000
16061017 61.3439467592593 539.464778005728 8.28471911252448e-12 1097061.12500000
16061018 61.3669444444444 541.949627355096 9.98575345450279e-12 1081918.37500000
16061019 61.3921527777778 537.441232994906 1.96613038943305e-11 1035081.68750000
16061035 61.5154166666667 551.835401028867 1.01865463511451e-11 1380077.00000000
16061037 61.5397337962963 547.730460295766 8.23561137384066e-12 1266682.87500000
16061038 61.5637962962963 552.638317155921 9.38295309785577e-12 1211394.37500000
16061039 61.5863888888889 560.972676034582 8.09959882325173e-12 1148123.75000000
16061041 61.6099884259259 547.775685243139 1.93852340197663e-11 1107038.87500000
16061042 61.6145601851852 559.369051673588 7.74015516121171e-12 1085674.75000000
16061049 61.6477777777778 531.496907556335 2.58292955456227e-11 973454.56250000
16061060 61.6877893518519 535.459027222093 2.30647701709564e-11 939530.37500000
16061061 61.6922800925926 547.037293427526 8.55997936114397e-12 948099.43750000
16061062 61.7143634259259 532.901695443501 1.1552501127361e-11 920866.18750000
16061075 61.7752430555556 537.069816856399 1.07893121926618e-11 799959.87500000
16061076 61.7991435185185 556.031066531244 2.55218196934804e-09 767444.25000000
16061077 61.8083101851852 548.654038612724 8.56493071051769e-12 743145.62500000
16061078 61.8313773148148 546.265459628431 1.15903241773286e-11 734224.37500000
16061083 61.9870717592593 556.367053235338 1.06717048962506e-11 1690678.50000000
16061084 61.9995486111111 543.770993399073 2.27446932394005e-11 1643372.25000000
16062001 62.0105787037037 573.641248541184 1.10648073535635e-10 1543712.12500000
16062002 62.0119212962963 566.250229662721 6.32076795825059e-11 1561906.87500000
16062003 62.0140509259259 546.378443667309 2.18201909084952e-11 1573058.37500000
16062004 62.0216666666667 544.229307573646 5.22807941445812e-11 1528569.37500000
16062005 62.0234606481482 559.927786826093 1.03869195858742e-10 1541012.25000000
16062006 62.0248611111111 557.173157025094 8.6964458541428e-12 1525869.50000000
16062008 62.0750578703704 781.031817385096 0.000126218524045719 1176883.12500000
16062009 62.078275462963 617.428639398735 4.08854444364536e-10 1127229.12500000
16062010 62.0805439814815 555.222628609974 1.30409432083604e-11 1126759.62500000
16062011 62.1062615740741 570.972724672344 1.60754677668768e-10 1021347.62500000
16062012 62.1075462962963 544.203081529039 1.52094125897171e-11 1004209.37500000
16062013 62.1151157407407 556.887931217772 2.46744086961046e-11 987658.12500000
16062014 62.1245601851852 607.786971488183 1.71735367746886e-10 845153.00000000
16062015 62.1264236111111 541.943627030289 1.09355558326404e-11 943051.87500000
16062016 62.1414930555556 533.627376816708 1.2452104321588e-11 891520.00000000
16062017 62.1572337962963 547.669748444048 8.75456465510404e-12 846092.06250000
16062018 62.1802199074074 530.392534691576 9.86010155233961e-12 836701.31250000
16062019 62.2019560185185 548.629540654662 8.55176304229529e-12 805476.93750000
16062020 62.2235763888889 541.226362278667 2.25701822551349e-11 756997.00000000
16062021 62.2323842592593 557.323988373667 3.97748955092157e-11 729059.43750000
16062022 62.2387962962963 539.380076111649 9.19577722506086e-12 726946.50000000
16062023 62.2605324074074 525.776422586444 9.52514412684539e-12 681636.00000000
16062024 62.2821875 535.906388997024 8.54501710813212e-12 664380.43750000
16062025 62.3066782407407 541.927030615171 1.93815079563488e-11 630925.75000000
16062045 62.663900462963 540.106565251717 9.37109262388352e-12 1278773.50000000
16062046 62.678900462963 544.999705056056 2.65892578792956e-11 1201299.25000000
16062047 62.6832638888889 538.359184702968 8.28910772759555e-12 1188269.50000000
16062049 62.7111689814815 526.07414878064 1.14997417574819e-11 1098587.12500000
16062050 62.7328125 559.551217129477 3.18925258251579e-11 1031090.62500000
16062051 62.7368055555556 548.942121381992 8.26520590064468e-12 993879.50000000
16062052 62.7593055555555 534.9756891512 1.77343148396199e-11 964768.06250000
16062053 62.770787037037 555.300231106878 8.99482630791405e-12 936830.50000000
16062054 62.7994560185185 544.671563445537 8.22225063904724e-12 889876.62500000
16062055 62.8219444444444 540.437316693388 8.89323239367837e-12 824845.43750000
16062056 62.8427314814815 531.315325563626 7.93857186501234e-12 791390.75000000
16062057 62.8684953703704 538.289117193596 8.68517681157968e-12 757466.56250000
16062058 62.8902199074074 554.851369228273 8.12155977945311e-12 722485.87500000
16062078 62.9877314814815 526.009369618121 1.03045257692077e-11 1528452.00000000
16063001 63.002037037037 543.739037264931 1.07404053906926e-11 1457433.87500000
16063002 63.0206365740741 537.961390117591 1.2797413613107e-11 1375499.00000000
16063003 63.0358680555555 541.426964144118 9.38234626749122e-12 1341574.62500000
16063004 63.0583796296296 538.289381002806 1.0087300477565e-11 1242736.25000000
16063005 63.0816666666667 525.963078445419 1.75768782674072e-11 1163736.00000000
16063006 63.096087962963 526.330204445757 3.76464540372669e-11 1134741.75000000
16063007 63.1010763888889 536.525839011823 9.20430933034638e-12 1123942.37500000
16063091 63.7904513888889 547.704657412492 1.29449681243169e-11 1552868.12500000
16063092 63.7986342592593 555.878520283182 1.02423453269816e-11 1498753.50000000
16063093 63.8175115740741 544.679469521908 9.01529198550899e-12 1407310.37500000
16063094 63.8389467592593 541.09593251037 1.01893924862827e-11 1323849.50000000
16063095 63.8619675925926 538.710116402697 1.91808686931299e-11 1238510.37500000
16063096 63.8714351851852 668.010512851324 1.33402308110599e-10 1192378.00000000
16063097 63.8736574074074 639.731222893958 1.85642039254645e-10 1179583.00000000
16063099 63.8791319444444 556.019926109348 1.64508754439231e-10 1131807.12500000
16063100 63.8891087962963 536.772996248044 1.25767180314526e-11 1097648.00000000
16063111 63.9458217592593 554.699684210147 8.69108995697396e-12 942465.00000000
16063112 63.9654166666667 533.609121841383 8.47425641230091e-12 896567.50000000
16063113 63.9891319444444 522.872105071786 9.3509667734619e-12 850317.93750000
16064001 64.0104513888889 535.847303811706 1.13869410159555e-11 834823.12500000
16064002 64.0255439814815 548.525598033086 1.24075089608746e-11 798199.06250000
16064006 64.1098032407407 569.725983498195 1.67737052719874e-11 1615551.87500000
16064007 64.1171064814815 551.046851463951 9.3965480532994e-12 1553455.12500000
16064008 64.1425231481482 532.754834335372 9.42941474949471e-12 1493706.00000000
16064009 64.1672800925926 529.805680707913 1.01248817382805e-11 1384655.00000000
16064010 64.1894444444444 539.238922584817 9.00750939534177e-12 1307415.50000000
16064013 64.2146990740741 528.600023611324 5.23951984304183e-11 1257409.37500000
16064014 64.2195949074074 532.55092723292 6.64955347636361e-11 1232171.62500000
16064016 64.2239699074074 519.409787007962 1.71071498835782e-11 1244849.25000000
16064017 64.2317361111111 521.7323512888 2.8454169262257e-11 1195195.25000000
16064018 64.2382523148148 547.664347588096 9.54389417707396e-12 1182869.75000000
16064019 64.2847685185185 529.753859626402 1.53397322601827e-11 1046233.31250000
16064020 64.2965972222222 516.085572501318 1.48352335054571e-11 1060319.50000000
16066022 66.4352083333333 538.701347362789 1.16366334576144e-11 1181937.62500000
16066023 66.4526388888889 541.42509076942 8.77050333771983e-12 1116254.75000000
16066024 66.4743402777778 547.905299057688 8.2616817369141e-12 1085810.75000000
16066025 66.4987384259259 553.45782709121 1.63809387821856e-11 1043657.75000000
