16044110 44.800150462963 0.0525001991842917 0.000721994105838577 30.00000000
16044111 44.8059837962963 0.0530414477915159 0.000455060576255204 30.00000000
16044112 44.8182638888889 0.0522094121043954 0.000749023096295663 30.00000000
16044113 44.8257291666667 0.0522967098789843 0.00072940792565468 30.00000000
16044114 44.829837962963 0.0504666866542749 0.000501995891704082 30.00000191
16044115 44.834837962963 0.050598025745122 0.000276382647354508 30.00000000
16044120 44.849525462963 0.0498422907529789 0.000234316188335098 30.00000191
16044123 44.8721990740741 0.0479971906532764 0.00056017506835777 30.00000191
16044133 44.9576736111111 0.0488833054300584 0.000509057545171856 30.00000000
16044134 44.9634490740741 0.0490552713964871 0.000483206037993219 30.00000191
16044135 44.9701851851852 0.0483820097518745 0.000694852461371294 30.00000191
16044136 44.974849537037 0.0504827189800301 0.000767697492487541 30.00000000
16044138 44.9892939814815 0.0484631541699886 0.000431212722562214 30.00000000
16044139 44.9945138888889 0.0496786906736337 0.000157711672023504 30.00000191
16045001 45.0234375 0.0486906059748655 0.000633225934947876 29.99999619
16045032 45.0671412037037 0.0463533172963431 0.000143076748730451 30.00000000
16045033 45.0986805555556 0.0486751959302372 0.000178855098361868 30.00000191
16045042 45.2471527777778 0.0515112978385852 0.00127722801226092 30.00000000
16045043 45.2576157407407 0.0492276673987757 0.000123453146000364 30.00000191
16045044 45.2864699074074 0.0494020877413463 0.000177372671513324 30.00000191
16045045 45.3018865740741 0.0487931639811863 0.000138895632621349 30.00000000
16045047 45.3314351851852 0.0495094785683275 0.000282446353680737 30.00000191
16045048 45.3431944444444 0.0499656969340641 0.000577911857625844 30.00000381
16045049 45.3461458333333 0.0480376971302648 0.000546763022221172 30.00000000
16045052 45.3565162037037 0.0501187315715251 0.000135990038928069 30.00000000
16045054 45.3887152777778 0.0489752767688304 0.00019276954430371 30.00000000
16045055 45.4056481481481 0.0494898801673674 0.000416562077839972 30.00000000
16045056 45.4188657407407 0.0482350918634148 0.000254052109811895 30.00000381
16045067 45.4691435185185 0.0488202289503191 0.000185875247655299 30.00000000
16045068 45.4916898148148 0.0498596631889466 0.000213412311589074 30.00000191
16045070 45.514537037037 0.0487792975279653 0.000296054374015381 30.00000000
16045082 45.6144560185185 0.0505773265957607 0.00080676709919295 30.00000000
16045083 45.6172916666667 0.0504744529355417 0.000936476274472079 30.00000000
16045084 45.6199305555556 0.0509467819177685 0.0011676715708755 30.00000000
16045085 45.6215162037037 0.0503381522487482 0.000892506933787017 30.00000000
16045086 45.6241435185185 0.0509882143472798 0.000823068637281873 30.00000000
16045087 45.6276736111111 0.0492863388138249 0.0011295161941487 30.00000000
16045088 45.6301041666667 0.050426824410457 0.000892223601487607 30.00000000
16045089 45.631875 0.0499311135279646 0.000354183436371993 30.00000000
16045090 45.6420601851852 0.0509144529434136 0.000438618393413965 29.99999809
16045093 45.6491550925926 0.0517703923436645 0.00139534752534547 30.00000000
16045094 45.6507523148148 0.0514528538986019 0.000388855098949743 30.00000000
16045095 45.6545601851852 0.0498978682911261 0.00050279724532287 30.00000000
16045096 45.6568402777778 0.0559875847176701 0.00272628375111199 30.00000191
16045097 45.658900462963 0.0521540250074901 0.000961997085871438 30.00000191
16045098 45.6622685185185 0.0503151419423961 0.000536671733850119 30.00000000
16045099 45.6643634259259 0.0507389305450684 0.000691048510149917 29.99999809
16046074 46.824224537037 0.0478608662543943 0.000196266962432614 30.00000191
16046075 46.8419212962963 0.0478720913919577 0.000201459249904628 30.00000000
16046076 46.8590046296296 0.0469762732064491 0.000272658289824763 30.00000000
16046077 46.8684027777778 0.0468520896345674 0.000542629059230142 29.99999619
16046078 46.8713310185185 0.0452940435010048 0.000740414748484345 30.00000000
16046080 46.8746412037037 0.0472064592185004 0.000189990679254861 30.00000000
16046081 46.8947916666667 0.0479374514411933 0.000206029074759423 30.00000000
16046082 46.9132175925926 0.0471842330395727 0.000261401997630247 30.00000000
16046083 46.9244791666667 0.0474908374226629 0.00063224952202171 1.00000000
16047004 47.0439699074074 0.0520167153217483 0.000832019049674633 1.00000000
16047005 47.0463657407407 0.051499945917158 0.000176987318270728 1.00000012
16047008 47.0618287037037 0.0485687672530365 0.000174203204997564 1.00000000
16047009 47.0750347222222 0.0482422882479084 0.000751402713100849 1.00000000
16047101 47.7563310185185 0.0498078553533123 0.0013056512321765 1.00000000
16047102 47.7574537037037 0.0497994542735315 0.00134849957845795 1.00000000
16047103 47.7588078703704 0.0494509832181946 0.000699842861201491 1.00000000
16047104 47.7612962962963 0.0418923804258971 0.00288431737178653 1.00000000
16047106 47.7635648148148 0.0473756116758649 0.000137908973286476 1.00000000
16047108 47.7818865740741 0.0475884713495647 0.000231414467072177 1.00000000
16047121 47.8283680555556 0.0454981995923128 0.000149322308115818 1.00000000
16047122 47.8456597222222 0.0475454441834139 0.000158643347945762 1.00000000
16047124 47.8655439814815 0.0457341450516377 0.00015439688615594 1.00000000
16047125 47.8835069444444 0.0475229959615332 0.000161884013782223 1.00000000
16047126 47.9014930555556 0.0464014021301782 0.000204393070627076 1.00000000
16047131 47.9259837962963 0.0461873221190503 0.000173223540273802 1.00000000
16047136 47.9517013888889 0.0455620888812029 0.000166449160955249 1.00000000
16047137 47.9696180555556 0.0476448284855772 0.000175057104803184 1.00000000
16047138 47.9875810185185 0.0471820804455867 0.000173246773058005 1.00000000
16048001 48.005462962963 0.0465066197665051 0.000176199174513516 1.00000012
16048002 48.0232638888889 0.0459596098307463 0.000186925006643984 1.00000000
16048003 48.0492476851852 0.0470257169517076 0.000205761524041241 1.00000000
16048004 48.0643865740741 0.0473738325755947 0.000161748660919896 1.00000000
16048009 48.106099537037 0.0456479820274608 0.000199459709605071 1.00000000
16048011 48.2099768518518 0.04979344902156 0.000363843214789805 1.00000000
16048012 48.2157407407407 0.0476621648369084 0.000304358422819336 1.00000000
16048014 48.2508449074074 0.0478847869928104 0.000150086831641441 1.00000000
16048015 48.2765625 0.0470443855602413 0.000191987469522064 1.00000000
16048016 48.2911458333333 0.0479281669368448 0.000150724779955323 1.00000000
16048017 48.313287037037 0.0454118141288638 0.000158491765918499 1.00000000
16048018 48.333587962963 0.0477631205378806 0.000145433070865258 1.00000012
16048019 48.3581481481482 0.0463338971973047 0.000214796547037411 1.00000000
16048022 48.3873958333333 0.0461617063363961 0.000154493177434396 1.00000000
16048023 48.4098842592593 0.0459429070585819 0.00016690939010461 1.00000000
16048024 48.4343634259259 0.0460875754602273 0.000154811797907647 1.00000000
16048025 48.4580555555556 0.0441404109140275 0.000292638362323124 1.00000000
16048026 48.4653356481481 0.0468126048951422 0.000158218752521394 1.00000012
16048027 48.4898842592593 0.0456541581964471 0.000153516657157572 1.00000012
16048028 48.5150347222222 0.0456483899286166 0.000165123995455908 1.00000000
16048109 48.7655555555556 0.0490261471828581 0.000117848808252004 1.00000000
16048110 48.7868055555556 0.0491937987063334 0.000147882368317507 1.00000000
16048111 48.8020949074074 0.0495736245663433 0.000172191195674164 1.00000000
16048115 48.8338888888889 0.0497565721071028 0.00033864333318668 1.00000000
16048116 48.8390277777778 0.0485446648719777 0.000423989204416367 1.00000000
16048117 48.8450231481482 0.0497311727212097 0.000216540112396227 1.00000000
16048118 48.8548032407407 0.0476380706583957 0.00025873004890165 1.00000000
16048119 48.8631018518519 0.0501371923086245 0.000261860163097929 1.00000000
16048120 48.8703587962963 0.0485308761295566 0.000160788020751517 1.00000000
16048121 48.8972222222222 0.0491669740267516 0.000152077297628694 1.00000000
16048122 48.920462962963 0.0493437224013165 0.000160496124556103 1.00000000
16048125 48.9488773148148 0.0430268524368101 0.000189994207867266 1.00000000
16048126 48.9610532407407 0.0452142366973076 0.00029735707955736 1.00000000
16048127 48.9681944444444 0.0434903072567393 0.000139239808877768 1.00000000
16048128 48.9911226851852 0.043461784223606 0.000233032160169469 1.00000000
16049010 49.1021527777778 0.0443171618540627 0.000140735797142122 1.00000000
16049012 49.1203009259259 0.0447062722487805 0.000137680916377988 1.00000000
16049013 49.1373611111111 0.0451342330357817 0.00017920853260559 1.00000000
16049014 49.1500810185185 0.0463446529529039 0.000435455884729885 1.00000000
16049015 49.1565509259259 0.0442708204829627 0.000387368239352196 1.00000000
16049016 49.1619328703704 0.0458511539977039 0.000636367836027337 1.00000000
16049017 49.1663657407407 0.0451923981933467 0.0001288809918618 1.00000000
16049018 49.1901273148148 0.0452125302939448 0.000182138367973431 1.00000000
16049019 49.2071296296296 0.0445114461438035 0.000548414723973985 1.00000000
16049020 49.2094444444445 0.0439928517882781 0.000128715622315543 1.00000000
16049021 49.2334722222222 0.0440590280692309 0.000237093841573106 1.00000000
16049022 49.2450231481481 0.0451474722565287 0.000190473479684528 1.00000000
16049023 49.2579861111111 0.0439600920759867 0.000222215706135941 1.00000000
16049024 49.2688310185185 0.0445040184338627 0.000194488946694436 1.00000000
16049025 49.2837037037037 0.0458678850555474 0.000195282896712469 1.00000012
16050009 50.2655208333333 0.0437335500263209 0.000113688021512334 1.00000000
16050010 50.2875810185185 0.043112802487927 0.00011126445109865 1.00000000
16050036 50.7092824074074 0.0428733098375686 0.0010109650941936 1.00000000
16050037 50.712349537037 0.0451654105374375 0.000125245771955386 1.00000000
16050038 50.7307523148148 0.0448686524652627 0.000493392729725989 1.00000000
16050039 50.7338425925926 0.0440961037867439 0.000350252490987938 1.00000000
16050040 50.737974537037 0.0444356685330497 0.000123054751898614 1.00000000
16050041 50.758125 0.0456101748517248 0.000568376173946758 1.00000000
16050042 50.7629166666667 0.0429618930214263 0.000353048831313944 1.00000000
16050043 50.7663078703704 0.0436491123931966 0.000261392610286612 1.00000000
16050044 50.7796412037037 0.0438396985145924 0.000501941883336753 1.00000000
16050048 50.7940625 0.0440106489988198 0.000535310272106157 1.00000000
16050049 50.7983101851852 0.0438356497543048 0.000313743778048802 1.00000000
16050050 50.8052893518519 0.0430268429754337 0.000975136981804154 1.00000000
16050051 50.807337962963 0.0435668707723251 0.000772999134186497 1.00000000
16050052 50.8102083333333 0.0437336265637963 0.000132236591797046 1.00000000
16050053 50.8317361111111 0.0433867027046236 0.00043640243489927 1.00000000
16050054 50.837349537037 0.0440644921611457 0.000144771029198703 1.00000000
16050065 50.8721990740741 0.0433730620162437 0.000306038921721578 1.00000000
16050066 50.8808796296296 0.0444831445618648 0.0001410691621379 1.00000000
16050070 50.919537037037 0.0433085432545272 0.000462801986068695 1.00000000
16050071 50.9247222222222 0.0445152695458804 0.000141353266943109 1.00000000
16050072 50.9482407407407 0.0439698466031417 0.000164603070301698 1.00000000
16050073 50.9656018518519 0.042266696827928 0.000174721092964458 1.00000000
16050075 50.9857291666667 0.0432091513816738 0.000252847047556888 1.00000000
16050076 50.9960416666667 0.0447419572088072 0.000282863962380208 1.00000000
16051001 51.0042592592593 0.0438739617321216 0.000219854884542471 1.00000000
16051003 51.0204976851852 0.0430008860676953 0.000285909762306525 1.00000000
16051004 51.0283564814815 0.0442189639669802 0.000222439595091461 1.00000000
16051007 51.0523032407407 0.0429001560126211 0.000168624622863779 1.00000000
16051008 51.0736226851852 0.0435082393552244 0.000170486051194734 1.00000000
16051009 51.0949652777778 0.0417920446187407 0.000229550235557871 1.00000000
16051022 51.2465625 0.0402521505412361 0.000240178340903624 1.00000000
16051026 51.3206365740741 0.0434505187523253 0.000438716670815096 1.00000000
16051027 51.3226736111111 0.043581673250324 9.41715322971951e-05 1.00000000
16051028 51.3525578703704 0.0423403218644186 0.000142905418392669 1.00000000
16051029 51.3725810185185 0.0428925704879703 0.000171018918757945 1.00000000
16051030 51.3837384259259 0.0448229976879914 0.000446542334031672 1.00000000
16051031 51.3878125 0.0433836255281395 0.000285776745020221 1.00000012
16051032 51.3934837962963 0.0424796972907451 0.000169450040435583 1.00000000
16051033 51.4051851851852 0.0429760458991305 0.000254199494100748 1.00000000
16051034 51.4116550925926 0.044591729017727 0.000592765473416305 1.00000000
16051035 51.414525462963 0.0436448421867433 0.000242624333672406 1.00000000
16051036 51.4216319444444 0.0425539928934852 0.000176394118980716 1.00000000
16051037 51.4361921296296 0.0428346822948356 0.000196043584186925 1.00000000
16051038 51.4474537037037 0.0436006846673568 0.000249319277571107 1.00000000
16051039 51.4541782407407 0.0421257763554942 0.00016590142570801 1.00000000
16051040 51.4710300925926 0.0440130063519986 0.000257251381806847 1.00000000
16051041 51.4787962962963 0.0429153697579234 0.000183004301606834 1.00000000
16051042 51.4955439814815 0.044538172975497 0.000480951907420201 1.00000000
16051044 51.5004861111111 0.0432133410071157 0.000263259952388783 1.00000000
16051045 51.5066435185185 0.0439183910993901 0.000156590618567514 1.00000000
16051046 51.5242361111111 0.0423508392440355 0.000815353939543103 1.00000000
16051047 51.5255324074074 0.0421392903473006 0.000191321919756095 1.00000000
16051048 51.5382060185185 0.0428858035446884 0.000155383404853117 1.00000000
16051049 51.5557638888889 0.0425252810806787 0.000157765387483951 1.00000000
16051050 51.5760069444444 0.0426953407543494 0.000281208740811215 1.00000000
16051051 51.583912037037 0.0428704189388619 0.000227269690052617 1.00000000
16051052 51.5970833333333 0.0440493131559801 0.00022677338101802 1.00000000
16051056 51.6133680555556 0.0425233386740229 0.000162760797380866 1.00000000
16051057 51.6341666666667 0.0436783007844917 0.000168953558446521 1.00000000
16051058 51.6523842592593 0.0423021592442873 0.0002115375484131 1.00000000
16051059 51.6635416666667 0.0420382056192246 0.000182432808500927 1.00000000
16051060 51.6832638888889 0.0432969513427792 0.000268927253304536 1.00000000
16051101 51.885462962963 0.0433087641909907 0.000141080150899324 1.00000000
16051102 51.9005439814815 0.043461629119849 0.000223710436558985 1.00000000
16051103 51.9073263888889 0.0439441326295598 0.000123492379172577 1.00000000
16051104 51.9308333333333 0.0430406043911349 0.000503732517210615 1.00000000
16051105 51.9359606481482 0.0434521843631394 0.000257678751951782 1.00000000
16051106 51.945775462963 0.0446560451438037 0.000709190963132016 1.00000000
16051107 51.9484375 0.0432323653229684 0.000238459249147675 1.00000000
16051108 51.9566435185185 0.0440767718935297 0.000616343504799957 1.00000000
16051109 51.9593171296296 0.0416336877805795 0.00041849518277882 1.00000000
16051110 51.9622106481482 0.0435595444865408 0.000313314291240868 1.00000000
16051111 51.9673148148148 0.0441639887366217 0.000369571174967288 1.00000000
16052013 52.2808680555556 0.0414167348325843 0.000108985006947812 1.00000000
16052015 52.3025347222222 0.0418493335367006 0.000120463135096771 1.00000000
16052016 52.3210763888889 0.0412049536821314 0.00011873120935742 1.00000000
16052017 52.3405555555555 0.0424827214238795 0.000243746696338918 1.00000000
16052018 52.3523032407407 0.0428671755793926 0.000144500777522035 1.00000000
16052019 52.3691203703704 0.0414768004454149 0.000140230613238761 1.00000000
16052021 52.3903240740741 0.0428431140112137 0.000454876455432102 1.00000000
16052022 52.3956018518519 0.0428561273217726 0.000378971486659621 1.00000000
16052023 52.4020833333333 0.0411154914181368 0.000465081513724034 1.00000000
16052028 52.4211111111111 0.0431931762301427 0.000162259914131148 1.00000000
16052030 52.4431944444444 0.0431527822587498 0.000265561645177982 1.00000000
16052031 52.45125 0.0419304300383643 0.000148662401434891 1.00000000
16052032 52.4716550925926 0.039587900919466 0.000485367933525599 1.00000000
16052034 52.4786689814815 0.0414902310513242 0.000170864030855981 1.00000000
16052035 52.4924421296296 0.0408073772732332 0.00075493094988711 1.00000000
16052036 52.4994907407407 0.0410055721001946 0.000526751614102937 1.00000000
16052037 52.5014814814815 0.0422994632511827 0.000242423645746659 1.00000000
16052038 52.51 0.0440283011354526 0.000224902475379177 1.00000000
16052039 52.5226967592593 0.0419320706056681 0.000654824921746491 1.00000000
16052040 52.525462962963 0.0416765906296285 0.000241703132364178 1.00000000
16052041 52.5334143518519 0.0423225344150224 0.000156385797055414 1.00000000
16052042 52.5514351851852 0.0420771161901299 0.000655733135328793 1.00000000
16052043 52.5542708333333 0.0419785873114892 0.00068806015343183 1.00000000
16052044 52.5571527777778 0.0433310231830568 0.00015465540026647 1.00000000
16052045 52.5769791666667 0.0422763988417486 0.000302750685183621 1.00000000
16052046 52.5823263888889 0.0397669671431309 0.00103194231238927 1.00000000
16052048 52.5898032407407 0.0420085813145706 0.000678197164205278 1.00000000
16052049 52.5931944444444 0.0418187882562751 0.000152939350417062 1.00000000
16052050 52.6128819444444 0.0414838430940287 0.000276473368150973 1.00000000
16052051 52.6192476851852 0.0363756233928741 0.000354727315041505 1.00000012
16052087 52.9683796296296 0.0376369600929151 0.00013840235246851 1.00000000
16052088 52.9803009259259 0.0436353608648488 0.000143557592910571 1.00000000
16052089 52.9940162037037 0.0400178342683031 0.000115044025946014 1.00000000
16053001 53.014525462963 0.0405156437644919 0.00049621697041622 1.00000000
16053002 53.0172916666667 0.0414846612884422 0.000122132122548448 1.00000000
16053003 53.0394212962963 0.0394313293807299 0.0001157883492893 1.00000000
16053004 53.0619560185185 0.0387796519890127 0.000118276642544346 1.00000000
16053005 53.0846643518518 0.0398890003389491 0.000322657067135905 1.00000000
16053006 53.1081944444445 0.0391308707469202 0.000127215822851159 1.00000000
16053007 53.1293865740741 0.0390739136518124 0.00014026540352969 1.00000000
16053008 53.1472222222222 0.0407688960358544 0.000169449419507104 1.00000000
16053009 53.1656018518518 0.0403283879851424 0.000136138224365134 1.00000000
16053010 53.1873148148148 0.0392827046752312 0.000133991746754709 1.00000000
16053011 53.2090509259259 0.0389401160384533 0.000216449390452182 1.00000000
16053012 53.2177199074074 0.0384367693341203 0.000150090431236496 1.00000000
16053017 53.244537037037 0.0398734216227893 0.000283098151646982 1.00000000
16053019 53.2529398148148 0.0380964464432193 0.000223300181857301 1.00000000
16053030 53.2901273148148 0.0395566205626561 0.000236310313389159 1.00000000
16053031 53.2985763888889 0.0399569875010047 0.000216850793144471 1.00000000
16053043 53.4778935185185 0.0407790268623398 0.000103503355786339 1.00000000
16053044 53.5005671296296 0.0400172681533618 0.000210976500949361 1.00000000
16053045 53.5067476851852 0.0401831842351605 0.000128823485584041 1.00000000
16053046 53.5256481481482 0.0405843194855342 0.000130993084808383 1.00000000
16053047 53.5439236111111 0.0413676941380937 0.000135657375718637 1.00000000
16053048 53.5620023148148 0.0410816796419801 0.000135266143473673 1.00000000
16053049 53.5822569444444 0.0397653298262534 0.00037328051554236 1.00000000
16053051 53.5908101851852 0.0408308823527019 0.000283820167716399 1.00000000
16053052 53.5958564814815 0.0402259022450118 0.000135510541101637 1.00000000
16053053 53.6146412037037 0.0402518676384603 0.000300672808219199 1.00000000
16053054 53.6208564814815 0.0397472968623374 0.00013583741153345 1.00000000
16053055 53.638912037037 0.0406237467901083 0.000177518038413336 1.00000000
16053056 53.6503009259259 0.0393619023222663 0.000137051450179696 1.00000000
16053057 53.669537037037 0.0406561187186356 0.000197632747494625 1.00000000
16053058 53.6792476851852 0.0408972736242358 0.000268405021846658 1.00000000
16053059 53.6848726851852 0.0397271719674072 0.000138930079708936 1.00000000
16053060 53.7068055555556 0.0399796127623781 0.000249120594520885 1.00000000
16053061 53.7133796296296 0.0398552825512747 0.000364326666375703 1.00000000
16053062 53.717962962963 0.0389529534551955 0.000193230043320414 1.00000000
16053063 53.7283564814815 0.0404878194161397 0.000144757352658008 1.00000000
16053064 53.7479513888889 0.0396924487435935 0.000141288312318663 1.00000000
16053065 53.769375 0.0389521980630291 0.000127679993876277 1.00000000
16053066 53.7930902777778 0.0403935385702366 0.00014115849401538 1.00000000
16053067 53.8145486111111 0.0399926877004555 0.000240893887067511 1.00000000
16053073 53.8991435185185 0.0402698532714988 0.000100365355877351 1.00000012
16053074 53.9206018518518 0.0402652776594885 0.000103988201027676 1.00000000
16053075 53.9421296296296 0.0401091766083476 0.000127186480282804 1.00000000
16053077 53.9655092592593 0.0399110327073867 0.000291912389478484 1.00000000
16053078 53.9722800925926 0.0410316567442456 0.000117457421651417 1.00000000
16053079 53.9938773148148 0.0399310438741312 0.000116311353612524 1.00000000
16054001 54.0153935185185 0.0400396211544559 0.000187589656171536 1.00000000
16054002 54.0244675925926 0.0396421920902287 0.000366930863729595 1.00000000
16054003 54.0304976851852 0.0345075553989163 0.0487396685714583 1.00000000
16054005 54.0371643518518 0.0397964209717469 0.000119565430723447 1.00000000
16054006 54.0604976851852 0.0410126601068364 0.000142680518830426 1.00000000
16054007 54.0791435185185 0.040152582427476 0.000125578400639375 1.00000000
16054010 54.103287037037 0.0402952907628313 0.000127972664386108 1.00000000
16054011 54.125 0.0412129837075592 0.000187129213638398 1.00000000
16054012 54.1397453703704 0.0414765848751218 0.000141553463562713 1.00000000
16054013 54.1616782407407 0.0406259974262365 0.000136599874834381 1.00000000
16054014 54.1837384259259 0.0399481941477847 0.000161750422390642 1.00000000
16054015 54.1999074074074 0.0394846828245748 0.000491103964324983 1.00000000
16054016 54.2035185185185 0.039842526212234 0.00143583163551754 1.00000000
16054017 54.2046875 0.0402344691224281 0.000556226023230269 1.00000000
16054018 54.2074305555556 0.0391294362510235 0.000825113198796376 1.00000000
16054019 54.2090625 0.0397993515968165 0.000140481560427125 1.00000000
16054020 54.2308217592593 0.0389771567303484 0.000158062546261225 1.00000000
16054021 54.2481828703704 0.0404271071826802 0.00034101177578372 1.00000000
16054022 54.2549884259259 0.0390062574783398 0.000507892989581494 1.00000012
16054059 54.5834953703704 0.0399806625075318 9.50907510377516e-05 1.00000000
16054060 54.6094675925926 0.0394277305626668 0.000151352850244128 1.00000000
16054061 54.6209027777778 0.0395510473111311 0.000649042205851692 1.00000000
16054062 54.6241550925926 0.0399815170525903 0.000198399394173898 1.00000000
16054063 54.6316435185185 0.0397763912152409 0.000133696499994754 1.00000000
16054064 54.6484027777778 0.0403968343982044 0.000188297673236201 1.00000000
16054069 54.6642939814815 0.0391423713423782 0.000143720733635809 1.00000000
16054070 54.6816782407407 0.0391487141414478 0.000135371265583293 1.00000000
16054072 54.7055439814815 0.0401179657860812 0.000180483924442728 1.00000000
16054073 54.7170949074074 0.0407146947233229 0.00102909475797206 1.00000000
16054074 54.7184953703704 0.0379505976219206 0.00119185193947476 1.00000000
16054075 54.7208449074074 0.0388296795003998 0.000260981609598631 1.00000000
16054077 54.7269560185185 0.039239964088966 0.000289211492247966 1.00000000
16054078 54.7314699074074 0.038539785307964 0.000123408985665015 1.00000000
16054079 54.7529861111111 0.0386713189343552 0.000125336581339055 1.00000000
16054080 54.8107175925926 0.0392964077473121 0.000123011099666804 1.00000000
16054082 54.8397106481481 0.0389663916498526 0.000103333532926602 1.00000000
16054086 54.8842361111111 0.0386968820795653 0.000156118346321569 1.00000000
16054087 54.9010069444444 0.0390221681669476 0.000259522382059642 1.00000000
16055002 55.0092708333333 0.0406568093433851 0.000105811469236375 1.00000012
16055003 55.0333796296296 0.0384847556351009 0.000108708152082115 1.00000000
16055004 55.0567476851852 0.0387951063453016 0.000101530566905666 1.00000000
16055005 55.0856481481481 0.0393915498353935 0.000143010375655359 1.00000000
16055006 55.1020601851852 0.0401771399879675 0.000476818793906433 1.00000000
16055007 55.105474537037 0.0400371808360166 0.000120891481440388 1.00000000
16055008 55.1300810185185 0.0388392127831639 0.000504615060170953 1.00000000
16055009 55.1333564814815 0.038506560577283 0.000207634716201759 1.00000000
16055010 55.1421064814815 0.0388207277974087 0.000105055777548647 1.00000000
16055011 55.1747685185185 0.0391611020016874 0.000108812003001762 1.00000000
16055012 55.2079513888889 0.0392569125311173 0.000112568879659649 1.00000000
16055013 55.2399768518518 0.0387009073971005 0.000145508452232323 1.00000000
16055014 55.2603472222222 0.0393575460161158 0.000268879093831719 1.00000000
16055018 55.273587962963 0.0387608506969721 0.000234992503031882 1.00000000
16055019 55.2883449074074 0.038445218183389 0.000187689463428257 1.00000000
16055021 55.3037731481481 0.0388442909193227 0.000147443938452224 1.00000000
16055022 55.324537037037 0.0394804932074199 0.000644943564473343 1.00000000
16055024 55.3327199074074 0.0389788314806929 0.000207865767718944 1.00000000
16055025 55.3447453703704 0.0378545630016288 0.000652207571188797 1.00000000
16055120 55.7071296296296 0.0396507663652926 9.77464408875525e-05 1.00000000
16055121 55.7289930555556 0.0395226584997681 8.60944291780985e-05 1.00000000
16055122 55.7608912037037 0.0383894940235131 0.000112962329216527 1.00000000
16055123 55.7797685185185 0.0387919350379805 9.39741466070516e-05 1.00000000
16055124 55.8094212962963 0.0368543715515299 0.0245541477525821 1.00000000
16055125 55.8120138888889 0.0387005688711095 0.000125394624691094 1.00000000
16055127 55.8319791666667 0.0364784785366285 0.0160367704235784 1.00000000
16055128 55.8339930555556 0.0395557058113134 0.00010322437172496 1.00000000
16055129 55.8621296296296 0.0384493477932875 9.40509899442417e-05 1.00000000
16055130 55.8963657407407 0.0386858107815611 8.92046431192778e-05 1.00000000
16055131 55.9362962962963 0.0381213149854161 0.000111409147968395 1.00000000
16055132 55.9668981481481 0.0379460884037924 0.000278873741500851 1.00000000
16055133 55.9718981481481 0.0380367575112935 0.000112511881580133 1.00000000
16055134 55.9993981481481 0.0388627327540292 0.000141744664320141 1.00000000
16056004 56.0257175925926 0.0369115005056553 0.000822404990936307 1.00000000
16056016 56.1417013888889 0.038361709234138 7.99513146958583e-05 1.00000000
16056017 56.1814467592593 0.0390614607391894 0.000102118048123681 1.00000000
16056018 56.2113310185185 0.0384647566360172 0.00010615665792093 1.00000000
16056019 56.2402893518518 0.0384070739869481 0.000134728216682429 1.00000000
16056020 56.2598726851852 0.0377618688751131 0.000584885834337473 1.00000000
16056021 56.2624537037037 0.0376669458327899 0.000353165110829103 1.00000000
16056022 56.2658101851852 0.0384835024607635 0.000103095738189799 1.00000000
16056023 56.2996296296296 0.0365939887678631 0.000118409590782995 1.00000000
16057003 57.0640972222222 0.040202971851256 8.62709233650615e-05 1.00000012
16057004 57.0982638888889 0.0389664104390499 9.75361833973131e-05 1.00000000
16057005 57.126412037037 0.0394728599996673 0.000104710410259145 1.00000000
16057006 57.1538888888889 0.0372092966340084 0.000205122396387782 1.00000000
16057007 57.1639351851852 0.0386023873785786 0.000155573191128599 1.00000000
16057008 57.1770486111111 0.0401586612641372 0.000249928984078835 1.00000000
16057009 57.1832060185185 0.0392227061411474 0.000113301866840779 1.00000000
16057010 57.2091087962963 0.0392849719576407 0.000163246965889345 1.00000000
16057011 57.2223032407407 0.0381222161025736 0.00026383459288032 1.00000000
16057012 57.2316319444444 0.0381091210934267 9.70339636898331e-05 1.00000000
16057013 57.2671527777778 0.0385788874276507 0.000106678546958151 1.00000000
16057015 57.2999421296296 0.0406130985606784 0.000285823991150781 1.00000000
16057016 57.3053125 0.0383748200419574 0.000130822977612447 1.00000000
16057017 57.3272916666667 0.0374630833626362 0.000129037860851462 1.00000000
16057018 57.3494212962963 0.0373824016437979 0.000147488057363513 1.00000000
16057046 57.7843287037037 0.0389607272259496 0.000121649130931981 1.00000000
16057047 57.7984375 0.038442094973995 0.000192337374198685 1.00000000
16057048 57.8053587962963 0.0394603497416726 0.000126936344797401 1.00000000
16057049 57.8201273148148 0.0380844995790364 0.000124590607813557 1.00000000
16057050 57.8363657407407 0.0380198465041593 0.000108009620463504 1.00000000
16057051 57.8581018518518 0.0384138567849431 0.0001375666385326 1.00000000
16057053 57.8802083333333 0.0389003736811109 0.000211862097753059 1.00000000
16057054 57.8869444444444 0.0368794995069357 0.000244548583564722 1.00000000
16058001 58.0010648148148 0.038571159278947 9.75520850649365e-05 1.00000000
16058002 58.0226157407407 0.0386910451954296 0.000101959560134306 1.00000000
16058005 58.0501273148148 0.0389166896448439 0.000195012288311908 1.00000000
16058006 58.059212962963 0.0387742372714786 8.95963180613726e-05 1.00000000
16058007 58.0927083333333 0.0375517387751233 0.000674348640230738 1.00000012
16058008 58.0980439814815 0.0376930060762409 0.000112772040384873 1.00000000
16058015 58.1463425925926 0.0383115906914165 9.96025124018591e-05 1.00000000
16058016 58.1797800925926 0.03755201974254 0.000206849259404733 1.00000000
16058017 58.1877199074074 0.0374923036880616 0.000104349609816783 1.00000000
16058018 58.2170601851852 0.0378949304741126 0.00011581173109541 1.00000000
16058019 58.2416898148148 0.0396911170891419 0.000124171501549094 1.00000000
16058020 58.2651851851852 0.0387412624607379 0.000211543542894504 1.00000000
16058021 58.2807060185185 0.0386160862660479 0.000117505771258763 1.00000000
16058022 58.3087268518519 0.0393131782560362 0.000126652706547476 1.00000000
16058023 58.3332175925926 0.0393903939708366 0.000137051621739312 1.00000000
16058024 58.3549421296296 0.0378043017564895 0.000290744190060504 1.00000000
16058025 58.3631365740741 0.037831869813642 0.000439823700112425 1.00000000
16058026 58.3664351851852 0.0383263324161491 0.000142439436737713 1.00000000
16058070 58.6064351851852 0.0380406800660483 0.000659830157727065 1.00000000
16058071 58.6077546296296 0.0398556268927202 0.000491837346310214 1.00000000
16058072 58.610474537037 0.0371982642328177 0.00151927895035413 1.00000000
16058073 58.6123032407407 0.0357472781724839 0.000962344843878912 1.00000000
16058074 58.6174074074074 0.0337817938275914 0.000386931055316658 1.00000000
16058077 58.6283101851852 0.038644294343299 9.10648942693823e-05 1.00000000
16058078 58.6538078703704 0.0377018221279567 0.000103623092562453 1.00000000
16058079 58.6752777777778 0.0390149427805238 0.000114825915495083 1.00000000
16058080 58.6960185185185 0.0377121927967507 0.000130793055643119 1.00000000
16058082 58.7217824074074 0.0370572629582862 0.000122012515757026 1.00000000
16058083 58.7399189814815 0.0372043121301812 0.000690450299620408 1.00000012
16058084 58.7414236111111 0.0385407061151782 0.000214505272657664 1.00000000
16058085 58.7554398148148 0.0376045781244926 0.000138710351673836 1.00000000
16058086 58.7787037037037 0.0369932508100378 0.000140194868712774 1.00000000
16058087 58.7962615740741 0.0383777976996488 0.00014567266023934 1.00000000
16058088 58.8135069444444 0.0377348456141772 0.000144921604138362 1.00000000
16058089 58.8328819444444 0.0373825097147139 0.000146769431962493 1.00000000
16058090 58.8497453703704 0.0377256290066759 0.000154302193106983 1.00000000
16058091 58.8663194444444 0.0380928886432584 0.000148285447133433 1.00000000
16058092 58.885787037037 0.0384310981437244 0.000386985945767776 1.00000000
16058093 58.889537037037 0.0383717381232443 0.000160516361098761 1.00000000
16058095 58.9125347222222 0.0374777064598896 0.000157484653958906 1.00000000
16058096 58.9298842592593 0.0366998102915143 0.00015879287775036 1.00000000
16058100 58.9515162037037 0.037391826637351 0.000334590293396249 1.00000000
16059008 59.0646759259259 0.038576758340879 0.000111609360631567 1.00000000
16059009 59.0793402777778 0.0391042677390178 0.000117277048813932 1.00000000
16059010 59.1065972222222 0.0390058373795731 0.000333972815545339 1.00000000
16059011 59.1293634259259 0.0386269852474068 0.000123283377001589 1.00000000
16059012 59.1440162037037 0.0396669274109493 0.000128723979410498 1.00000012
16059013 59.1586342592593 0.0379820361294311 0.000196618050661123 1.00000012
16059015 59.2538310185185 0.0399346379109767 9.53839723166158e-05 1.00000000
16059016 59.2756134259259 0.0387653918269888 9.45914992112487e-05 1.00000000
16059017 59.2974305555556 0.038097130731309 9.29595277360501e-05 1.00000000
16059018 59.3213541666667 0.0377937109005596 0.000124512816140258 1.00000000
16059019 59.3401041666667 0.0384323807338575 9.72094811226706e-05 1.00000012
16059020 59.3723263888889 0.0382088195168507 0.000453054309371129 1.00000000
16059021 59.3742824074074 0.0388849734227134 0.000442525478813974 1.00000012
16059022 59.3761689814815 0.0372586551366965 9.92512447808467e-05 1.00000000
16059023 59.4052546296296 0.038592365286379 0.00010543776541835 1.00000000
16059024 59.4287037037037 0.0386644174483389 0.000105718179380598 1.00000000
16059025 59.4530671296296 0.0378162534009735 0.000116393491878835 1.00000000
16059026 59.4751273148148 0.037353333171353 0.00020962208973246 1.00000000
16059027 59.4872337962963 0.0375621275377696 0.000481270118323625 1.00000000
16059028 59.4936574074074 0.0383693777025208 0.000196365202241425 1.00000000
16059029 59.5021759259259 0.039048942659134 0.000503059488237999 1.00000000
16059030 59.5045486111111 0.0379388056414725 0.000110213162256941 1.00000000
16059031 59.5289351851852 0.0383668498052005 0.000114141659180148 1.00000000
16059041 59.567962962963 0.0368454623175538 0.00024443644597891 1.00000000
16059062 59.893287037037 0.0376218575707984 7.82263388995767e-05 1.00000000
16059064 59.9244212962963 0.0387405943992281 0.000133900396265096 1.00000000
16059065 59.9363425925926 0.0374077783167842 0.000144324541412972 1.00000012
16059066 59.9479398148148 0.03685616984483 0.00016871869318613 1.00000012
16059067 59.9561458333333 0.0384102081532822 9.7242295681994e-05 1.00000000
16059068 59.9813425925926 0.0383195645809343 0.000162532737833638 1.00000000
16059069 59.9946990740741 0.0375575491900431 9.76558479132554e-05 1.00000000
16060001 60.026724537037 0.0377669789595755 0.000128829724438535 1.00000012
16060002 60.048287037037 0.0384058169821697 0.000131803670871822 1.00000000
16060003 60.0650694444444 0.0386139415673485 0.000110925688531646 1.00000000
16060004 60.0903009259259 0.0376855846154401 0.00010933865795519 1.00000000
16060005 60.1153819444444 0.0372185516055708 0.000100056065184912 1.00000000
16060008 60.1677083333333 0.0354427623456479 0.000124120900110672 1.00000000
16060011 60.1911342592593 0.036982318125967 0.000125438799885636 1.00000000
16060014 60.2174884259259 0.0363972549172994 0.000178051981575906 1.00000000
16060016 60.3280324074074 0.0383664562618133 0.00015002959113194 1.00000000
16060017 60.3383449074074 0.0376459117146061 0.000652138237361679 1.00000000
16060018 60.3402893518519 0.0350072584926258 0.00171485185940907 1.00000000
16060025 60.3574189814815 0.0378789300220124 8.40726271152075e-05 1.00000000
16060026 60.3867708333333 0.0372860834032471 0.000165103607078098 1.00000000
16060027 60.3965277777778 0.0369389017602496 0.000102289585067941 1.00000000
16060028 60.4184259259259 0.0368751426898287 0.00072419467462859 1.00000000
16060030 60.4258564814815 0.037385744902824 0.000542818988659817 1.00000000
16060031 60.4284027777778 0.037048363382461 0.00013956586608898 1.00000000
16060032 60.4475462962963 0.0377950859591528 0.0002575603921262 1.00000000
16060034 60.456087962963 0.0375554615115498 0.00042866762808792 1.00000000
16060036 60.4647916666667 0.0357860530569362 0.00516172550167713 1.00000000
16060037 60.4662384259259 0.0371631714898223 0.000104845243456603 1.00000000
16060038 60.4917361111111 0.0374470105524414 0.000103758369489423 1.00000000
16060039 60.5168865740741 0.0357003965993876 0.000115605825198372 1.00000000
16060040 60.5383333333333 0.0374176586627081 0.00011498958691249 1.00000000
16060041 60.5603587962963 0.0370301248764519 0.00024200767473462 1.00000000
16060042 60.5711689814815 0.0358464914107927 0.000208680913707631 1.00000000
16060043 60.5809259259259 0 1.18110938165653e-05 1.00000000
16060044 60.5844212962963 0.0361941096290766 0.000113604521927905 1.00000000
16060045 60.6077777777778 0.0357708151046411 0.00011568894403678 1.00000000
16060046 60.6300462962963 0.0360836592040916 0.000128049067051488 1.00000000
16060053 60.7572569444444 0.0383150278182256 0.000104591160422529 1.00000000
16060054 60.7780787037037 0.0380304578207599 0.000108519531885313 1.00000000
16060055 60.7997222222222 0.0384204364639337 0.000109770023701451 1.00000000
16060056 60.8230324074074 0.0377336390862842 0.000114321686016432 1.00000000
16060057 60.8447800925926 0.0370786777782575 0.000272024987802021 1.00000000
16060058 60.8587847222222 0.0377625190979751 0.000144943974319483 1.00000000
16060059 60.8758101851852 0.0370902377034973 0.000111480744906359 1.00000000
16060060 60.9019907407407 0.0368732220559529 0.000124009668566003 1.00000000
16060061 60.9236226851852 0.0372960270286218 0.000112485634616677 1.00000000
16060062 60.9522222222222 0.0364878344204199 0.000113838996875762 1.00000000
16060063 60.9807060185185 0.0368479264683415 0.000376485667209761 1.00000000
16060064 60.990162037037 0.0311074044622849 0.0074983821607157 1.00000000
16060065 60.9931018518519 0.0372934105259044 0.000145810919258901 1.00000000
16061008 61.1722453703704 0.0370897047031249 8.79079803825513e-05 1.00000000
16061009 61.1940509259259 0.0365375760335641 9.9675159657901e-05 1.00000000
16061010 61.2126273148148 0.0383969868803872 0.000164101686745356 1.00000000
16061011 61.2227546296296 0.0375383859425043 0.000101343704360547 1.00000000
16061012 61.2494907407407 0.036344565075849 0.000214759100572195 1.00000000
16061013 61.2562268518518 0.0373801461865026 0.000174226718531529 1.00000000
16061014 61.2677430555556 0.0363292100772184 9.36000701608912e-05 1.00000000
16061015 61.2998148148148 0.0373419884470946 0.00010615300244836 1.00000000
16061016 61.3221527777778 0.0358000358697736 0.000105095418590187 1.00000000
16061017 61.3439467592593 0.0367552897698413 0.000106734719835513 1.00000000
16061018 61.3669444444444 0.0369035442329957 0.000106966949199517 1.00000000
16061019 61.3921527777778 0.0366455660241455 0.000242119880975283 1.00000000
16061035 61.5154166666667 0.0214058412168559 0.00011004077125136 1.00000012
16061037 61.5397337962963 0.036975953731596 9.74832430405559e-05 1.00000000
16061038 61.5637962962963 0.0379375468205491 0.000107635795126059 1.00000000
16061039 61.5863888888889 0.0379615424295449 0.000109524179808752 1.00000000
16061041 61.6099884259259 0.0380028627265702 0.000261141486659523 1.00000000
16061042 61.6145601851852 0.0382315418075752 0.000106144957781 1.00000000
16061049 61.6477777777778 0.0360694086522105 0.000137197395511761 1.00000000
16061060 61.6877893518519 0.0361675489099475 0.000278715218486116 1.00000000
16061061 61.6922800925926 0.0368488017112647 0.000119881251596708 1.00000000
16061062 61.7143634259259 0.0361396545005887 0.00013507125154828 1.00000000
16061075 61.7752430555556 0.0362016851932091 0.000151836845013692 1.00000000
16061076 61.7991435185185 0.037616357014791 0.00111244194888917 1.00000000
16061077 61.8083101851852 0.0370016846939491 0.000138887662456288 1.00000000
16061078 61.8313773148148 0.036591679892986 0.000185064361856185 1.00000000
16061083 61.9870717592593 0.0373683114180542 0.000116365335294585 1.00000000
16061084 61.9995486111111 0.0369819579693396 0.000137844541334926 1.00000000
16062001 62.0105787037037 0.0370527510986163 0.000915764671382381 1.00000000
16062002 62.0119212962963 0.0385935454400346 0.000576287477224517 1.00000000
16062003 62.0140509259259 0.0370044631494622 0.000184105639937942 1.00000000
16062004 62.0216666666667 0.0368465135343463 0.000480304910378226 1.00000000
16062005 62.0234606481482 0.0371185906604487 0.00114287160273865 1.00000000
16062006 62.0248611111111 0.0376991501949209 9.15390464270903e-05 1.00000000
16062008 62.0750578703704 0.0381622943478638 0.00283578554765131 1.00000000
16062009 62.078275462963 0.0387470067176277 0.00184047255173149 1.00000000
16062010 62.0805439814815 0.0371444042657571 0.000149238787804976 1.00000000
16062011 62.1062615740741 0.0342072910294305 0.00258877474230134 1.00000000
16062012 62.1075462962963 0.0369716725415818 0.000200343301945937 1.00000000
16062013 62.1151157407407 0.0374629105427067 0.000369176277229765 1.00000000
16062014 62.1245601851852 0.0365780409530243 0.00188153481823591 1.00000000
16062015 62.1264236111111 0.0369729711150612 0.000147454770404381 1.00000000
16062016 62.1414930555556 0.036339806346772 0.000145570943393024 1.00000000
16062017 62.1572337962963 0.0372114461452059 0.000123534414594996 1.00000000
16062018 62.1802199074074 0.0362030710574256 0.000125872020819168 1.00000000
16062019 62.2019560185185 0.0373414784167543 0.000134074613634776 1.00000000
16062020 62.2235763888889 0.0364324431150657 0.000297747402085607 1.00000000
16062021 62.2323842592593 0.0381359582330454 0.000329548821895234 1.00000000
16062022 62.2387962962963 0.0365592181920405 0.000136128460089546 1.00000000
16062023 62.2605324074074 0.0357253068480435 0.000135335594716757 1.00000000
16062024 62.2821875 0.0361512401891743 0.000132492306933251 1.00000000
16062025 62.3066782407407 0.0363877254665223 0.000300435956894684 1.00000000
16062045 62.663900462963 0.0366225537422326 0.000123241963385302 1.00000000
16062046 62.678900462963 0.0370274967985041 0.000319140400155052 1.00000000
16062047 62.6832638888889 0.0364091004991738 9.58947415487505e-05 1.00000000
16062049 62.7111689814815 0.0357259317103494 0.00012231102801628 1.00000000
16062050 62.7328125 0.0381114112387906 0.000497760727595154 1.00000000
16062051 62.7368055555556 0.0373330857438771 0.000113834084216227 1.00000000
16062052 62.7593055555555 0.0360723012932395 0.000191474218181914 1.00000000
16062053 62.770787037037 0.0374418422325757 0.000136398973116806 1.00000000
16062054 62.7994560185185 0.0367432599764768 0.000121462706151242 1.00000000
16062055 62.8219444444444 0.036348107251571 0.000131046907395673 1.00000000
16062056 62.8427314814815 0.0355863702300413 0.000114541743720027 1.00000000
16062057 62.8684953703704 0.035984402343874 0.000129843578136103 1.00000000
16062058 62.8902199074074 0.0370535581355715 0.000131758627631738 1.00000000
16062078 62.9877314814815 0.0352340570929068 0.000108271211257452 1.00000000
16063001 63.002037037037 0.0364504785378674 0.000104515636488819 1.00000000
16063002 63.0206365740741 0.0359288428655888 0.000119093432941099 1.00000000
16063003 63.0358680555555 0.0359594347367247 9.94353206928782e-05 1.00000012
16063004 63.0583796296296 0.035731073853338 0.000101819380637883 1.00000000
16063005 63.0816666666667 0.0348841946928123 0.000137449748706669 1.00000000
16063006 63.096087962963 0.0346651187610165 0.000400677743738409 1.00000012
16063007 63.1010763888889 0.0353996885441799 0.000110656228332399 1.00000000
16063091 63.7904513888889 0.0370916668530161 0.000151236859778327 1.00000000
16063092 63.7986342592593 0.0377578226761461 0.000108739725887896 1.00000000
16063093 63.8175115740741 0.0368511074889487 9.80637442814486e-05 1.00000000
16063094 63.8389467592593 0.0364398291575833 0.000103995110444377 1.00000012
16063095 63.8619675925926 0.0363160607269516 0.000197504683110612 1.00000000
16063096 63.8714351851852 0.0359008609692931 0.00225073850400717 1.00000000
16063097 63.8736574074074 0.034819145121614 0.00212490426630503 1.00000012
16063099 63.8791319444444 0.0356237049319101 0.00209237055017833 1.00000000
16063100 63.8891087962963 0.0359573441255338 0.00015193091939268 1.00000000
16063111 63.9458217592593 0.0370757900387632 0.000126562812072126 1.00000000
16063112 63.9654166666667 0.0356423602156331 0.000112536022038161 1.00000000
16063113 63.9891319444444 0.034715815508332 0.000118906888647732 1.00000000
16064001 64.0104513888889 0.0357139702926622 0.000155157394624601 1.00000000
16064002 64.0255439814815 0.0366643987823514 0.000191490069955459 1.00000000
16064006 64.1098032407407 0.0366865722565581 0.000163538739978694 1.00000000
16064007 64.1171064814815 0.0365544777980026 8.60740540242978e-05 1.00000000
16064008 64.1425231481482 0.0355686573548163 8.72908146047765e-05 1.00000000
16064009 64.1672800925926 0.0355515138396479 9.60639839215739e-05 1.00000000
16064010 64.1894444444444 0.0365065293229436 9.77829093834824e-05 1.00000000
16064013 64.2146990740741 0.0346278700385461 0.000540376634598913 1.00000000
16064014 64.2195949074074 0.0348339515284678 0.000538678818255712 1.00000000
16064016 64.2239699074074 0.0348041665317421 0.000172557272266739 1.00000000
16064017 64.2317361111111 0.0349670685292575 0.000305153530501712 1.00000000
16064018 64.2382523148148 0.0366214010528835 0.00011722123291809 1.00000000
16064019 64.2847685185185 0.0356261752546408 0.000157093804835478 1.00000000
16064020 64.2965972222222 0.0347936168896508 0.000155963688320602 1.00000000
16066022 66.4352083333333 0.0359213713101195 0.000134413501077279 1.00000000
16066023 66.4526388888889 0.0362645597391214 0.000105442467854604 1.00000000
16066024 66.4743402777778 0.0363342285022462 0.000102464414485358 1.00000000
16066025 66.4987384259259 0.0367473452125964 0.000231224401383864 1.00000000
