16044110 44.800150462963 0.906919805287253 0.00166132993805078 3.00000000
16044111 44.8059837962963 0.924522656714766 0.00101863140121851 3.00000000
16044112 44.8182638888889 0.922501886215713 0.00217022879993885 3.00000000
16044113 44.8257291666667 0.909190109176125 0.0016467109685425 3.00000000
16044114 44.829837962963 0.879075104127189 0.00114003204374252 3.00000000
16044120 44.849525462963 0.877885934519554 0.000502172961830251 60.00000000
16044123 44.8721990740741 0.842116365116526 0.00132392941191568 60.00000381
16044133 44.9576736111111 0.857806563130439 0.00115273685460507 60.00000000
16044134 44.9634490740741 0.865867389370997 0.00114179873699842 60.00000000
16044135 44.9701851851852 0.861509029253173 0.00158266705464082 60.00000000
16044136 44.974849537037 0.873896113370452 0.00169674137934198 60.00000000
16044139 44.9945138888889 0.876371019803964 0.000352568362802595 60.00000000
16045001 45.0234375 0.854713362631457 0.00142282004811195 60.00000381
16045032 45.0671412037037 0.817424460161948 0.000331423244458877 60.00000000
16045033 45.0986805555556 0.852801734451464 0.000386776966716628 60.00000000
16045042 45.2471527777778 0.870926592498679 0.00291227451767471 60.00000000
16045043 45.2576157407407 0.859137861044443 0.0002822508225038 60.00000000
16045044 45.2864699074074 0.863234766430712 0.000398915367367917 60.00000000
16045045 45.3018865740741 0.853260383129572 0.000324439606611945 59.99999619
16045047 45.3314351851852 0.859774350254596 0.000656423087609491 60.00000000
16045048 45.3431944444444 0.877431086417702 0.00133882594045688 60.00000000
16045049 45.3461458333333 0.84080560435756 0.00140962279707149 60.00000381
16045052 45.3565162037037 0.871031787180183 0.000308602711282539 60.00000000
16045054 45.3887152777778 0.857993788762625 0.000440009048582584 59.99999237
16045055 45.4056481481481 0.863104083316523 0.00104308286689483 59.99999619
16045056 45.4188657407407 0.838788082330228 0.000601194454653552 60.00000000
16045067 45.4691435185185 0.842976901416732 0.000414325050530652 59.99999619
16045068 45.4916898148148 0.86729156474777 0.000464435032103392 59.99999619
16045070 45.514537037037 0.83895889168046 0.000668498988378234 60.00000000
16045082 45.6144560185185 0.873326798919097 0.00191839691406272 120.00000000
16045083 45.6172916666667 0.880193210445199 0.00225222803122497 120.00000000
16045084 45.6199305555556 0.864996007436029 0.00276225152770935 120.00000000
16045085 45.6215162037037 0.861721174041447 0.00214025727919233 120.00000000
16045086 45.6241435185185 0.885510397352274 0.00192474132109243 120.00000000
16045087 45.6276736111111 0.853378056907355 0.0026968366999028 120.00000763
16045088 45.6301041666667 0.872190357842973 0.00293900029343106 120.00000000
16045089 45.631875 0.862363195165174 0.000847344931523083 120.00000000
16045090 45.6420601851852 0.878541393276222 0.00102219937415781 120.00000000
16045093 45.6491550925926 0.873948513277934 0.00318196552213806 120.00000000
16045095 45.6545601851852 0.86785762865373 0.0011613941620057 120.00000000
16045096 45.6568402777778 0.885376899730606 0.0104425422126025 120.00000000
16045097 45.658900462963 0.881595853019251 0.00224175572839176 120.00000000
16045098 45.6622685185185 0.86542952451051 0.00122853295262661 120.00000763
16045099 45.6643634259259 0.877726927203447 0.00217063749601602 120.00000000
16046074 46.824224537037 0.843916751328563 0.000443729476764918 120.00000000
16046075 46.8419212962963 0.83438225750799 0.000464907885914863 119.99999237
16046076 46.8590046296296 0.834830119275314 0.000616063671028601 120.00000000
16046077 46.8684027777778 0.823451888969301 0.00134431928578652 120.00000000
16046078 46.8713310185185 0.809988876864207 0.00179872738203861 120.00000763
16046080 46.8746412037037 0.828766905048572 0.000457822719071009 120.00000763
16046081 46.8947916666667 0.841257231253729 0.000493910907404984 120.00000000
16046082 46.9132175925926 0.830887391075039 0.000630086024550969 120.00000000
16046083 46.9244791666667 0.841232734482693 0.00149762608354729 20.00000000
16047004 47.0439699074074 0.88865923750065 0.00200689283145374 20.00000000
16047005 47.0463657407407 0.883614395863979 0.000409875003315442 20.00000000
16047008 47.0618287037037 0.83055748869945 0.000431308921085167 20.00000000
16047009 47.0750347222222 0.843088931984034 0.00180986793414412 20.00000000
16047101 47.7563310185185 0.854491904185452 0.00330314333204336 40.00000000
16047102 47.7574537037037 0.850749240410376 0.00414101663662454 40.00000000
16047103 47.7588078703704 0.8563416547429 0.00173006267646024 40.00000000
16047104 47.7612962962963 0.796072112702696 0.00780937159796442 40.00000000
16047106 47.7635648148148 0.813976166538431 0.000346879290393793 40.00000000
16047108 47.7818865740741 0.821351713194369 0.000585589893926815 40.00000000
16047121 47.8283680555556 0.803265346383445 0.000377885458355736 40.00000000
16047122 47.8456597222222 0.833583145376504 0.000399158999474743 40.00000000
16047124 47.8655439814815 0.805797213489196 0.000393891377383817 40.00000000
16047125 47.8835069444444 0.827195432694029 0.000398731287772852 40.00000000
16047126 47.9014930555556 0.814662426920319 0.000508883073067504 40.00000000
16047131 47.9259837962963 0.808490608644383 0.000432382362174212 40.00000000
16047136 47.9517013888889 0.795692778193867 0.000422792113966587 40.00000000
16047137 47.9696180555556 0.833176596046875 0.000421015226009885 40.00000381
16047138 47.9875810185185 0.816126691103883 0.000415942610555799 40.00000000
16048001 48.005462962963 0.807966597184694 0.000440586145535216 40.00000000
16048002 48.0232638888889 0.798026124338881 0.000595962920015946 40.00000000
16048003 48.0492476851852 0.813295294970716 0.000530224807580198 40.00000000
16048004 48.0643865740741 0.824850088300224 0.000380701058179767 40.00000000
16048009 48.106099537037 0.795270433708869 0.000487897245473693 40.00000000
16048011 48.2099768518518 0.865034108633354 0.00089217141324043 40.00000000
16048012 48.2157407407407 0.834686200793824 0.000810787835606908 40.00000000
16048014 48.2508449074074 0.83775218111026 0.000363332202121099 40.00000000
16048015 48.2765625 0.816164464137723 0.000501754307329043 40.00000000
16048016 48.2911458333333 0.835908492216803 0.000365397137802385 40.00000000
16048017 48.313287037037 0.795621982635351 0.000400927046109 40.00000000
16048018 48.333587962963 0.831850118648312 0.000349061531945229 40.00000000
16048019 48.3581481481482 0.804439495821337 0.000548012622534089 40.00000000
16048022 48.3873958333333 0.804469059940939 0.000379643753458652 40.00000000
16048023 48.4098842592593 0.799807914591896 0.000483145240035458 40.00000000
16048024 48.4343634259259 0.807818270390449 0.000375882420538927 40.00000000
16048025 48.4580555555556 0.761371565126737 0.000726401853793753 40.00000000
16048026 48.4653356481481 0.815902433540006 0.000381054691125892 40.00000000
16048027 48.4898842592593 0.789493058074976 0.000376773419697104 40.00000000
16048028 48.5150347222222 0.788976994515494 0.000410234223055035 40.00000381
