16048109 48.7655555555556 0.144776564656615 0.000194627566173812 25.93189430
16048110 48.7868055555556 0.136981806370949 0.000237785158734482 23.59963417
16048111 48.8020949074074 0.135535873225041 0.000274237860512957 23.21647644
16048115 48.8338888888889 0.004430586111983 1.89881943874981e-05 20.45109940
16048116 48.8390277777778 0.00446166697743883 2.46934557128623e-05 20.55938148
16048117 48.8450231481482 0.00442789493015692 1.22753942930557e-05 20.07905197
16048118 48.8548032407407 0.00437856290546648 1.52768400311097e-05 19.73476791
16048119 48.8631018518519 0.00441752708157726 1.48763457525083e-05 19.59594345
16048120 48.8703587962963 0.00437684136047247 9.39238805342129e-06 19.41547203
16048121 48.8972222222222 0.00435654458816473 8.89528931571981e-06 17.96615028
16048122 48.920462962963 0.00435047655669491 9.43035361406807e-06 17.22483063
16048125 48.9488773148148 0.00417519310955641 1.18451138601629e-05 16.50849915
16048126 48.9610532407407 0.00416224702175749 1.77980279592265e-05 16.06148720
16048127 48.9681944444444 0.00413047848720115 8.56215853215059e-06 15.82826233
16048128 48.9911226851852 0.00411376365869548 1.43264834533291e-05 14.80374146
16049010 49.1021527777778 0.1350061765795 0.000236391467663988 22.65007019
16049012 49.1203009259259 0.131315100190997 0.000227320229690737 20.55660629
16049013 49.1373611111111 0.129172624215376 0.000292627741793298 20.97307587
16049014 49.1500810185185 0.00443637708082152 2.5336078487188e-05 19.60704994
16049015 49.1565509259259 0.00441271071086443 2.34627648766416e-05 19.55984879
16049016 49.1619328703704 0.00435013466140003 3.73232549979995e-05 19.18502426
16049017 49.1663657407407 0.120454356701721 0.000203747174016909 18.51311684
16049018 49.1901273148148 0.118859999901903 0.000286143098236212 18.07998657
16049019 49.2071296296296 0.00422987494080167 3.29518430255247e-05 17.35254860
16049020 49.2094444444445 0.111203280953938 0.000198481979404192 16.70007706
16049021 49.2334722222222 0.110580510967339 0.000365098949473123 16.08647537
16049022 49.2450231481481 0.110815549584084 0.000290140966106072 15.81160259
16049023 49.2579861111111 0.00421572198279302 1.37865877559736e-05 15.57282543
16049024 49.2688310185185 0.108226189608655 0.000295250556167156 15.35070801
16049025 49.2837037037037 0.109354877695289 0.000293213964611536 15.02030659
16050009 50.2655208333333 0.133356646548383 0.000191099931281518 28.18363571
16050010 50.2875810185185 0.00454839733059547 6.98031901420261e-06 26.66489029
16050011 50.3120717592593 0 0.0145268919746747 25.80139732
16050036 50.7092824074074 0.141883876953805 0.00175513178332588 29.97725487
16050037 50.712349537037 0.146302380335736 0.000216059772100711 29.38863754
16050038 50.7307523148148 0.142260535386652 0.000835713413023199 28.48072243
16050039 50.7338425925926 0.136634359856541 0.000596463742576407 28.96938515
16050040 50.737974537037 0.135031281178471 0.000206238108996658 28.27525902
16050041 50.758125 0.00454266205098966 3.27946645032757e-05 26.28728676
16050042 50.7629166666667 0.128706731623087 0.000592769274277279 25.72643471
16050043 50.7663078703704 0.00461106745255728 1.63995712677698e-05 25.84304428
16050044 50.7796412037037 0.00454278783974211 3.08697604135047e-05 25.09616852
16050048 50.7940625 0.00450045160971092 3.29071734875655e-05 24.57696152
16050049 50.7983101851852 0.0045133298775968 1.96094717076066e-05 24.40759659
16050050 50.8052893518519 0.00444705912671921 6.09056299300438e-05 23.85507202
16050051 50.807337962963 0.00448288301740602 4.84804774752069e-05 23.56353951
16050052 50.8102083333333 0.00441420198224273 8.22914132156866e-06 23.89949608
16050053 50.8317361111111 0.00437079991123287 2.69730519526898e-05 22.55566788
16050054 50.837349537037 0.00438526035994745 8.99093308197755e-06 22.42795181
16050065 50.8721990740741 0.00434763434810944 1.9427577784734e-05 21.25349998
16050066 50.8808796296296 0.00433315033913269 8.74984670313458e-06 21.27849007
16050070 50.919537037037 0.00427619718284427 2.91157596187628e-05 19.98464966
16050071 50.9247222222222 0.00417626328814072 8.55657156939538e-06 19.60427284
16050072 50.9482407407407 0.00423484383019504 1.03403201934714e-05 18.83241081
16050073 50.9656018518519 0.00417746833780483 1.13394757406014e-05 18.22713852
16050075 50.9857291666667 0.00417140691401221 1.59559953841613e-05 17.78845596
16050076 50.9960416666667 0.00407568346602367 1.71565393343916e-05 17.50803185
16051001 51.0042592592593 0.00415873516263186 1.38568141461051e-05 17.41363144
16051003 51.0204976851852 0.00419409324048012 1.85146034578423e-05 15.53950787
16051004 51.0283564814815 0.00419983845222317 1.40950600586897e-05 15.38124847
16051007 51.0523032407407 0.00415575935451934 1.09811062656349e-05 14.77320099
16051008 51.0736226851852 0.0040866020210367 1.09114444776562e-05 14.06242180
16051009 51.0949652777778 0.00415307094479384 1.53782409231617e-05 13.17117310
16051022 51.2465625 0.120304758388977 0.000399841711648381 25.73753929
16051026 51.3206365740741 0.143065522251125 0.000762806107608192 29.90228844
16051027 51.3226736111111 0.138434940090355 0.000161254670627592 30.65472031
16051028 51.3525578703704 0.128669604105965 0.000240357667908603 28.39464951
16051029 51.3725810185185 0.00450639918640156 1.05171746935595e-05 26.87312889
16051030 51.3837384259259 0.00441260492407623 2.61421820215854e-05 27.70052528
16051031 51.3878125 0.00441685108054977 1.74201498410253e-05 27.18687057
16051032 51.3934837962963 0.00438121390072001 1.04323588093202e-05 25.76530457
16051033 51.4051851851852 0.00435309909464289 1.53595097376361e-05 26.17067337
16051034 51.4116550925926 0.00434047535018665 3.52797252690013e-05 25.73753929
16051035 51.414525462963 0.00438769798807539 1.47885757726369e-05 25.47655106
16051036 51.4216319444444 0.0042878388166091 1.07971134453621e-05 25.17668533
16051037 51.4361921296296 0.00433032871554963 1.21890610551362e-05 25.04341507
16051038 51.4474537037037 0.00434087734592551 1.53439921022229e-05 24.84905815
16051039 51.4541782407407 0.0042481909331163 1.0336499479868e-05 24.47145462
16051040 51.4710300925926 0.00422565641132 1.53898650381054e-05 23.43859673
16051041 51.4787962962963 0.00428748895841657 1.13818476045524e-05 23.15261650
16051042 51.4955439814815 0.00431810304009063 2.9190579279634e-05 22.72503662
16051044 51.5004861111111 0.00426738234553685 1.63641500880105e-05 22.26691628
16051045 51.5066435185185 0.00426926412707532 9.68759009247642e-06 21.92263222
16051046 51.5242361111111 0.00427819592963723 5.24901146347062e-05 21.68940735
16051047 51.5255324074074 0.0041519408793283 1.19598822775876e-05 21.17576027
16051048 51.5382060185185 0.00426035840281159 9.91291398448209e-06 20.89533615
16051049 51.5557638888889 0.00413003313901182 9.89166359636315e-06 20.20399094
16051050 51.5760069444444 0.0041348179515694 1.74373245880914e-05 20.17067337
16051051 51.583912037037 0.00411015215853851 1.41031942062652e-05 19.44323730
16051052 51.5970833333333 0.00410166993323988 1.39414109170696e-05 19.14615250
16051056 51.6133680555556 0.00412844461861986 1.03846232510939e-05 18.51866913
16051057 51.6341666666667 0.00410487502756744 1.047479946429e-05 18.06610489
16051058 51.6523842592593 0.00407766099730722 1.35316321342169e-05 17.39974785
16051059 51.6635416666667 0.00406145980213747 1.18256041089247e-05 17.09156036
16051060 51.6832638888889 0.00406277439782069 1.69018209130893e-05 17.46083069
16051101 51.885462962963 0.142402535280044 0.000245146752056259 21.76992607
16051102 51.9005439814815 0.138656667502672 0.000383418068533297 20.59547615
16051103 51.9073263888889 0.135346476268537 0.000208315271605138 20.47331047
16051104 51.9308333333333 0.00448900713797097 3.04349049007751e-05 18.43537521
16051105 51.9359606481482 0.00444880966459184 1.54533999598517e-05 18.72412872
16051106 51.945775462963 0.00438980097938335 4.14451478079098e-05 18.13551712
16051107 51.9484375 0.0044408925109405 1.45287509760892e-05 18.16605759
16051108 51.9566435185185 0.00439702005447151 3.69267508424803e-05 17.24704361
16051109 51.9593171296296 0.00440276737719739 2.63434570303917e-05 17.80233765
16051110 51.9622106481482 0.00441626336229247 1.9025209630099e-05 17.32200813
16051111 51.9673148148148 0.00446978658471458 2.22857136567946e-05 17.21650124
16052013 52.2808680555556 0.136894861177996 0.000190720542301196 24.24378204
16052015 52.3025347222222 0.130505210360443 0.000205025520851196 23.73568344
16052016 52.3210763888889 0.123886714040323 0.000199012900896948 23.46358490
16052017 52.3405555555555 0.00434773435949155 1.47191375708696e-05 22.44183350
16052018 52.3523032407407 0.00423017434692599 8.54228654810956e-06 21.22573471
16052019 52.3691203703704 0.00425076672330298 8.68668356685966e-06 20.89811134
16052021 52.3903240740741 0.00411919827597375 2.67356663809989e-05 19.77641487
16052022 52.3956018518519 0.00411352807889037 2.24444025931363e-05 19.13504791
16052023 52.4020833333333 0.00413741078458342 2.87181166028201e-05 18.69358826
16052028 52.4211111111111 0.00416492238032171 9.94204605542209e-06 17.04713631
16052030 52.4431944444444 0.00394973018751011 1.61193942638299e-05 16.30859184
16052031 52.45125 0.00392580350651062 9.21936999358262e-06 15.61725044
16052032 52.4716550925926 0.0103796163424726 8.32497523391566e-05 16.92497063
16052034 52.4786689814815 0.00397849850182885 1.06715949518597e-05 16.85278320
16052035 52.4924421296296 0.00392581807490062 4.77828675125849e-05 16.78892326
16052036 52.4994907407407 0.00399871303185802 3.36578840018475e-05 16.33913422
16052037 52.5014814814815 0.00394854399415548 1.48914199378022e-05 16.35579300
16052038 52.51 0.00396755891502319 1.3425165368188e-05 16.46962929
16052039 52.5226967592593 0.00390163467557808 3.96559862482719e-05 16.03649712
16052040 52.525462962963 0.00386324054056513 1.47974630914338e-05 15.94487476
16052041 52.5334143518519 0.00389244488482969 9.58491845357891e-06 15.82548523
16052042 52.5514351851852 0.00381767036111225 4.02307902804746e-05 15.63113213
16052043 52.5542708333333 0.00383996250035219 4.19262485325987e-05 14.86760139
16052044 52.5571527777778 0.00386647806310294 9.25861850447699e-06 15.22576618
16052045 52.5769791666667 0.00383352617702363 1.84553962751255e-05 14.85094166
16052046 52.5823263888889 0.00382455827690817 6.53735293485503e-05 15.18967247
16052048 52.5898032407407 0.00387156949563761 4.15558642437957e-05 14.90924835
16052049 52.5931944444444 0.00390479711895002 9.58840801121339e-06 14.71489429
16052050 52.6128819444444 0.00380138486097091 1.71953002432315e-05 14.18181038
16052051 52.6192476851852 0.00347756389916928 2.24908841003787e-05 14.27343464
16052087 52.9683796296296 0.132592341402065 0.000249788240368033 23.83563614
16052088 52.9803009259259 0.133527656729392 0.000242037095505636 23.46913910
16052089 52.9940162037037 0.130518146200502 0.000200143690942987 23.25812340
16053001 53.014525462963 0.00444119344766245 3.06210825784647e-05 22.27802086
16053002 53.0172916666667 0.00440239407385015 7.40371487611299e-06 21.60611343
16053003 53.0394212962963 0.00436195092627599 7.42796385112812e-06 21.00361824
16053004 53.0619560185185 0.00425485044996523 7.59978530290375e-06 20.13180351
16053005 53.0846643518518 0.00420077021501087 2.03484521526858e-05 18.96290588
16053006 53.1081944444445 0.00424252776606703 8.26424802074497e-06 18.32986832
16053007 53.1293865740741 0.0041960202268653 9.15438477039644e-06 17.75236130
16053008 53.1472222222222 0.00413413795987931 1.05807700274843e-05 16.79725266
16053009 53.1656018518518 0.00417818628765539 8.67793359089809e-06 16.84722900
16053010 53.1873148148148 0.00408576954441631 8.67115088248303e-06 15.87546253
16053011 53.2090509259259 0.00403669401439845 1.40146745123817e-05 15.60336781
16053012 53.2177199074074 0.00406665735182405 9.92128190893886e-06 15.34237862
16053017 53.244537037037 0.00406353775003321 1.82846075275026e-05 14.83705902
16053019 53.2529398148148 0.00403073647282728 1.48448994071444e-05 15.00642395
16053030 53.2901273148148 0.00397498572199696 1.52517714607589e-05 13.85696220
16053031 53.2985763888889 0.00399209605843678 1.38711792449924e-05 13.74035072
16053043 53.4778935185185 0.136312935123145 0.00018210551807007 29.09155273
16053044 53.5005671296296 0.12935703216232 0.0003662059232055 27.24517822
16053045 53.5067476851852 0.00438835317575992 7.99834852001755e-06 25.99297714
16053046 53.5256481481482 0.00431405016643948 8.04652917938601e-06 24.88515282
16053047 53.5439236111111 0.00429163233766499 8.22348967840119e-06 23.97446060
16053048 53.5620023148148 0.0042421493575175 8.23624666988808e-06 22.78056717
16053049 53.5822569444444 0.00418552273895524 2.32024482137798e-05 22.30578613
16053051 53.5908101851852 0.0042121723021904 1.76095036358491e-05 21.47562027
16053052 53.5958564814815 0.00415738936521077 8.40630086181984e-06 21.71439743
16053053 53.6146412037037 0.00409302513152769 1.85282834591841e-05 20.32893372
16053054 53.6208564814815 0.00408638490421978 8.49353114085035e-06 20.40389824
16053055 53.638912037037 0.00414955955628042 1.10447883251325e-05 19.96243858
16053056 53.6503009259259 0.00408365962637277 8.7357637001443e-06 19.23777771
16053057 53.669537037037 0.00404703299979672 1.21606539060345e-05 18.58530617
16053058 53.6792476851852 0.00403011605459536 1.65442396552248e-05 18.53810501
16053059 53.6848726851852 0.00403303848391967 8.73833904160658e-06 18.87405777
16053060 53.7068055555556 0.00400611593123428 1.5730654078165e-05 17.78567886
16053061 53.7133796296296 0.00393551210421226 2.26224325335983e-05 17.82177353
16053062 53.717962962963 0.00400549296025644 1.24476506686955e-05 17.22760773
16053063 53.7283564814815 0.00402299190992289 9.07330766431389e-06 16.98605347
16053064 53.7479513888889 0.00399880176410372 9.03998795754536e-06 16.33635712
16053065 53.769375 0.00402143996872733 8.40929796464353e-06 15.73663807
16053066 53.7930902777778 0.00397218842512227 8.89723911755034e-06 15.09804821
16053067 53.8145486111111 0.00391244258610067 1.51749254430753e-05 15.44233131
16053073 53.8991435185185 0.143889780227982 0.00018201825967057 31.17670250
16053074 53.9206018518518 0.134558173235682 0.000183010703482266 28.80001831
16053075 53.9421296296296 0.00426892034527415 7.63881709720634e-06 26.95087051
16053077 53.9655092592593 0.00423033096330887 1.77247259725558e-05 25.46544266
16053078 53.9722800925926 0.00430463481484044 7.15926721593247e-06 25.37659454
16053079 53.9938773148148 0.00424696200876935 7.25881739856583e-06 23.70514297
16054001 54.0153935185185 0.00424426812858581 1.17578034439617e-05 23.16094589
16054002 54.0244675925926 0.00412448701769752 2.29158353322684e-05 22.76945877
16054003 54.0304976851852 0.996288622418488 0.00332659105777825 21.73660851
16054005 54.0371643518518 0.00412751742516201 7.49577695164464e-06 21.47284317
16054006 54.0604976851852 0.00413260797917971 8.83486394790923e-06 20.59825134
16054007 54.0791435185185 0.00408731363043903 7.9041834557827e-06 19.75975418
16054010 54.103287037037 0.00410313525251785 8.12381313616303e-06 18.93514061
16054011 54.125 0.00394715713852763 1.12691866435825e-05 18.39372826
16054012 54.1397453703704 0.00400857200254066 8.75082683921778e-06 17.24426651
16054013 54.1616782407407 0.00396788585217252 8.57313095915819e-06 16.81668854
16054014 54.1837384259259 0.00392267918646504 1.02378170033329e-05 15.73108482
16054015 54.1999074074074 0.00392315109086332 3.15247003060883e-05 15.21466064
16054016 54.2035185185185 0.00384520539878529 9.2005974342984e-05 15.44233131
16054017 54.2046875 0.00389559705423268 3.53105248475308e-05 14.59272957
16054018 54.2074305555556 0.00391289177111362 5.37829654316471e-05 15.18134308
16054019 54.2090625 0.00390559175648047 8.97541756844673e-06 15.12303638
16054020 54.2308217592593 0.00383257481921197 1.01296524812683e-05 14.63992882
16054021 54.2481828703704 0.00390660514437549 2.17122352216294e-05 14.60938835
16054022 54.2549884259259 0.0039879164594899 3.37572503892481e-05 13.84863281
16054059 54.5834953703704 0.14043705008728 0.000171139593914956 28.64175987
16054060 54.6094675925926 0.131986647720951 0.000266608718455696 25.50986671
16054061 54.6209027777778 0.00437355570491758 4.0450794785822e-05 25.25720596
16054062 54.6241550925926 0.00430470179533408 1.19455437845453e-05 25.20167542
16054063 54.6316435185185 0.00424504155061285 8.07750727122046e-06 25.13781548
16054064 54.6484027777778 0.00417833827713982 1.11882325794919e-05 23.54410362
16054069 54.6642939814815 0.0041746458987887 8.90327954113339e-06 14.83350468
16054070 54.6816782407407 0.00405152361011199 8.25349316832386e-06 7.73114777
16054072 54.7055439814815 0.00412329258508999 1.10779755482155e-05 7.28167248
16054073 54.7170949074074 0.00410531965602127 6.21883648641661e-05 6.99128675
16054074 54.7184953703704 0.00396433654542065 7.49048195552229e-05 7.15804291
16054075 54.7208449074074 0.00410262031370976 1.65834994240955e-05 7.06316423
16054077 54.7269560185185 0.00395812680363836 1.75748629924919e-05 6.88203239
16054078 54.7314699074074 0.00404401015089095 7.82959277304892e-06 6.74977732
16054079 54.7529861111111 0.00407122876637232 8.06632362109685e-06 6.65298223
16054080 54.8107175925926 0.00393568278544678 7.72179147955999e-06 6.01279163
16054082 54.8397106481481 0.00389321528528909 6.51753588653262e-06 5.82399225
16054086 54.8842361111111 0.00418428177417412 1.08361710752788e-05 5.51060581
16054087 54.9010069444444 0.00424848816085426 1.80894448787542e-05 5.32372332
16055002 55.0092708333333 0.00484226175485028 6.90602637039073e-06 9.06807327
16055003 55.0333796296296 0.00474428953238614 7.58435365626884e-06 8.25633430
16055004 55.0567476851852 0.00469733537098408 7.11581625982267e-06 7.76181602
16055005 55.0856481481481 0.00459819934378327 9.86274351444754e-06 6.94528484
16055006 55.1020601851852 0.00452488005708188 3.21342574436011e-05 6.81877995
16055007 55.105474537037 0.00455718320581706 8.24870494406836e-06 6.72869301
16055008 55.1300810185185 0.0044697665920968 3.45462451625356e-05 6.45172453
16055009 55.1333564814815 0.00449930958863787 1.47151229865644e-05 6.39613914
16055010 55.1421064814815 0.00444446949291281 7.35610281026988e-06 6.02908373
16055011 55.1747685185185 0.00440575043313126 7.60506913832228e-06 5.85178518
16055012 55.2079513888889 0.00434931588397047 7.82396141137342e-06 5.54894066
16055013 55.2399768518518 0.00434089630007439 1.03261161080332e-05 5.31030607
16055014 55.2603472222222 0.00433428111673737 1.89145008190873e-05 5.16559267
16055018 55.273587962963 0.00434721903821479 1.67658563725049e-05 4.78991175
16055019 55.2883449074074 0.00426006762427559 1.33669022151752e-05 4.88766527
16055021 55.3037731481481 0.00430780510885406 1.05220706601966e-05 4.62507200
16055022 55.324537037037 1.00002221312116 0.000637460076655282 4.56469488
16055024 55.3327199074074 0.0042991943894062 1.48326856596108e-05 4.33181095
16055025 55.3447453703704 0.00415525331914518 4.65954138629935e-05 4.33181095
16055120 55.7071296296296 0.00413353236420193 5.73835671215458e-06 11.19948769
16055121 55.7289930555556 0.00419414570023319 5.29721651974051e-06 10.58996391
16055122 55.7608912037037 0.00410284829885964 7.11044421881655e-06 10.07531929
16055123 55.7797685185185 0.00410647835629443 5.9262975791116e-06 9.13803387
16055124 55.8094212962963 0.948503728560751 0.0315562191557936 8.40583992
16055125 55.8120138888889 0.0039992998365531 7.83974683526107e-06 8.46525860
16055127 55.8319791666667 0.800947838915909 0.00906064053913875 8.11353683
16055128 55.8339930555556 0.00398554272581573 6.3875237910963e-06 7.96115637
16055129 55.8621296296296 0.00392858324479702 5.97641969467091e-06 7.49922228
16055130 55.8963657407407 0.00388206067883588 5.63787318567757e-06 6.90024137
16055131 55.9362962962963 0.00389246121391901 7.23180062032527e-06 6.58781290
16055132 55.9668981481481 0.00377970932957739 1.78534816002812e-05 6.18913126
16055133 55.9718981481481 0.00383132221185849 7.27968740132753e-06 6.22267389
16055134 55.9993981481481 0.00385353042816677 9.08348193130981e-06 5.94762230
16056004 56.0257175925926 0.00386392459595973 5.56980818096382e-05 5.68502903
16056016 56.1417013888889 0.00428650848574561 4.96848945190145e-06 8.91665077
16056017 56.1814467592593 0.00421389146198437 6.35863461833543e-06 7.82698488
16056018 56.2113310185185 0.00414597305925902 6.75652892810345e-06 7.32384062
16056019 56.2402893518518 0.00407172725232552 8.56497902839482e-06 6.86573982
16056020 56.2598726851852 0.00406368686457811 3.77407207365463e-05 6.54947805
16056021 56.2624537037037 0.00411072770093369 2.34340315488468e-05 6.49772644
16056022 56.2658101851852 0.00407801943518085 6.66460910009919e-06 6.28496790
16056023 56.2996296296296 0.00406329698934368 8.11092982978256e-06 6.11533642
16057003 57.0640972222222 0.00430765596162631 5.24620998339793e-06 10.17978191
16057004 57.0982638888889 0.00426309412876152 6.23180601324787e-06 8.93965149
16057005 57.126412037037 0.00412070696333999 6.5267590542185e-06 8.13845444
16057006 57.1538888888889 0.00406877094353038 1.34870820214351e-05 8.21224880
16057007 57.1639351851852 0.00408152387555794 1.00363656947873e-05 7.82027626
16057008 57.1770486111111 0.00404604130904757 1.54403473033435e-05 7.59505939
16057009 57.1832060185185 0.00402512847639313 7.17515018355431e-06 7.50688934
16057010 57.2091087962963 0.00399528123871116 1.03234571261673e-05 7.06028891
16057011 57.2223032407407 0.0039792004273353 1.71543097597481e-05 7.00087023
16057012 57.2316319444444 0.00389876272323439 6.23948513035524e-06 6.93474293
16057013 57.2671527777778 0.00386080630972852 6.81445184079895e-06 6.64244032
16057015 57.2999421296296 0.00387954926396143 1.77043857832832e-05 6.29742670
16057016 57.3053125 0.00388056462013997 8.52192317067894e-06 6.09329414
16057017 57.3272916666667 0.00383362899492362 8.55175355418681e-06 5.89203691
16057018 57.3494212962963 0.00386152774458873 9.91803362735993e-06 5.88149452
16057046 57.7843287037037 0.00444291366283798 7.51734380601741e-06 11.35665894
16057047 57.7984375 0.00436810222764347 1.19871603959519e-05 10.58133888
16057048 57.8053587962963 0.0043562514815351 7.79057626645257e-06 10.46154308
16057049 57.8201273148148 0.00428104553463465 7.88152010234575e-06 9.95935631
16057050 57.8363657407407 0.00413733810918548 6.74529168736112e-06 9.62680244
16057051 57.8581018518518 0.00413704114919817 8.62714403386655e-06 9.09969902
16057053 57.8802083333333 0.00405031879399315 1.30403863672637e-05 8.90610886
16057054 57.8869444444444 0.00404959148884838 1.58286521998432e-05 8.65022373
16058001 58.0010648148148 0.0044275748534241 6.09112288700365e-06 11.39020157
16058002 58.0226157407407 0.00431073859679826 6.3662224416797e-06 10.17403126
16058005 58.0501273148148 0.00419003791293768 1.20315378891836e-05 9.53192425
16058006 58.059212962963 0.00411293631836555 5.53621484145802e-06 9.45333767
16058007 58.0927083333333 0.00399173542839102 4.22964389323658e-05 8.37325573
16058008 58.0980439814815 0.00410777568326008 7.30983835864431e-06 8.48250961
16058015 58.1463425925926 0.00399854325077465 6.36546223871702e-06 7.64681149
16058016 58.1797800925926 0.00397512256586554 1.34897301284253e-05 7.29604816
16058017 58.1877199074074 0.00389638642099488 6.74413678690702e-06 7.03920507
16058018 58.2170601851852 0.00391952240160868 7.5964323399433e-06 6.91653395
16058019 58.2416898148148 0.00386057151732592 7.74814979581765e-06 6.67598295
16058020 58.2651851851852 0.0038839048063577 1.35964197431157e-05 6.41147327
16058021 58.2807060185185 0.00383043790052597 7.56221522058288e-06 6.25238323
16058022 58.3087268518519 0.00376441656050249 7.90803250901758e-06 6.15175486
16058023 58.3332175925926 0.00381446417556005 8.70258456327569e-06 5.93707991
16058024 58.3549421296296 0.0037229140871652 1.87223186871423e-05 5.66873693
16058025 58.3631365740741 0.00376498687911245 2.85244927835698e-05 5.62752676
16058026 58.3664351851852 0.00369413666951934 9.0863151811051e-06 5.60548401
16058070 58.6064351851852 0.004435034011136 4.17909180095075e-05 12.43098354
16058071 58.6077546296296 0.00433363780195513 2.9275279580312e-05 12.20576763
16058072 58.610474537037 0.004168463175134 9.61007605928042e-05 12.01888752
16058073 58.6123032407407 0.00430757215934871 6.77492925021016e-05 12.02080345
16058074 58.6174074074074 0.00405977904318409 2.6633957481684e-05 2.84693980
16058077 58.6283101851852 0.00406518776512646 5.44111984852094e-06 11.46878719
16058078 58.6538078703704 0.00400906813137637 6.41910577837904e-06 10.33216286
16058079 58.6752777777778 0.00393224272101645 6.82349498136134e-06 9.42458725
16058080 58.6960185185185 0.00379819064916063 7.84340549867945e-06 9.00290394
16058082 58.7217824074074 0.00387464832684345 7.70493377209613e-06 8.58409595
16058083 58.7399189814815 0.00381333698104221 4.32759040045768e-05 8.37325573
16058084 58.7414236111111 0.00389016994569541 1.31962132877029e-05 8.57163811
16058085 58.7554398148148 0.00390058388403667 8.79718913566957e-06 8.36846352
16058086 58.7787037037037 0.00384484127345574 9.04422220314436e-06 7.89694548
16058087 58.7962615740741 0.00379683569103972 8.97946853475526e-06 7.39571857
16058088 58.8135069444444 0.00382595323238448 9.19448078702244e-06 7.20500278
16058089 58.8328819444444 0.00380648573060113 9.45565128413276e-06 6.92611742
16058090 58.8497453703704 0.0037631939039341 9.75469296144244e-06 6.78236198
16058091 58.8663194444444 0.00368490322019892 9.49006259645704e-06 6.24567509
16058092 58.885787037037 0.00761038325101842 5.43272527852114e-05 6.28400993
16058093 58.889537037037 0.00369009424642099 1.0028867875518e-05 6.21309042
16058095 58.9125347222222 0.00380026856339703 1.03573921394735e-05 6.00129080
16058096 58.9298842592593 0.00367487090778312 1.04269506951448e-05 5.79236650
16058100 58.9515162037037 0.00361590023521181 2.13741642544054e-05 5.34959984
16059008 59.0646759259259 0.00412287933818087 6.54286071378394e-06 12.57282066
16059009 59.0793402777778 0.00406375220692298 6.76874930118017e-06 12.09939003
16059010 59.1065972222222 1.00021357507014 0.000298321393791405 11.08160686
16059011 59.1293634259259 0.00396318591864405 7.36111648375034e-06 10.65129948
16059012 59.1440162037037 0.00382304702587701 7.30719435473936e-06 10.14432144
16059013 59.1586342592593 0.00377779914616831 1.15705717436547e-05 9.99577427
16059015 59.2538310185185 0.00410117154369778 5.24924694417727e-06 13.03379345
16059016 59.2756134259259 0.00405482159816958 5.48171558995509e-06 11.81954861
16059017 59.2974305555556 0.00399798041623362 5.50090044964483e-06 11.69016933
16059018 59.3213541666667 0.00396281597496858 7.50249430456658e-06 10.88705826
16059019 59.3401041666667 0.00382902253428064 5.66858525638362e-06 10.42224979
16059020 59.3723263888889 0.00380687947218464 2.67348308440558e-05 9.79355907
16059021 59.3742824074074 0.00390867681958061 2.62221468773339e-05 9.57505131
16059022 59.3761689814815 0.00381997866285408 6.08821641338116e-06 9.54438305
16059023 59.4052546296296 0.00376396416592541 6.26332334370966e-06 8.98948669
16059024 59.4287037037037 0.00379273619173461 6.37535081772162e-06 8.80739689
16059025 59.4530671296296 0.00368897583852972 7.00945848719621e-06 8.33396244
16059026 59.4751273148148 0.00368026344035968 1.27812222182628e-05 8.11449528
16059027 59.4872337962963 0.00368836084772593 2.92766802834474e-05 8.05124283
16059028 59.4936574074074 0.00365122678054534 1.17334677972758e-05 7.86819506
16059029 59.5021759259259 0.00358077270173945 2.93619406827911e-05 7.65639496
16059030 59.5045486111111 0.00368074761667113 6.75398081489731e-06 7.80206728
16059031 59.5289351851852 0.0036259737034075 6.88467765106618e-06 7.35259199
16059041 59.567962962963 0.00767915945205966 3.37323947767035e-05 6.93186760
16059062 59.893287037037 0.00868999303771512 1.01761932028166e-05 12.16455746
16059064 59.9244212962963 0.00853738196180965 1.71141105274797e-05 10.90910149
16059065 59.9363425925926 0.00847716650275859 1.90677068396635e-05 10.56696224
16059066 59.9479398148148 0.00843762588476205 2.27311426890498e-05 10.36187267
16059067 59.9561458333333 0.00834064676222779 1.26142741142534e-05 10.15103054
16059068 59.9813425925926 0.0082754913044714 2.1175171793247e-05 9.51659012
16059069 59.9946990740741 0.00822053300831519 1.30414762662781e-05 9.15816021
16060001 60.026724537037 0.00811524738954254 1.72490797060352e-05 8.37325573
16060002 60.048287037037 0.00808013079781964 1.73423573149663e-05 8.03015900
16060003 60.0650694444444 0.00798940223326819 1.4560329473917e-05 7.90077972
16060004 60.0903009259259 0.00793363250133634 1.47281744640681e-05 7.33917475
16060005 60.1153819444444 0.00788754616123933 1.36634960900666e-05 7.12545824
16060008 60.1677083333333 0.00779362391431858 1.77518766503112e-05 6.44022417
16060011 60.1911342592593 0.00774841132078068 1.73337484175095e-05 6.29551029
16060014 60.2174884259259 0.00768824666380564 2.48648803855819e-05 5.90162039
16060016 60.3280324074074 0.0088596615673349 1.91860263537268e-05 13.19096375
16060017 60.3383449074074 0.00876448069922658 8.65138804927106e-05 12.02942944
16060018 60.3402893518519 0.008264871159293 0.000230208769022845 12.18564224
16060025 60.3574189814815 0.00859408313254279 1.0984885100581e-05 11.75821304
16060026 60.3867708333333 0.0084876254382342 2.21076246338055e-05 10.75384521
16060027 60.3965277777778 0.00842944810573394 1.38979214559849e-05 10.49987698
16060028 60.4184259259259 0.00818173865874837 9.60809452753402e-05 10.05806923
16060030 60.4258564814815 0.00828329638909627 7.27328615759008e-05 9.81751823
16060031 60.4284027777778 0.00824541952970602 1.88686057856363e-05 9.75426579
16060032 60.4475462962963 0.00818999586202439 3.39441160421529e-05 9.46292114
16060034 60.456087962963 0.00804788546950168 5.66616637298589e-05 9.13899231
16060036 60.4647916666667 0.996451562434703 0.00711472665101739 8.93677711
16060037 60.4662384259259 0.00803692281075439 1.42116622330988e-05 8.66076660
16060038 60.4917361111111 0.00796572460913748 1.39982185473146e-05 8.20841599
16060039 60.5168865740741 0.00781908456832248 1.62174300172074e-05 7.63051891
16060040 60.5383333333333 0.00792055811297052 1.55644682237884e-05 7.74073124
16060041 60.5603587962963 0.00782155575457525 3.28434840511172e-05 7.67843723
16060042 60.5711689814815 0.00782244705045161 2.92703786975485e-05 7.25292158
16060043 60.5809259259259 0 1.04331058129711e-06 7.12833357
16060044 60.5844212962963 0.0077584428673137 1.58552582038152e-05 7.05453920
16060045 60.6077777777778 0.00767013147470506 1.63651565673925e-05 6.84657288
16060046 60.6300462962963 0.00763505013942474 1.80344380070988e-05 6.58685446
16060053 60.7572569444444 0.00821507122625597 1.30891753915188e-05 9.67663765
16060054 60.7780787037037 0.00808851431137124 1.37823885180129e-05 9.27028942
16060055 60.7997222222222 0.00797672992442002 1.38079047118541e-05 8.61284828
16060056 60.8230324074074 0.00788023513562555 1.46952921823351e-05 8.12982941
16060057 60.8447800925926 0.00785265942510257 3.57207081996283e-05 7.39667654
16060058 60.8587847222222 0.0077366390350909 1.85981989910911e-05 7.38805151
16060059 60.8758101851852 0.00767137147349327 1.45490193119239e-05 7.02866316
16060060 60.9019907407407 0.00760539073458893 1.63603673398793e-05 6.43926573
16060061 60.9236226851852 0.00753022612514133 1.46808885038325e-05 6.07700205
16060062 60.9522222222222 0.00746299265722525 1.51577112607418e-05 5.73486423
16060063 60.9807060185185 0.00737721859132432 4.92918194424511e-05 5.51923132
16060064 60.990162037037 0.879328945866953 0.0093443546700372 5.22022009
16060065 60.9931018518519 0.00736387572076682 1.89795132944603e-05 5.12821627
16061008 61.1722453703704 0.00865215137976153 1.14586001725113e-05 12.81624413
16061009 61.1940509259259 0.00846896767148659 1.32148042153228e-05 12.26039410
16061010 61.2126273148148 0.00836969956207789 2.06153790262466e-05 11.45536995
16061011 61.2227546296296 0.00826238584880993 1.30975276817818e-05 11.05860710
16061012 61.2494907407407 0.00821646606429772 2.88876880189626e-05 10.50466919
16061013 61.2562268518518 0.00813969881280835 2.25995530987237e-05 10.25357628
16061014 61.2677430555556 0.0080976531050769 1.2620976625035e-05 10.11365414
16061015 61.2998148148148 0.00794844840878314 1.39273534432706e-05 9.30287361
16061016 61.3221527777778 0.00786123373319245 1.43394459956438e-05 8.94444370
16061017 61.3439467592593 0.00784206350248433 1.42636340930681e-05 8.47867584
16061018 61.3669444444444 0.00776240792398813 1.42324073206929e-05 8.35504627
16061019 61.3921527777778 0.00772262581734337 3.25549736943446e-05 7.97265673
16061035 61.5154166666667 0.00468540946625988 1.34326927425546e-05 10.78930473
16061037 61.5397337962963 0.00816617891471665 1.23192924962159e-05 9.86352062
16061038 61.5637962962963 0.00801962402954308 1.33986714968415e-05 9.41212749
16061039 61.5863888888889 0.00795430551340123 1.37167243580018e-05 8.89556694
16061041 61.6099884259259 0.00787243996818025 3.29024161860577e-05 8.56013680
16061042 61.6145601851852 0.00781653143926816 1.32529847862833e-05 8.38571453
16061049 61.6477777777778 0.00771266560838938 1.81054970389799e-05 7.46951294
16061060 61.6877893518519 0.00761621225839833 3.6687772822183e-05 7.19254398
16061061 61.6922800925926 0.00758472081737146 1.55517369096506e-05 7.26250505
16061062 61.7143634259259 0.00755966549803212 1.79464440580819e-05 7.04016304
16061075 61.7752430555556 0.00749772390369589 2.02423405500214e-05 6.05304241
16061076 61.7991435185185 0.00748949331718789 0.000140056423446988 5.78757429
16061077 61.8083101851852 0.0073939416553853 1.81317158239445e-05 5.58919239
16061078 61.8313773148148 0.00736404854373622 2.43985853135169e-05 5.51635599
16061083 61.9870717592593 0.00867826981545723 1.49379537907817e-05 13.32513523
16061084 61.9995486111111 0.00856772454637101 1.78952682659641e-05 12.93891525
16062001 62.0105787037037 0.00839440877319896 0.000115563441038691 12.12526512
16062002 62.0119212962963 0.00855206735214786 7.23424346645861e-05 12.27381229
16062003 62.0140509259259 0.00849309989970601 2.39692293947201e-05 12.36485577
16062004 62.0216666666667 0.00844529572980089 6.295288995554e-05 12.00163651
16062005 62.0234606481482 0.00822681736846174 0.000143100294118719 12.10322380
16062006 62.0248611111111 0.00835042327885647 1.17332046429581e-05 11.97959518
16062008 62.0750578703704 0.00806498687408953 0.000366980156062217 9.13036728
16062009 62.078275462963 0.00801762773833051 0.000233986958176282 8.72497654
16062010 62.0805439814815 0.00794805339948101 1.92322949723812e-05 8.72114372
16062011 62.1062615740741 0.007870057088302 0.00034449707897648 7.86052752
16062012 62.1075462962963 0.007866323598279 2.60909385775409e-05 7.72060585
16062013 62.1151157407407 0.00779262613437637 4.68581565746907e-05 7.58547544
16062014 62.1245601851852 0.00755723694063341 0.000235845623686236 6.42201471
16062015 62.1264236111111 0.00774668692204172 1.91113723457698e-05 7.22129536
16062016 62.1414930555556 0.00767748752069953 1.91703243686625e-05 6.80057096
16062017 62.1572337962963 0.00764722852897564 1.5909390675397e-05 6.42968178
16062018 62.1802199074074 0.00759899662000973 1.67124022719303e-05 6.35301256
16062019 62.2019560185185 0.00750880876684849 1.72353817865909e-05 6.09808588
16062020 62.2235763888889 0.00749885540617462 3.89774204366102e-05 5.70227957
16062021 62.2323842592593 0.00742579223569177 4.12802455217741e-05 5.47418785
16062022 62.2387962962963 0.00742300983139016 1.7834878776834e-05 5.45693731
16062023 62.2605324074074 0.00735261677334511 1.81300802816613e-05 5.08700609
16062024 62.2821875 0.00733724202096821 1.75401062416191e-05 4.94612598
16062025 62.3066782407407 0.00729364281657148 3.95000493628024e-05 4.67299032
16062045 62.663900462963 0.00807640824309636 1.54313024111784e-05 9.96223164
16062046 62.678900462963 0.00803143628016145 3.94813680607561e-05 9.32970810
16062047 62.6832638888889 0.00793522344368868 1.21233398863245e-05 9.22332859
16062049 62.7111689814815 0.00779109107897628 1.58590321467108e-05 8.49113464
16062050 62.7328125 0.00772293826727623 6.05146152389769e-05 7.94007206
16062051 62.7368055555556 0.0076908262379985 1.42388165557505e-05 7.63626909
16062052 62.7593055555555 0.00764029628624958 2.4667048682855e-05 7.39859343
16062053 62.770787037037 0.00761485801129211 1.70002545460442e-05 7.17050171
16062054 62.7994560185185 0.00754011279192187 1.55312203367028e-05 6.78715372
16062055 62.8219444444444 0.00743790234191065 1.6891873260285e-05 6.25621700
16062056 62.8427314814815 0.0073758218503169 1.50692498836756e-05 5.98308229
16062057 62.8684953703704 0.00735262971306648 1.69305719494721e-05 5.70611334
16062058 62.8902199074074 0.00726353033703959 1.66718816183288e-05 5.42051888
16062078 62.9877314814815 0.00824884044821833 1.42203976073066e-05 12.00067806
16063001 63.002037037037 0.00811919933179761 1.33039197667525e-05 11.42086887
16063002 63.0206365740741 0.00803138262248348 1.54654420038859e-05 10.75192833
16063003 63.0358680555555 0.00793197346676785 1.29262990906728e-05 10.47495937
16063004 63.0583796296296 0.00781768405264907 1.33448195601112e-05 9.66801262
16063005 63.0816666666667 0.00771449080996058 1.84217828808403e-05 9.02302933
16063006 63.096087962963 0.00776671338487824 5.42498890902276e-05 8.78631306
16063007 63.1010763888889 0.0076458027868639 1.46812914533303e-05 8.69814205
16063091 63.7904513888889 0.0086125074206518 1.93031234031866e-05 12.28175259
16063092 63.7986342592593 0.00845184426791583 1.36261657790765e-05 11.31159973
16063093 63.8175115740741 0.00823164737122197 1.25625260211945e-05 9.91213989
16063094 63.8389467592593 0.00808038534387884 1.34609391260363e-05 8.83544254
16063095 63.8619675925926 0.00797416366979699 2.56535859496541e-05 7.85677338
16063096 63.8714351851852 0.00777810127792547 0.000291716804846098 7.36699152
16063097 63.8736574074074 0.00787674375872622 0.00028636150586421 7.23540640
16063099 63.8791319444444 0.00778513144504356 0.000265907746001256 6.75884008
16063100 63.8891087962963 0.00780245955930894 2.00325767591395e-05 6.43154287
16063111 63.9458217592593 0.00755522807927519 1.614359522882e-05 5.06724262
16063112 63.9654166666667 0.00746223019528241 1.49209080532679e-05 4.69803476
16063113 63.9891319444444 0.00744012829087779 1.61779880266975e-05 4.34035158
16064001 64.0104513888889 0.007370285769367 2.05684556159396e-05 4.22362804
16064002 64.0255439814815 0.00733963879298761 2.47556270206896e-05 3.95376682
16064006 64.1098032407407 0.00838916421814977 2.06634905519825e-05 13.41072941
16064007 64.1171064814815 0.00826927755387898 1.10074815004773e-05 12.29232407
16064008 64.1425231481482 0.00812461396246182 1.15410895761172e-05 11.22523403
16064009 64.1672800925926 0.00801239304882665 1.27913868349668e-05 9.60537720
16064010 64.1894444444444 0.00791020774052627 1.27871882559045e-05 8.63866520
16064013 64.2146990740741 0.00774544568270258 7.36124821595265e-05 8.06482983
16064014 64.2195949074074 0.00778659476331557 7.30576890498058e-05 7.78799248
16064016 64.2239699074074 0.00783400252353464 2.3680746650294e-05 7.92605162
16064017 64.2317361111111 0.00783203185036493 4.16872080047833e-05 7.39620829
16064018 64.2382523148148 0.00772745536907156 1.52692694362304e-05 7.26904917
16064019 64.2847685185185 0.00762087274052991 2.11373793157865e-05 5.95830679
16064020 64.2965972222222 0.00757917233480626 2.1631148954514e-05 6.08574915
16066022 66.4352083333333 0.00780283295627542 1.7762179899169e-05 7.52241278
16066023 66.4526388888889 0.00767101970326612 1.38286236698196e-05 6.82929897
16066024 66.4743402777778 0.00760502901427002 1.33693421432102e-05 6.52465105
16066025 66.4987384259259 0.00754011962065851 2.98947111592663e-05 6.11837912
