16048109 48.7655555555556 0.00118327157636837 1.90828621604014e-06 1.00000000
16048110 48.7868055555556 0.00116147517813979 2.37150663661013e-06 1.00000000
16048111 48.8020949074074 0.00114956381227346 2.72128488306097e-06 1.00000000
16048115 48.8338888888889 0.00112581820692665 5.33732503233091e-06 1.00000000
16048116 48.8390277777778 0.00112320563808668 6.84738580359893e-06 1.00000000
16048117 48.8450231481482 0.00111511924441572 3.40859765578792e-06 1.00000000
16048118 48.8548032407407 0.00110966406162023 4.25748598094673e-06 1.00000000
16048119 48.8631018518519 0.00111526354178214 4.10939218458426e-06 1.00000000
16048120 48.8703587962963 0.00111240650672847 2.6091844622577e-06 1.00000000
16048121 48.8972222222222 0.00109942274936268 2.43993635914495e-06 1.00000000
16048122 48.920462962963 0.00109576464419234 2.58408904323839e-06 1.00000000
16048125 48.9488773148148 0.00103958503283127 3.21977049872245e-06 1.00000000
16048126 48.9610532407407 0.00104012582381943 4.8556764088773e-06 1.00000000
16048127 48.9681944444444 0.00103374249707023 2.34283624374287e-06 1.00000000
16048128 48.9911226851852 0.00102384934393 3.89271226988956e-06 1.00000000
16049010 49.1021527777778 0.00112646525546116 2.34753160695413e-06 1.00000000
16049012 49.1203009259259 0.00111029270416894 2.27439340929401e-06 1.00000000
16049013 49.1373611111111 0.00111267810627348 2.9530626407285e-06 1.00000000
16049014 49.1500810185185 0.00109532029172874 6.96881394147903e-06 1.00000000
16049015 49.1565509259259 0.00108652159192925 6.44988105673628e-06 1.00000000
16049016 49.1619328703704 0.00107637756592043 1.02466321407092e-05 1.00000000
16049017 49.1663657407407 0.00107927802054621 2.11910292309191e-06 1.00000000
16049018 49.1901273148148 0.00108156234938181 3.02165290587378e-06 1.00000000
16049019 49.2071296296296 0.00103446499664732 8.93953179599969e-06 1.00000000
16049020 49.2094444444445 0.00106705977237549 2.18689273630255e-06 1.00000000
16049021 49.2334722222222 0.00105905620603078 3.99849663167256e-06 1.00000000
16049022 49.2450231481481 0.00105822588069701 3.17075465085799e-06 1.00000000
16049023 49.2579861111111 0.0010499313869271 3.74837162463635e-06 1.00000000
16049024 49.2688310185185 0.00105204928757074 3.26717895223428e-06 1.00000000
16049025 49.2837037037037 0.00104990285314973 3.21044914244128e-06 1.00000000
16050009 50.2655208333333 0.00114241600504198 1.95215201983145e-06 1.00000000
16050010 50.2875810185185 0.00111780502121597 1.92417417756292e-06 1.00000000
16050011 50.3120717592593 0 7.86739022046754e-06 1.00000000
16050036 50.7092824074074 0.0011502468565845 1.69104274738943e-05 1.00000000
16050037 50.712349537037 0.00117076728297217 2.08490337878347e-06 1.00000000
16050038 50.7307523148148 0.00115024006640643 8.07334478581668e-06 1.00000000
16050039 50.7338425925926 0.00114870895870389 5.91868408221175e-06 1.00000000
16050040 50.737974537037 0.00113621762500092 2.06690204943453e-06 1.00000000
16050041 50.758125 0.00111675976193607 9.09396445994311e-06 1.00000012
16050042 50.7629166666667 0.00112116376539145 6.04580752924114e-06 1.00000000
16050043 50.7663078703704 0.00111212649882481 4.42724379688241e-06 1.00000000
16050044 50.7796412037037 0.00109305810260262 8.37521128362244e-06 1.00000000
16050048 50.7940625 0.0010842554346046 8.8970857260826e-06 1.00000000
16050049 50.7983101851852 0.00110432694381361 5.36444401623425e-06 1.00000000
16050050 50.8052893518519 0.00106294282254398 1.6370272576996e-05 1.00000000
16050051 50.807337962963 0.00108214913879195 1.30954195469566e-05 1.00000000
16050052 50.8102083333333 0.00108259418690144 2.23837544115557e-06 1.00000000
16050053 50.8317361111111 0.001074513425453 7.32026029502199e-06 1.00000000
16050054 50.837349537037 0.00107648124997587 2.44011789579886e-06 1.00000000
16050065 50.8721990740741 0.00107524103125014 5.28791460927492e-06 1.00000000
16050066 50.8808796296296 0.00106721170650344 2.37447490861161e-06 1.00000000
16050070 50.919537037037 0.0010601207425409 7.90993221254854e-06 1.00000000
16050071 50.9247222222222 0.00104565379915461 2.35606707770128e-06 1.00000000
16050072 50.9482407407407 0.00104126878905761 2.78360084965913e-06 1.00000000
16050073 50.9656018518519 0.0010417535961238 3.08751140410561e-06 1.00000000
16050075 50.9857291666667 0.00103301241965708 4.33662799313083e-06 1.00000000
16050076 50.9960416666667 0.00102796634932062 4.7202896037353e-06 1.00000000
16051001 51.0042592592593 0.00103304124528373 3.73846876036862e-06 1.00000000
16051003 51.0204976851852 0.00102733692169333 4.93307409222868e-06 1.00000000
16051004 51.0283564814815 0.00102700438003896 3.74675780531559e-06 1.00000000
16051007 51.0523032407407 0.00101584384100798 2.91453058984156e-06 1.00000000
16051008 51.0736226851852 0.00100930897877967 2.90504647683875e-06 1.00000000
16051009 51.0949652777778 0.00101197473590195 4.05795500488429e-06 1.00000000
16051022 51.2465625 0.0010957336366898 4.30657580433014e-06 1.00000000
16051026 51.3206365740741 0.00113897702196063 7.40041861502173e-06 1.00000000
16051027 51.3226736111111 0.00113435654068023 1.58899472765286e-06 1.00000000
16051028 51.3525578703704 0.0011218539273706 2.48930847708791e-06 1.00000000
16051029 51.3725810185185 0.0011127484119456 2.93834027494955e-06 1.00000000
16051030 51.3837384259259 0.00109979251722637 7.3488176158518e-06 1.00000000
16051031 51.3878125 0.00109736411777353 4.8696659495027e-06 1.00000000
16051032 51.3934837962963 0.00109074819074594 2.91403860243224e-06 1.00000000
16051033 51.4051851851852 0.00107903921617276 4.27928740678731e-06 1.00000000
16051034 51.4116550925926 0.00106343107236383 9.68066323266493e-06 1.00000000
16051035 51.414525462963 0.0010836228477054 4.08257795099778e-06 1.00000000
16051036 51.4216319444444 0.00107894648349356 3.02754219213266e-06 1.00000000
16051037 51.4361921296296 0.00107485038712071 3.3737819149444e-06 1.00000000
16051038 51.4474537037037 0.00107477393533559 4.23057590001562e-06 1.00000000
16051039 51.4541782407407 0.0010593649676631 2.86485596355979e-06 1.00000000
16051040 51.4710300925926 0.00105809123152061 4.29043707999451e-06 1.00000000
16051041 51.4787962962963 0.00105931671748346 3.12841371401745e-06 1.00000000
16051042 51.4955439814815 0.00106167759167386 8.01964333451053e-06 1.00000012
16051044 51.5004861111111 0.00105426698468502 4.48017320414362e-06 1.00000000
16051045 51.5066435185185 0.00105813701646566 2.63689670972292e-06 1.00000000
16051046 51.5242361111111 0.00101805723377625 1.40225772775521e-05 1.00000000
16051047 51.5255324074074 0.00103613738904727 3.29769288057709e-06 1.00000000
16051048 51.5382060185185 0.00104199179239097 2.67006369314537e-06 1.00000000
16051049 51.5557638888889 0.00103323715891733 2.72917279056538e-06 1.00000000
16051050 51.5760069444444 0.00103627825967108 4.8228527475424e-06 1.00000000
16051051 51.583912037037 0.00102874612183339 3.9000725829244e-06 1.00000000
16051052 51.5970833333333 0.00102167243739958 3.80463485961954e-06 1.00000000
16051056 51.6133680555556 0.00102399615461636 2.82549203671938e-06 1.00000000
16051057 51.6341666666667 0.00102155284284193 2.86184937949047e-06 1.00000000
16051058 51.6523842592593 0.0010145753139327 3.68215756693209e-06 1.00000000
16051059 51.6635416666667 0.00100993276455595 3.21476669876953e-06 1.00000000
16051060 51.6832638888889 0.00101994087955028 4.61517916577454e-06 1.00000000
16051101 51.885462962963 0.00111733183114905 2.31303974088804e-06 1.00000000
16051102 51.9005439814815 0.00110296722690276 3.64706062714357e-06 1.00000000
16051103 51.9073263888889 0.00110522916709615 2.01204021357407e-06 1.00000000
16051104 51.9308333333333 0.00108101216285827 8.18960650713203e-06 1.00000000
16051105 51.9359606481482 0.00107478191525911 4.19971498212437e-06 1.00000000
16051106 51.945775462963 0.00105875789041077 1.11985814160295e-05 1.00000000
16051107 51.9484375 0.00107148493549298 3.91007676624653e-06 1.00000000
16051108 51.9566435185185 0.00105919994649018 9.82492605652991e-06 1.00000000
16051109 51.9593171296296 0.00107633481956465 7.09094104113089e-06 1.00000000
16051110 51.9622106481482 0.00106529341600426 5.11475266600417e-06 1.00000000
16051111 51.9673148148148 0.00106297526495203 5.92287863127425e-06 1.00000000
16052013 52.2808680555556 0.00112599341873768 1.88984258163616e-06 1.00000000
16052015 52.3025347222222 0.00110605293280373 2.06858038080428e-06 1.00000000
16052016 52.3210763888889 0.00109287914029841 2.07605475594271e-06 1.00000000
16052017 52.3405555555555 0.00108624010525289 4.13964966560761e-06 1.00000000
16052018 52.3523032407407 0.00107276330785096 2.42819189670706e-06 1.00000000
16052019 52.3691203703704 0.00106372349772212 2.43592714641966e-06 1.00000000
16052021 52.3903240740741 0.00105021974692127 7.5943573622309e-06 1.00000000
16052022 52.3956018518519 0.00104651053807969 6.34037882862848e-06 1.00000000
16052023 52.4020833333333 0.00103647402418753 7.98403717811329e-06 1.00000000
16052028 52.4211111111111 0.00103968689336149 2.73848798270586e-06 1.00000000
16052030 52.4431944444444 0.00101391104670495 4.5200490333028e-06 1.00000000
16052031 52.45125 0.00100900063924539 2.59193412046229e-06 1.00000000
16052032 52.4716550925926 0.000922382839976401 8.16146983125664e-06 1.00000000
16052034 52.4786689814815 0.00101381251622939 2.99753287114614e-06 1.00000000
16052035 52.4924421296296 0.00100995192979073 1.35030824884232e-05 1.00000000
16052036 52.4994907407407 0.00102321690531541 9.4724369561664e-06 1.00000000
16052037 52.5014814814815 0.00100919591887141 4.17951313868978e-06 1.00000000
16052038 52.51 0.00100682213008161 3.75132962717765e-06 1.00000000
16052039 52.5226967592593 0.00101596026899807 1.13113042995796e-05 1.00000000
16052040 52.525462962963 0.00100448551921657 4.20607018805445e-06 1.00000000
16052041 52.5334143518519 0.00100487684028059 2.70505644242436e-06 1.00000000
16052042 52.5514351851852 0.000986931431419122 1.13365705771426e-05 1.00000000
16052043 52.5542708333333 0.000978240424106557 1.16721866373319e-05 1.00000000
16052044 52.5571527777778 0.000995066629021412 2.60425837124415e-06 1.00000000
16052045 52.5769791666667 0.000995625994112207 5.20764340699064e-06 1.00000000
16052046 52.5823263888889 0.000972865610596494 1.79800308243396e-05 1.00000000
16052048 52.5898032407407 0.000983535519833458 1.16385833317041e-05 1.00000000
16052049 52.5931944444444 0.000995677240218025 2.66288428505219e-06 1.00000000
16052050 52.6128819444444 0.000970085228394759 4.77548019363729e-06 1.00000000
16052051 52.6192476851852 0.00087872711081286 6.19382557759099e-06 1.00000000
16052087 52.9683796296296 0.00101347469529301 2.31969308902723e-06 1.00000000
16052088 52.9803009259259 0.00107870270192672 2.35405369637226e-06 1.00000012
16052089 52.9940162037037 0.00107511006889103 1.97930209104381e-06 1.00000000
16053001 53.014525462963 0.00106807935743152 8.42039871057973e-06 1.00000000
16053002 53.0172916666667 0.00106076301511592 2.0243929139206e-06 1.00000012
16053003 53.0394212962963 0.00104722072750202 2.01836482140633e-06 1.00000000
16053004 53.0619560185185 0.00103516780015316 2.08567933858682e-06 1.00000000
16053005 53.0846643518518 0.00102232467046409 5.55502175264698e-06 1.00000000
16053006 53.1081944444445 0.0010211965555573 2.22992903794506e-06 1.00000000
16053007 53.1293865740741 0.00101393613147666 2.4682331188068e-06 1.00000000
16053008 53.1472222222222 0.00100852992296895 2.87186401859062e-06 1.00000000
16053009 53.1656018518518 0.00101026398007084 2.33369871857455e-06 1.00000000
16053010 53.1873148148148 0.000998965391963469 2.35061988505877e-06 1.00000000
16053011 53.2090509259259 0.000977310450901571 3.76653300899223e-06 1.00000000
16053012 53.2177199074074 0.000982829079554052 2.66190340734357e-06 1.00000000
16053017 53.244537037037 0.000985113942299168 4.91147259889571e-06 1.00000000
16053019 53.2529398148148 0.000984220488830027 4.00874187394968e-06 1.00000000
16053030 53.2901273148148 0.00097566445922565 4.11035450879442e-06 1.00000000
16053031 53.2985763888889 0.000974713724096874 3.73473057761547e-06 1.00000000
16053043 53.4778935185185 0.00108520797510289 1.75938227832595e-06 1.00000000
16053044 53.5005671296296 0.00107450463180984 3.65035263811392e-06 1.00000000
16053045 53.5067476851852 0.00106415087827094 2.21029134922118e-06 1.00000000
16053046 53.5256481481482 0.00105657032678761 2.2372496133941e-06 1.00000000
16053047 53.5439236111111 0.0010488291421847 2.27746897023849e-06 1.00000000
16053048 53.5620023148148 0.00103570498813882 2.2753594912745e-06 1.00000000
16053049 53.5822569444444 0.00103152975132401 6.47401773766289e-06 1.00000000
16053051 53.5908101851852 0.00103003715165504 4.81516519217808e-06 1.00000000
16053052 53.5958564814815 0.00101965836891204 2.31872365981852e-06 1.00000000
16053053 53.6146412037037 0.0010157452637406 5.15044862782575e-06 1.00000000
16053054 53.6208564814815 0.0010088306304987 2.34753740302267e-06 1.00000000
16053055 53.638912037037 0.00101504459037707 3.02273570758262e-06 1.00000000
16053056 53.6503009259259 0.00100844360113778 2.40633498045048e-06 1.00000000
16053057 53.669537037037 0.000994982285394548 3.34313272497238e-06 1.00000000
16053058 53.6792476851852 0.000993008791598966 4.51555510737021e-06 1.00000000
16053059 53.6848726851852 0.000992384651607836 2.40117156128194e-06 1.00000000
16053060 53.7068055555556 0.000990713848601145 4.30280486256991e-06 1.00000000
16053061 53.7133796296296 0.000971547699742288 6.20053196292224e-06 1.00000000
16053062 53.717962962963 0.000983946362432376 3.38769346750808e-06 1.00000000
16053063 53.7283564814815 0.000982310708995292 2.45409318112538e-06 1.00000000
16053064 53.7479513888889 0.000976239549049031 2.44354697520998e-06 1.00000000
16053065 53.769375 0.000977600458794045 2.26196039367111e-06 1.00000000
16053066 53.7930902777778 0.000972723318989943 2.40995000415268e-06 1.00000000
16053067 53.8145486111111 0.000967294662489542 4.14610538121242e-06 1.00000000
16053073 53.8991435185185 0.00110090940355886 1.72523705429436e-06 1.00000000
16053074 53.9206018518518 0.00108620869012216 1.79856761051635e-06 1.00000000
16053075 53.9421296296296 0.00105630480048871 2.16809204034391e-06 1.00000012
16053077 53.9655092592593 0.00104110973860484 4.98929028717305e-06 1.00000000
16053078 53.9722800925926 0.0010482477368064 1.98198324085205e-06 1.00000000
16053079 53.9938773148148 0.00104107882334641 2.01390872986458e-06 1.00000000
16054001 54.0153935185185 0.00102706931446011 3.22153443183331e-06 1.00000000
16054002 54.0244675925926 0.00101888285072113 6.35734771350791e-06 1.00000012
16054003 54.0304976851852 0.638922704174642 0.0162549074823937 1.00000000
16054005 54.0371643518518 0.00100823344902072 2.05903077771234e-06 1.00000000
16054006 54.0604976851852 0.00101658085073034 2.42800631997069e-06 1.00000000
16054007 54.0791435185185 0.00100142334751319 2.16484513324811e-06 1.00000000
16054010 54.103287037037 0.00100403685008922 2.2140778150657e-06 1.00000000
16054011 54.125 0.000984400476136388 3.12776580430989e-06 1.00000000
16054012 54.1397453703704 0.000983363731138102 2.37022965580206e-06 1.00000000
16054013 54.1616782407407 0.00098329852265055 2.33727143579592e-06 1.00000000
16054014 54.1837384259259 0.000969555111091353 2.78984461823582e-06 1.00000000
16054015 54.1999074074074 0.000966247904922984 8.56794525288257e-06 1.00000000
16054016 54.2035185185185 0.000951389871268747 2.47946907079137e-05 1.00000000
16054017 54.2046875 0.000952050541605179 9.48366887591846e-06 1.00000000
16054018 54.2074305555556 0.000970294473513786 1.45648433340893e-05 1.00000000
16054019 54.2090625 0.000964385915744754 2.43923317889995e-06 1.00000000
16054020 54.2308217592593 0.00095448599947578 2.78103471725424e-06 1.00000000
16054021 54.2481828703704 0.00096050641218928 5.85990579237707e-06 1.00000000
16054022 54.2549884259259 0.000963861556336854 8.94098322014609e-06 1.00000000
16054059 54.5834953703704 0.00107529028988548 1.61546525817957e-06 1.00000000
16054060 54.6094675925926 0.00105657413132919 2.5948296174752e-06 1.00000000
16054061 54.6209027777778 0.00104716707054704 1.03889414674939e-05 1.00000000
16054062 54.6241550925926 0.00104351255553406 3.32915279471745e-06 1.00000000
16054063 54.6316435185185 0.00103023269222219 2.23970659842256e-06 1.00000000
16054064 54.6484027777778 0.00102232808806454 3.11824294199081e-06 1.00000000
16054069 54.6642939814815 0.00101422837228564 2.44957213791363e-06 1.00000000
16054070 54.6816782407407 0.000997559699739598 2.29033533925747e-06 1.00000000
16054072 54.7055439814815 0.00100196181871832 3.02885211844111e-06 1.00000000
16054073 54.7170949074074 0.000963557213307619 1.68375569600597e-05 1.00000000
16054074 54.7184953703704 0.000978924794895255 2.07394699615017e-05 1.00000000
16054075 54.7208449074074 0.00100010514285563 4.52672638255841e-06 1.00000000
16054077 54.7269560185185 0.000978744147547602 4.86234805787873e-06 1.00000000
16054078 54.7314699074074 0.000983076182387279 2.13736713316223e-06 1.00000000
16054079 54.7529861111111 0.00098093236796935 2.17785891008443e-06 1.00000000
16054080 54.8107175925926 0.000965467568913126 2.09856219965728e-06 1.00000000
16054082 54.8397106481481 0.000954974406396121 1.77317696454426e-06 1.00000000
16054086 54.8842361111111 0.000980209205702616 2.79461032734726e-06 1.00000000
16054087 54.9010069444444 0.000975698879538695 4.61026300699414e-06 1.00000000
16055002 55.0092708333333 0.00110475872210212 1.8050649171453e-06 1.00000000
16055003 55.0333796296296 0.00107772926956035 1.95210416423147e-06 1.00000000
16055004 55.0567476851852 0.00106733122713597 1.81694919141344e-06 1.00000000
16055005 55.0856481481481 0.00105432074125383 2.52763073538708e-06 1.00000000
16055006 55.1020601851852 0.00104187958622409 8.23053305481e-06 1.00000000
16055007 55.105474537037 0.00104463107704599 2.10741739915995e-06 1.00000000
16055008 55.1300810185185 0.00101415869497569 8.77561497356058e-06 1.00000000
16055009 55.1333564814815 0.00102837685052603 3.74054049415689e-06 1.00000000
16055010 55.1421064814815 0.00102127421227458 1.87646588745389e-06 1.00000000
16055011 55.1747685185185 0.00101780781998758 1.93490465792744e-06 1.00000000
16055012 55.2079513888889 0.00100636395161431 1.99348689079703e-06 1.00000000
16055013 55.2399768518518 0.00100041012640847 2.61836567391431e-06 1.00000000
16055014 55.2603472222222 0.00100618417005851 4.81539786095874e-06 1.00000000
16055018 55.273587962963 0.000996617681623726 4.20742770858984e-06 1.00000000
16055019 55.2883449074074 0.000982801240766987 3.38116140775797e-06 1.00000000
16055021 55.3037731481481 0.000984163637100347 2.64165708851884e-06 1.00000000
16055022 55.324537037037 0.000973991188057811 1.10215411959909e-05 1.00000000
16055024 55.3327199074074 0.000986632265028546 3.72060278537738e-06 1.00000000
16055025 55.3447453703704 0.000959996920465323 1.17010625190406e-05 1.00000000
16055120 55.7071296296296 0.00103818417408684 1.67797757391701e-06 1.00000000
16055121 55.7289930555556 0.00102645262125661 1.48681941481734e-06 1.00000000
16055122 55.7608912037037 0.00100862125952763 1.99139533368941e-06 1.00000000
16055123 55.7797685185185 0.00100000742250146 1.64188813888767e-06 1.00000000
16055124 55.8094212962963 0.772549919709543 0.0127307096003704 1.00000000
16055125 55.8120138888889 0.000984146466893084 2.17771365197981e-06 1.00000000
16055127 55.8319791666667 0.00072069179803949 0.000144011752146152 1.00000000
16055128 55.8339930555556 0.00097528770806991 1.75908888821785e-06 1.00000000
16055129 55.8621296296296 0.000960915590972546 1.6409594330659e-06 1.00000000
16055130 55.8963657407407 0.000951937168318836 1.54455477166268e-06 1.00000000
16055131 55.9362962962963 0.000946100469965958 1.95534933850674e-06 1.00000000
16055132 55.9668981481481 0.000924847718162066 4.8579873066253e-06 1.00000000
16055133 55.9718981481481 0.000933275361936582 1.96664462781891e-06 1.00000000
16055134 55.9993981481481 0.000934132940829417 2.43807740339818e-06 1.00000000
16056004 56.0257175925926 0.000907220276464322 1.44949053889159e-05 1.00000000
16056016 56.1417013888889 0.00102143853453585 1.36155073856934e-06 1.00000000
16056017 56.1814467592593 0.000997745920587159 1.70973643557412e-06 1.00000000
16056018 56.2113310185185 0.000983402409798953 1.8059098108853e-06 1.00000000
16056019 56.2402893518518 0.000975212853632694 2.30089680649544e-06 1.00000000
16056020 56.2598726851852 0.00097158929732471 1.02116477501063e-05 1.00000000
16056021 56.2624537037037 0.000971507529545586 6.17376319255105e-06 1.00000000
16056022 56.2658101851852 0.000969189906312039 1.76675255601163e-06 1.00000000
16056023 56.2996296296296 0.000958459526992794 2.13160218407296e-06 1.00000000
16057046 57.7843287037037 0.00104993928553418 2.07762920051802e-06 1.00000000
16057047 57.7984375 0.00103520221869684 3.29921577461258e-06 1.00000000
16057048 57.8053587962963 0.00103181626665535 2.13449812265162e-06 1.00000000
16057049 57.8201273148148 0.00101749936783174 2.15099898394939e-06 1.00000000
16057050 57.8363657407407 0.000997547774560013 1.85772313019274e-06 1.00000000
16057051 57.8581018518518 0.000991236450880722 2.35591864413057e-06 1.00000000
16057053 57.8802083333333 0.000978721129286974 3.57704441932824e-06 1.00000000
16057054 57.8869444444444 0.000981557759647788 4.33772555386951e-06 1.00000000
16058001 58.0010648148148 0.00105346361963341 1.69765554061734e-06 1.00000000
16058002 58.0226157407407 0.00102757255174703 1.75576690909024e-06 1.00000000
16058005 58.0501273148148 0.000999799203864193 3.29183861433997e-06 1.00000000
16058006 58.059212962963 0.000994715035237352 1.52673513678253e-06 1.00000000
16058007 58.0927083333333 0.000959706364541751 1.14590899743819e-05 1.00000000
16058008 58.0980439814815 0.000982742599197233 1.98206921086273e-06 1.00000000
16058015 58.1463425925926 0.000956341955410323 1.71442265045604e-06 1.00000000
16058016 58.1797800925926 0.000951924993694723 3.62608807393136e-06 1.00000000
16058017 58.1877199074074 0.000942715340293131 1.82846111435948e-06 1.00000000
16058018 58.2170601851852 0.000954591987223701 2.05560178514302e-06 1.00000000
16058019 58.2416898148148 0.000943657144574039 2.10761714586644e-06 1.00000000
16058020 58.2651851851852 0.000939945894945982 3.67036507803006e-06 1.00000000
16058021 58.2807060185185 0.000931538038978681 2.03723004703254e-06 1.00000000
16058022 58.3087268518519 0.000922312820903388 2.14805629301886e-06 1.00000000
16058023 58.3332175925926 0.000921549945744723 2.33163943484413e-06 1.00000000
16058024 58.3549421296296 0.000920497166877836 5.07711515229721e-06 1.00000000
16058025 58.3631365740741 0.000906888185422604 7.6700951279342e-06 1.00000000
16058026 58.3664351851852 0.000907556357743773 2.46705021577546e-06 1.00000000
16058070 58.6064351851852 0.00104528361552752 1.14765013239503e-05 1.00000000
16058071 58.6077546296296 0.00101845160521776 8.02668807511608e-06 1.00000000
16058072 58.610474537037 0.000934863561017615 2.52285733750987e-05 1.00000000
16058073 58.6123032407407 0.000979139159892344 1.78184739829068e-05 1.00000000
16058074 58.6174074074074 0.00100622830363899 7.42303233772023e-06 1.00000000
16058077 58.6283101851852 0.00100954629452185 1.5730841789208e-06 1.00000000
16058078 58.6538078703704 0.00098788250163331 1.819436713942e-06 1.00000000
16058079 58.6752777777778 0.000975226271761509 1.93679133220203e-06 1.00000000
16058080 58.6960185185185 0.000953529456544089 2.248131357687e-06 1.00000012
16058082 58.7217824074074 0.000956130887932115 2.15851530127024e-06 1.00000000
16058083 58.7399189814815 0.000934308532670794 1.19801023378684e-05 1.00000000
16058084 58.7414236111111 0.000953987624626197 3.67826353641749e-06 1.00000000
16058085 58.7554398148148 0.000955718462831362 2.43011315322511e-06 1.00000000
16058086 58.7787037037037 0.000939425330550659 2.48741252584611e-06 1.00000000
16058087 58.7962615740741 0.000935227556986755 2.48562000507041e-06 1.00000000
16058088 58.8135069444444 0.000935744615435634 2.52630281369063e-06 1.00000000
16058089 58.8328819444444 0.000933029034847232 2.59106647219281e-06 1.00000000
16058090 58.8497453703704 0.000925059071487601 2.67625926751832e-06 1.00000000
16058091 58.8663194444444 0.0009105780200638 2.60671224642197e-06 1.00000000
16058092 58.885787037037 0.00114125185342555 9.02214665088841e-06 1.00000000
16058093 58.889537037037 0.000911352414495406 2.76402199906134e-06 1.00000000
16058095 58.9125347222222 0.0009218612560114 2.79640459496284e-06 1.00000000
16058096 58.9298842592593 0.00090585268153558 2.8456175406595e-06 1.00000000
16058100 58.9515162037037 0.000903272177319777 5.87382111075788e-06 1.00000000
16059008 59.0646759259259 0.00103336171731503 1.88523015946949e-06 1.00000000
16059009 59.0793402777778 0.00102012013494576 1.94677810588076e-06 1.00000000
16059010 59.1065972222222 0.00100890134119097 5.35312579632322e-06 1.00000000
16059011 59.1293634259259 0.000999016231673388 2.14705293859841e-06 1.00000000
16059012 59.1440162037037 0.000982887265845716 2.1676437596361e-06 1.00000000
16059013 59.1586342592593 0.000972355485023692 3.43241862784153e-06 1.00000000
16059015 59.2538310185185 0.00103706559468735 1.5852191589109e-06 1.00000000
16059016 59.2756134259259 0.00102573181231307 1.63101298009832e-06 1.00000000
16059017 59.2974305555556 0.001011268587252 1.61914121767167e-06 1.00000000
16059018 59.3213541666667 0.00100139719936234 2.19009176069455e-06 1.00000000
16059019 59.3401041666667 0.000981402544659266 1.67319585653783e-06 1.00000000
16059020 59.3723263888889 0.000969935126094711 7.79345682540532e-06 1.00000000
16059021 59.3742824074074 0.000966835918394286 7.47910445112342e-06 1.00000000
16059022 59.3761689814815 0.000966166096655941 1.76363110775078e-06 1.00000000
16059023 59.4052546296296 0.00095727599072349 1.80295025399478e-06 1.00000000
16059024 59.4287037037037 0.00095185564673965 1.81512453334471e-06 1.00000000
16059025 59.4530671296296 0.000935256853253145 2.01173460439675e-06 1.00000000
16059026 59.4751273148148 0.000928514012146499 3.64667148518468e-06 1.00000000
16059027 59.4872337962963 0.000932244412733805 8.36299116118093e-06 1.00000000
16059028 59.4936574074074 0.000928313571245709 3.36598972091388e-06 1.00000000
16059029 59.5021759259259 0.000912921458210923 8.35475102335593e-06 1.00000000
16059030 59.5045486111111 0.000920539763111856 1.90027988236649e-06 1.00000000
16059031 59.5289351851852 0.000915047364975406 1.94815576467043e-06 1.00000000
16059041 59.567962962963 0.00117891480917994 5.66523964514302e-06 1.00000000
16059062 59.893287037037 0.0013374299971873 1.80039435967221e-06 1.00000000
16059064 59.9244212962963 0.00130817215728972 2.98512755716315e-06 1.00000000
16059065 59.9363425925926 0.00130006910692017 3.30690382060963e-06 1.00000000
16059066 59.9479398148148 0.00129803815029637 3.9402837861162e-06 1.00000000
16059067 59.9561458333333 0.00128246749136352 2.17659238445861e-06 1.00000000
16059068 59.9813425925926 0.00127029074386439 3.6344031508687e-06 1.00000000
16059069 59.9946990740741 0.00126176149308901 2.23397860172135e-06 1.00000000
16060001 60.026724537037 0.00124391844356362 2.93933633948544e-06 1.00000000
16060002 60.048287037037 0.00123690268657443 2.94502990281862e-06 1.00000000
16060003 60.0650694444444 0.00122307334558077 2.46893174390477e-06 1.00000000
16060004 60.0903009259259 0.00121129487667406 2.48559640054499e-06 1.00000000
16060005 60.1153819444444 0.00120725312907371 2.30350817327378e-06 1.00000000
16060008 60.1677083333333 0.00119002997914434 2.98036661519482e-06 1.00000000
16060011 60.1911342592593 0.00118591707425499 2.91110791695698e-06 1.00000000
16060014 60.2174884259259 0.00117505861112593 4.16690403538848e-06 1.00000000
16060016 60.3280324074074 0.00137489259501032 3.46258827424416e-06 1.00000000
16060017 60.3383449074074 0.0013605293881164 1.53478268877021e-05 1.00000000
16060018 60.3402893518519 0.00134976965403574 4.30917752891325e-05 1.00000000
16060025 60.3574189814815 0.00131954240830977 1.92356012473201e-06 1.00000000
16060026 60.3867708333333 0.00130258541938088 3.83919003526853e-06 1.00000000
16060027 60.3965277777778 0.00128913348618857 2.40204410412591e-06 1.00000000
16060028 60.4184259259259 0.00125610343923111 1.63912027396063e-05 1.00000000
16060030 60.4258564814815 0.00127109626936109 1.24968869087391e-05 1.00000012
16060031 60.4284027777778 0.00126602902432385 3.24243034344395e-06 1.00000012
16060032 60.4475462962963 0.00124796811474538 5.79573769870837e-06 1.00000000
16060034 60.456087962963 0.00125243884829682 9.80056394339698e-06 1.00000000
16060036 60.4647916666667 0.00111872862461238 0.000102966724747982 1.00000000
16060037 60.4662384259259 0.00122963687577063 2.41213833496082e-06 1.00000000
16060038 60.4917361111111 0.00121624892349583 2.37018270122065e-06 1.00000000
16060039 60.5168865740741 0.00120087571837762 2.76740690357911e-06 1.00000000
16060040 60.5383333333333 0.00120211467054354 2.61948619969648e-06 1.00000000
16060041 60.5603587962963 0.00118868212238541 5.51747174119909e-06 1.00000000
16060042 60.5711689814815 0.00118833803135766 4.90407386974904e-06 1.00000000
16060043 60.5809259259259 0 1.81129343836138e-07 1.00000000
16060044 60.5844212962963 0.00118322592515501 2.66074751703904e-06 1.00000000
16060045 60.6077777777778 0.00117050785056246 2.74183160542314e-06 1.00000000
16060046 60.6300462962963 0.00115847809791959 3.00462216281617e-06 1.00000000
16060053 60.7572569444444 0.00126119350726288 2.27766382548876e-06 1.00000012
16060054 60.7780787037037 0.00123869588618665 2.37526807100341e-06 1.00000000
16060055 60.7997222222222 0.00122249566964826 2.37004962912013e-06 1.00000000
16060056 60.8230324074074 0.00120575280467481 2.50393971988556e-06 1.00000000
16060057 60.8447800925926 0.00120214077209801 6.07431906190746e-06 1.00000000
16060058 60.8587847222222 0.00117887864848072 3.14174428436529e-06 1.00000000
16060059 60.8758101851852 0.00116732087914609 2.45244723758319e-06 1.00000000
16060060 60.9019907407407 0.00115612915633466 2.74306972683145e-06 1.00000000
16060061 60.9236226851852 0.00114462964896648 2.45438437217149e-06 1.00000000
16060062 60.9522222222222 0.00113333960044047 2.52920852655499e-06 1.00000000
16060063 60.9807060185185 0.00112081874905281 8.20780582476698e-06 1.00000000
16060064 60.990162037037 0.000844343768812427 0.000135140659295576 1.00000000
16060065 60.9931018518519 0.00111749712639924 3.1549175511558e-06 1.00000000
16061008 61.1722453703704 0.00132604674648594 2.03154294763014e-06 1.00000000
16061009 61.1940509259259 0.00129545548961687 2.31085854525821e-06 1.00000000
16061010 61.2126273148148 0.00127736650711147 3.57140403579474e-06 1.00000000
16061011 61.2227546296296 0.00126764462618466 2.26796855059319e-06 1.00000000
16061012 61.2494907407407 0.00125432761768072 4.98350665636221e-06 1.00000000
16061013 61.2562268518518 0.0012396526794387 3.88099363654713e-06 1.00000000
16061014 61.2677430555556 0.00123405265203217 2.15797798179262e-06 1.00000000
16061015 61.2998148148148 0.00121544762516551 2.37342944001929e-06 1.00000012
16061016 61.3221527777778 0.00119876453739891 2.43081212353958e-06 1.00000000
16061017 61.3439467592593 0.0011936624236964 2.4128055716206e-06 1.00000000
16061018 61.3669444444444 0.00118351838253045 2.40012423600709e-06 1.00000000
16061019 61.3921527777778 0.00118276281034728 5.50559080468733e-06 1.00000000
16061035 61.5154166666667 0.000718597296091998 2.2002122487564e-06 1.00000000
16061037 61.5397337962963 0.00124132446225562 2.12556507632099e-06 1.00000000
16061038 61.5637962962963 0.00121926743001899 2.29164383984921e-06 1.00000000
16061039 61.5863888888889 0.00120929387082191 2.34123468509517e-06 1.00000000
16061041 61.6099884259259 0.00119557739160523 5.49115857146164e-06 1.00000000
16061042 61.6145601851852 0.0011885078492955 2.20722666404789e-06 1.00000000
16061049 61.6477777777778 0.00116831967554124 2.99586185667811e-06 1.00000000
16061060 61.6877893518519 0.0011473248554936 6.04244552070908e-06 1.00000000
16061061 61.6922800925926 0.00114638939328335 2.56318315581048e-06 1.00000000
16061062 61.7143634259259 0.00114080071675744 2.95068537236154e-06 1.00000000
16061075 61.7752430555556 0.00113147033970431 3.32168813204372e-06 1.00000000
16061076 61.7991435185185 0.00113653339363384 2.34327385989747e-05 1.00000000
16061077 61.8083101851852 0.00111580650489752 2.96741649444063e-06 1.00000000
16061078 61.8313773148148 0.00110855272197364 3.98576496661772e-06 1.00000000
16061083 61.9870717592593 0.00132480511446371 2.56676882342667e-06 1.00000000
16061084 61.9995486111111 0.00130812283609456 3.02914625171255e-06 1.00000000
16062001 62.0105787037037 0.00129475124450026 1.97017710504117e-05 1.00000000
16062002 62.0119212962963 0.00127789026590432 1.21307420182314e-05 1.00000000
16062003 62.0140509259259 0.00129674395884908 4.06587262551155e-06 1.00000000
16062004 62.0216666666667 0.00126472793375183 1.05025327881742e-05 1.00000000
16062005 62.0234606481482 0.00120207402057094 2.38104528897152e-05 1.00000000
16062006 62.0248611111111 0.00126953078482816 1.97910871149795e-06 1.00000000
16062008 62.0750578703704 0.00120833877164956 5.82028419364961e-05 1.00000000
16062009 62.078275462963 0.00109791144904338 3.48254969185675e-05 1.00000000
16062010 62.0805439814815 0.00120781325375594 3.21293215190305e-06 1.00000000
16062011 62.1062615740741 0.0010102018405262 4.87491502251604e-05 1.00000000
16062012 62.1075462962963 0.00119055118462487 4.3336390175222e-06 1.00000000
16062013 62.1151157407407 0.0011737386126125 7.75986298315855e-06 1.00000000
16062014 62.1245601851852 0.00109472529446302 3.76200935381085e-05 1.00000000
16062015 62.1264236111111 0.00117793304617282 3.17252909282031e-06 1.00000000
16062016 62.1414930555556 0.00116999197111581 3.17795338859758e-06 1.00000000
16062017 62.1572337962963 0.00116155490435395 2.62851547825437e-06 1.00000000
16062018 62.1802199074074 0.00115266841251552 2.75640061491453e-06 1.00000000
16062019 62.2019560185185 0.00114207315783718 2.8407490159475e-06 1.00000000
16062020 62.2235763888889 0.00113485860238529 6.4179622802262e-06 1.00000000
16062021 62.2323842592593 0.00113271426650336 6.80817219884792e-06 1.00000000
16062022 62.2387962962963 0.00112410048796487 2.92657251185048e-06 1.00000000
16062023 62.2605324074074 0.0011168614427695 2.9768450767659e-06 1.00000000
16062024 62.2821875 0.00111003874073826 2.86939858919756e-06 1.00000012
16062025 62.3066782407407 0.0011063444132003 6.46938869726533e-06 1.00000000
16062045 62.663900462963 0.00123284436161044 2.67582267598147e-06 1.00000000
16062046 62.678900462963 0.00122322912289163 6.80058368177595e-06 1.00000000
16062047 62.6832638888889 0.00120413667236344 2.07299603173761e-06 1.00000000
16062049 62.7111689814815 0.00118482161843029 2.70785730338765e-06 1.00000000
16062050 62.7328125 0.001179275887845 1.03163454001006e-05 1.00000000
16062051 62.7368055555556 0.00117091031933418 2.41636010299498e-06 1.00000000
16062052 62.7593055555555 0.00115552693515312 4.1552698974488e-06 1.00000000
16062053 62.770787037037 0.00114976362825855 2.85583937596682e-06 1.00000000
16062054 62.7994560185185 0.00113599528339299 2.59864033710955e-06 1.00000000
16062055 62.8219444444444 0.00112720202938511 2.82393036897223e-06 1.00000000
16062056 62.8427314814815 0.0011209082109039 2.51854905398352e-06 1.00000000
16062057 62.8684953703704 0.00110291264098512 2.80628307987723e-06 1.00000000
16062058 62.8902199074074 0.00109879061051586 2.76707178642102e-06 1.00000000
16062078 62.9877314814815 0.00125956260001678 2.49389963410671e-06 1.00000000
16063001 63.002037037037 0.00123556551583382 2.30656931086858e-06 1.00000000
16063002 63.0206365740741 0.00121661518129829 2.66007638659737e-06 1.00000000
16063003 63.0358680555555 0.00120136933765682 2.21420314924414e-06 1.00000000
16063004 63.0583796296296 0.00118349108332379 2.26962778185001e-06 1.00000000
16063005 63.0816666666667 0.00116763168198374 3.13218875176133e-06 1.00000000
16063006 63.096087962963 0.00115262493605708 9.07034709589195e-06 1.00000000
16063007 63.1010763888889 0.00115539635017765 2.47808336646868e-06 1.00000000
16063091 63.7904513888889 0.00131182304711165 3.42799336438777e-06 1.00000000
16063092 63.7986342592593 0.001291914855717 2.39666282616384e-06 1.00000000
16063093 63.8175115740741 0.00125723496968648 2.1861294316897e-06 1.00000000
16063094 63.8389467592593 0.00123030900923408 2.31581074746988e-06 1.00000000
16063095 63.8619675925926 0.00121530820400733 4.3990928870013e-06 1.00000000
16063096 63.8714351851852 0.000974803457871464 4.10286488084893e-05 1.00000000
16063097 63.8736574074074 0.000972249957738444 4.059805644994e-05 1.00000012
16063099 63.8791319444444 0.00115689564888824 4.64385248231882e-05 1.00000000
16063100 63.8891087962963 0.00118859580727838 3.43072665781437e-06 1.00000012
16063111 63.9458217592593 0.00114064176602843 2.71226377017917e-06 1.00000000
16063112 63.9654166666667 0.00112737375304174 2.50094980184351e-06 1.00000000
16063113 63.9891319444444 0.00112415171169352 2.70294715393496e-06 1.00000000
16064001 64.0104513888889 0.00111519491839495 3.43513374105768e-06 1.00000000
16064002 64.0255439814815 0.00110239938175168 4.11762817437605e-06 1.00000000
16064006 64.1098032407407 0.00128533301703819 3.65060371373862e-06 1.00000000
16064007 64.1171064814815 0.0012635365383443 1.92448343479728e-06 1.00000000
16064008 64.1425231481482 0.00123549369435898 1.99451038147764e-06 1.00000000
16064009 64.1672800925926 0.0012202029959351 2.20161222295411e-06 1.00000000
16064010 64.1894444444444 0.00120195616361684 2.19005765211631e-06 1.00000000
16064013 64.2146990740741 0.00117617371891434 1.24841142196126e-05 1.00000000
16064014 64.2195949074074 0.00118544539221355 1.23358798472179e-05 1.00000000
16064016 64.2239699074074 0.00118908016931258 4.02191292172426e-06 1.00000000
16064017 64.2317361111111 0.00118930347738447 7.08942052293858e-06 1.00000000
16064018 64.2382523148148 0.00117620642262116 2.59706724543927e-06 1.00000000
16064019 64.2847685185185 0.00114772224990699 3.55312677418521e-06 1.00000000
16064020 64.2965972222222 0.0011490352465914 3.62542453331512e-06 1.00000000
16066022 66.4352083333333 0.00117802451101592 3.00810188336882e-06 1.00000000
16066023 66.4526388888889 0.00116290398262802 2.33476638362662e-06 1.00000000
16066024 66.4743402777778 0.00114769731060152 2.24537706584473e-06 1.00000000
16066025 66.4987384259259 0.00114454344825165 5.01423629456646e-06 1.00000000
