16054069 54.6642939814815 0.00101423053655541 2.33487542131324e-06 1.00000000
16054070 54.6816782407407 0.000997556649375079 2.1877819622868e-06 1.00000000
16054072 54.7055439814815 0.00100196261069598 2.89489318389171e-06 1.00000000
16054073 54.7170949074074 0.000963557213307618 1.60403415145888e-05 1.00000000
16054074 54.7184953703704 0.000978924794895255 1.97758759707598e-05 1.00000000
16054075 54.7208449074074 0.00100010514285563 4.33998162772652e-06 1.00000000
16054077 54.7269560185185 0.000978744147547602 4.66247329760408e-06 1.00000000
16054078 54.7314699074074 0.000983076544002988 2.05252059590527e-06 1.00000000
16054079 54.7529861111111 0.000980932734266287 2.09374190055758e-06 1.00000000
16054080 54.8107175925926 0.000965467880670125 2.02557908209349e-06 1.00000000
16054082 54.8397106481481 0.000954974406396121 1.71271175487781e-06 1.00000000
16054086 54.8842361111111 0.000980209205702616 2.70398792252583e-06 1.00000000
16054087 54.9010069444444 0.000975698879538694 4.45893805456871e-06 1.00000000
16055002 55.0092708333333 0.00110475905770849 1.6992628720149e-06 1.00000000
16055003 55.0333796296296 0.00107772926956035 1.85321003931539e-06 1.00000000
16055004 55.0567476851852 0.00106733176611238 1.73599283234386e-06 1.00000000
16055005 55.0856481481481 0.00105432123264383 2.42297988102606e-06 1.00000000
16055006 55.1020601851852 0.00104187958622409 7.9036958264532e-06 1.00000000
16055007 55.105474537037 0.00104463140578542 2.02430118203623e-06 1.00000000
16055008 55.1300810185185 0.00101415869497569 8.44625714160163e-06 1.00000000
16055009 55.1333564814815 0.00102837685052603 3.5939402017706e-06 1.00000000
16055010 55.1421064814815 0.00102127494646163 1.80864300488711e-06 1.00000000
16055011 55.1747685185185 0.0010178080631371 1.86985979544705e-06 1.00000000
16055012 55.2079513888889 0.00100636445173941 1.92933563427233e-06 1.00000000
16055013 55.2399768518518 0.00100041055319956 2.53552159615626e-06 1.00000000
16055014 55.2603472222222 0.00100618417005851 4.65983836726894e-06 1.00000000
16055018 55.273587962963 0.000996617681623726 4.08345831862252e-06 1.00000000
16055019 55.2883449074074 0.000982801240766987 3.2817430286245e-06 1.00000000
16055021 55.3037731481481 0.000984163637100347 2.56476817014155e-06 1.00000000
16055022 55.324537037037 0.000973991188057811 1.0781814166593e-05 1.00000000
16055024 55.3327199074074 0.000986633034331366 3.61716122779436e-06 1.00000000
16055025 55.3447453703704 0.000959996920465323 1.13827608012998e-05 1.00000000
16055120 55.7071296296296 0.00103818417408684 1.56549576207586e-06 1.00000000
16055121 55.7289930555556 0.00102645069962207 1.40372450313912e-06 1.00000000
16055122 55.7608912037037 0.00100862125952763 1.88915020343982e-06 1.00000000
16055123 55.7797685185185 0.00100000792466852 1.56355722726799e-06 1.00000000
16055124 55.8094212962963 0.772549919709543 0.0124243991187354 1.00000000
16055125 55.8120138888889 0.000984088877235403 2.08031708258962e-06 1.00000000
16055127 55.8319791666667 0.00072069179803949 0.000138588312316065 1.00000000
16055128 55.8339930555556 0.00097528770806991 1.68634037345441e-06 1.00000000
16055129 55.8621296296296 0.000960915590972546 1.57699070736778e-06 1.00000000
16055130 55.8963657407407 0.000951937168318836 1.48835486575499e-06 1.00000000
16055131 55.9362962962963 0.000946101015802643 1.88816916405667e-06 1.00000000
16055132 55.9668981481481 0.000924847718162066 4.70110196260384e-06 1.00000000
16055133 55.9718981481481 0.000933275361936582 1.90344233367161e-06 1.00000000
16055134 55.9993981481481 0.000934132940829417 2.36419189818302e-06 1.00000000
16056004 56.0257175925926 0.000907220276464322 1.40712743893252e-05 1.00000000
16056016 56.1417013888889 0.00102143853453585 1.2879791761146e-06 1.00000000
16056017 56.1814467592593 0.00099774454657288 1.63219122178322e-06 1.00000000
16056018 56.2113310185185 0.000983400610430199 1.73556761476518e-06 1.00000000
16056019 56.2402893518518 0.000975212853632694 2.21519102388016e-06 1.00000000
16056020 56.2598726851852 0.00097158929732471 9.83520858704707e-06 1.00000000
16056021 56.2624537037037 0.000971507529545586 5.95974592476608e-06 1.00000000
16056022 56.2658101851852 0.000969190342668468 1.70586002493909e-06 1.00000000
16056023 56.2996296296296 0.000958459828512534 2.06270016719134e-06 1.00000000
16057046 57.7843287037037 0.00104993928553418 1.93773089146606e-06 1.00000000
16057047 57.7984375 0.00103522034011262 3.09981667289963e-06 1.00000000
16057048 57.8053587962963 0.00103181626665535 2.00882752398991e-06 1.00000000
16057049 57.8201273148148 0.00101749936783174 2.03821216576737e-06 1.00000000
16057050 57.8363657407407 0.000997548780645516 1.76538854483168e-06 1.00000000
16057051 57.8581018518518 0.000991236450880722 2.2426138937786e-06 1.00000000
16057053 57.8802083333333 0.000978721129286974 3.41416938869925e-06 1.00000000
16057054 57.8869444444444 0.000981563973950432 4.15824374972197e-06 1.00000000
16058001 58.0010648148148 0.00105346397984103 1.5819506100007e-06 1.00000000
16058002 58.0226157407407 0.0010275728985597 1.65116359824803e-06 1.00000000
16058005 58.0501273148148 0.000999799203864193 3.12406957568721e-06 1.00000000
16058006 58.059212962963 0.000994713139462875 1.45166122439707e-06 1.00000000
16058007 58.0927083333333 0.000959706364541751 1.08997457844865e-05 1.00000000
16058008 58.0980439814815 0.000982743995165412 1.89357636069235e-06 1.00000000
16058015 58.1463425925926 0.000956341955410323 1.64588154240425e-06 1.00000000
16058016 58.1797800925926 0.000951926055815411 3.48388301615936e-06 1.00000000
16058017 58.1877199074074 0.000942715601975216 1.75970946656187e-06 1.00000000
16058018 58.2170601851852 0.000954592619106011 1.980884577116e-06 1.00000000
16058019 58.2416898148148 0.000943657144574039 2.03453759520299e-06 1.00000000
16058020 58.2651851851852 0.000939945894945983 3.54364346472146e-06 1.00000000
16058021 58.2807060185185 0.000931538322051571 1.97144917340693e-06 1.00000000
16058022 58.3087268518519 0.000922312820903387 2.08086568793446e-06 1.00000000
16058023 58.3332175925926 0.000921550298203823 2.26091391212073e-06 1.00000000
16058024 58.3549421296296 0.000920498865821961 4.92068872599107e-06 1.00000000
16058025 58.3631365740741 0.000906888185422604 7.45245520124626e-06 1.00000000
16058026 58.3664351851852 0.000907556357743773 2.39528195114327e-06 1.00000000
16058070 58.6064351851852 0.00104528361552752 1.07001431787016e-05 1.00000000
16058071 58.6077546296296 0.00101846730722813 7.44890015931358e-06 1.00000000
16058072 58.610474537037 0.00093569519355865 2.34620477311351e-05 1.00000000
16058073 58.6123032407407 0.000978892312688346 1.66745416994973e-05 1.00000000
16058074 58.6174074074074 0.00100622830363899 7.14104285357154e-06 1.00000000
16058077 58.6283101851852 0.00100954506186252 1.47190941233658e-06 1.00000000
16058078 58.6538078703704 0.000987880010505148 1.71991916542963e-06 1.00000000
16058079 58.6752777777778 0.000975226271761509 1.8354958157717e-06 1.00000000
16058080 58.6960185185185 0.000953530460241009 2.13905753178304e-06 1.00000012
16058082 58.7217824074074 0.000956130887932115 2.05917363954931e-06 1.00000000
16058083 58.7399189814815 0.000934308532670794 1.14030705502119e-05 1.00000000
16058084 58.7414236111111 0.00095399011268213 3.51323694828834e-06 1.00000000
16058085 58.7554398148148 0.000955718462831362 2.32657325528263e-06 1.00000000
16058086 58.7787037037037 0.000939425330550659 2.3854521168717e-06 1.00000000
16058087 58.7962615740741 0.000935227556986755 2.38886092943587e-06 1.00000000
16058088 58.8135069444444 0.000935745639353205 2.42963844562031e-06 1.00000000
16058089 58.8328819444444 0.000933029551873166 2.49624148414631e-06 1.00000000
16058090 58.8497453703704 0.000925061719570862 2.57995459261032e-06 1.00000000
16058091 58.8663194444444 0.0009105780200638 2.51997616224477e-06 1.00000000
16058092 58.885787037037 0.00114125185342555 8.71582081590729e-06 1.00000000
16058093 58.889537037037 0.000911352414495406 2.66997797276043e-06 1.00000000
16058095 58.9125347222222 0.0009218612560114 2.7068638073316e-06 1.00000000
16058096 58.9298842592593 0.00090585268153558 2.75782966657965e-06 1.00000000
16058100 58.9515162037037 0.000903272177319776 5.69521423432474e-06 1.00000000
16059008 59.0646759259259 0.00103336203809156 1.79516391133682e-06 1.00000000
16059009 59.0793402777778 0.00102012046098902 1.85939250720834e-06 1.00000000
16059010 59.1065972222222 0.00100890134119097 5.29441106995875e-06 1.00000000
16059011 59.1293634259259 0.000999021035800029 2.0190553617086e-06 1.00000000
16059012 59.1440162037037 0.000982883017065745 2.04258105187247e-06 1.00000000
16059013 59.1586342592593 0.000972358131432983 3.23957877393031e-06 1.00000000
16059015 59.2538310185185 0.0010370666878776 1.46116976015824e-06 1.00000000
16059016 59.2756134259259 0.00102573216429381 1.51629963848654e-06 1.00000000
16059017 59.2974305555556 0.00101126847322372 1.51922572811666e-06 1.00000000
16059018 59.3213541666667 0.00100139786511289 2.06149868169626e-06 1.00000000
16059019 59.3401041666667 0.000981404718351886 1.57950489960117e-06 1.00000000
16059020 59.3723263888889 0.000969935126094711 7.38170262917408e-06 1.00000000
16059021 59.3742824074074 0.000966835918394286 7.07575727248855e-06 1.00000000
16059022 59.3761689814815 0.000966165421153108 1.67417082445241e-06 1.00000000
16059023 59.4052546296296 0.00095727599072349 1.72279189841477e-06 1.00000000
16059024 59.4287037037037 0.000951852803292617 1.73182878630257e-06 1.00000000
16059025 59.4530671296296 0.000935257964773573 1.92368355429423e-06 1.00000000
16059026 59.4751273148148 0.000928514012146499 3.49313785384216e-06 1.00000000
16059027 59.4872337962963 0.000932244412733805 7.99653198184051e-06 1.00000000
16059028 59.4936574074074 0.000928313571245709 3.22709205574434e-06 1.00000000
16059029 59.5021759259259 0.000912921458210923 8.01188252273114e-06 1.00000000
16059030 59.5045486111111 0.000920539763111856 1.82508573116151e-06 1.00000000
16059031 59.5289351851852 0.00091504798313876 1.8741628576267e-06 1.00000000
16059041 59.567962962963 0.00117891480917994 5.45984049580597e-06 1.00000000
16059062 59.893287037037 0.00133743307711843 1.66845338093095e-06 1.00000000
16059064 59.9244212962963 0.00130817299432256 2.7957106061779e-06 1.00000000
16059065 59.9363425925926 0.00130006910692017 3.11101662693405e-06 1.00000000
16059066 59.9479398148148 0.00129803947975819 3.71485239628693e-06 1.00000000
16059067 59.9561458333333 0.00128246867049059 2.05754501976309e-06 1.00000000
16059068 59.9813425925926 0.00127028243389052 3.44629799428906e-06 1.00000000
16059069 59.9946990740741 0.0012617618747872 2.12345162636025e-06 1.00000000
16060001 60.026724537037 0.00124391525208445 2.8035336932851e-06 1.00000000
16060002 60.048287037037 0.00123690268657443 2.81378305484775e-06 1.00000000
16060003 60.0650694444444 0.00122307460164436 2.36295148725195e-06 1.00000000
16060004 60.0903009259259 0.00121129568547593 2.38502421924248e-06 1.00000000
16060005 60.1153819444444 0.00120721271659874 2.21401955633683e-06 1.00000000
16060008 60.1677083333333 0.00119004991574371 2.87136292413541e-06 1.00000000
16060011 60.1911342592593 0.0011859248679129 2.80727536343271e-06 1.00000000
16060014 60.2174884259259 0.00117509079708569 4.0243175661813e-06 1.00000000
16060016 60.3280324074074 0.00137505262370907 3.1670467093504e-06 1.00000000
16060017 60.3383449074074 0.0013605293881164 1.42408129574568e-05 1.00000000
16060018 60.3402893518519 0.00134976965403574 3.97236028407865e-05 1.00000000
16060025 60.3574189814815 0.00131952379217485 1.79539766174397e-06 1.00000000
16060026 60.3867708333333 0.00130264393623797 3.60618911978807e-06 1.00000000
16060027 60.3965277777778 0.00128912440630602 2.26166678147631e-06 1.00000000
16060028 60.4184259259259 0.00125713710787241 1.54951172039399e-05 1.00000000
16060030 60.4258564814815 0.00127124489268252 1.18259713025668e-05 1.00000012
16060031 60.4284027777778 0.00126602987872904 3.07109847353169e-06 1.00000012
16060032 60.4475462962963 0.00124808922211857 5.50716168607794e-06 1.00000000
16060034 60.456087962963 0.00125258335458874 9.30290533385433e-06 1.00000000
16060036 60.4647916666667 0.00111872862461238 0.00010044424605183 1.00000000
16060037 60.4662384259259 0.00122963729729552 2.30219174030654e-06 1.00000000
16060038 60.4917361111111 0.00121624971463931 2.2664183605109e-06 1.00000000
16060039 60.5168865740741 0.00120088076235968 2.6385230866373e-06 1.00000000
16060040 60.5383333333333 0.00120211467054354 2.511276163447e-06 1.00000000
16060041 60.5603587962963 0.00118868212238541 5.2905584356362e-06 1.00000000
16060042 60.5711689814815 0.00118833803135766 4.71355972113428e-06 1.00000000
16060043 60.5809259259259 0 1.81129343836138e-07 1.00000000
16060044 60.5844212962963 0.00118322592515501 2.56051952304369e-06 1.00000000
16060045 60.6077777777778 0.00117050830651796 2.64271416365031e-06 1.00000000
16060046 60.6300462962963 0.00115847809791959 2.90146857872273e-06 1.00000000
16060053 60.7572569444444 0.00126119350726288 2.14001150920089e-06 1.00000012
16060054 60.7780787037037 0.00123869684133067 2.24729430726892e-06 1.00000000
16060055 60.7997222222222 0.0012224961224023 2.25025405759883e-06 1.00000000
16060056 60.8230324074074 0.00120575327041494 2.38917229184638e-06 1.00000000
16060057 60.8447800925926 0.00120214077209801 5.80747440819359e-06 1.00000000
16060058 60.8587847222222 0.001178879315592 3.01398545805333e-06 1.00000000
16060059 60.8758101851852 0.00116732127155992 2.35720651929073e-06 1.00000000
16060060 60.9019907407407 0.00115612961553858 2.64452822064419e-06 1.00000000
16060061 60.9236226851852 0.00114462964896648 2.37126235972943e-06 1.00000000
16060062 60.9522222222222 0.00113333960044047 2.44869294900566e-06 1.00000000
16060063 60.9807060185185 0.00112081874905281 7.94367120056517e-06 1.00000000
16060064 60.990162037037 0.000844343768812427 0.000133442284090207 1.00000000
16060065 60.9931018518519 0.00111749763732832 3.0630929547104e-06 1.00000000
16061008 61.1722453703704 0.00132604501971249 1.87433893016689e-06 1.00000000
16061009 61.1940509259259 0.00129546132931015 2.15693094557374e-06 1.00000000
16061010 61.2126273148148 0.00127736650711147 3.3563314048563e-06 1.00000000
16061011 61.2227546296296 0.00126764554692405 2.13543812058345e-06 1.00000000
16061012 61.2494907407407 0.00125432979832537 4.70106932539628e-06 1.00000000
16061013 61.2562268518518 0.00123965396267196 3.67033138949922e-06 1.00000000
16061014 61.2677430555556 0.00123405303346284 2.04601124034362e-06 1.00000000
16061015 61.2998148148148 0.0012154489338281 2.25897441379917e-06 1.00000012
16061016 61.3221527777778 0.001198765846359 2.32073358599355e-06 1.00000000
16061017 61.3439467592593 0.00119366447392941 2.3091511063815e-06 1.00000000
16061018 61.3669444444444 0.00118350816947388 2.30166074988233e-06 1.00000000
16061019 61.3921527777778 0.00118276281034728 5.27616963901666e-06 1.00000000
16061035 61.5154166666667 0.000718597296091998 2.2002122487564e-06 1.00000000
16061037 61.5397337962963 0.00124132604814344 2.00645931261572e-06 1.00000000
16061038 61.5637962962963 0.00121926910294794 2.17754394301128e-06 1.00000000
16061039 61.5863888888889 0.0012092914574397 2.22881705341369e-06 1.00000000
16061041 61.6099884259259 0.00119557739160523 5.33597882731721e-06 1.00000000
16061042 61.6145601851852 0.00118850848884328 2.14906517923759e-06 1.00000000
16061049 61.6477777777778 0.00116831967554124 2.92487261858967e-06 1.00000000
16061060 61.6877893518519 0.0011473248554936 5.9042392527046e-06 1.00000000
16061061 61.6922800925926 0.00114638987500865 2.50874180578206e-06 1.00000000
16061062 61.7143634259259 0.00114079370445227 2.8893662429264e-06 1.00000000
16061075 61.7752430555556 0.00113147033970431 3.25836311848066e-06 1.00000000
16061076 61.7991435185185 0.00113653339363384 2.30291544905974e-05 1.00000000
16061077 61.8083101851852 0.00111580704623576 2.91608405571775e-06 1.00000000
16061078 61.8313773148148 0.00110855272197364 3.91967413191158e-06 1.00000000
16061083 61.9870717592593 0.00132481089340868 2.43932892056192e-06 1.00000000
16061084 61.9995486111111 0.00130812333450364 2.91954503974437e-06 1.00000000
16062001 62.0105787037037 0.00129475124450026 1.90085709311792e-05 1.00000000
16062002 62.0119212962963 0.00127789026590432 1.16629398173021e-05 1.00000000
16062003 62.0140509259259 0.00129674395884908 3.90510856821975e-06 1.00000000
16062004 62.0216666666667 0.00126472793375183 1.01097547991539e-05 1.00000000
16062005 62.0234606481482 0.00120207402057094 2.29469217367468e-05 1.00000000
16062006 62.0248611111111 0.00126953214153727 1.90520598068184e-06 1.00000000
16062008 62.0750578703704 0.00120833877164956 5.69608498520751e-05 1.00000000
16062009 62.078275462963 0.00109791144904338 3.44626665347499e-05 1.00000000
16062010 62.0805439814815 0.00120781374479937 3.11926915585571e-06 1.00000000
16062011 62.1062615740741 0.0010102018405262 4.75441261659417e-05 1.00000000
16062012 62.1075462962963 0.00119055118462487 4.21807028760334e-06 1.00000000
16062013 62.1151157407407 0.0011737386126125 7.55402632111034e-06 1.00000000
16062014 62.1245601851852 0.00109472529446302 3.6843624535937e-05 1.00000000
16062015 62.1264236111111 0.00117793343811989 3.09891111645467e-06 1.00000000
16062016 62.1414930555556 0.00116998524290945 3.10671201784891e-06 1.00000000
16062017 62.1572337962963 0.00116155490435395 2.57386072681232e-06 1.00000000
16062018 62.1802199074074 0.00115266841251552 2.70042366886654e-06 1.00000000
16062019 62.2019560185185 0.00114207315783718 2.78747130113612e-06 1.00000000
16062020 62.2235763888889 0.00113485860238529 6.29925958898178e-06 1.00000000
16062021 62.2323842592593 0.00113271566792179 6.69057134286363e-06 1.00000000
16062022 62.2387962962963 0.00112410074142689 2.8774829220545e-06 1.00000000
16062023 62.2605324074074 0.00111686170040277 2.92811610189359e-06 1.00000000
16062024 62.2821875 0.00111003874073826 2.82540298089064e-06 1.00000012
16062025 62.3066782407407 0.0011063444132003 6.37241342651432e-06 1.00000000
16062045 62.663900462963 0.00123284436161044 2.52091667238813e-06 1.00000000
16062046 62.678900462963 0.00122322912289163 6.44887902780822e-06 1.00000000
16062047 62.6832638888889 0.00120413700964789 1.97260608473299e-06 1.00000000
16062049 62.7111689814815 0.00118481535758178 2.5830694136962e-06 1.00000000
16062050 62.7328125 0.001179275887845 9.86752311317362e-06 1.00000000
16062051 62.7368055555556 0.00117091031933418 2.3145637692392e-06 1.00000000
16062052 62.7593055555555 0.00115552693515312 3.99441098480361e-06 1.00000000
16062053 62.770787037037 0.00114976416367374 2.74594498316078e-06 1.00000000
16062054 62.7994560185185 0.00113599611435229 2.50618205905524e-06 1.00000000
16062055 62.8219444444444 0.00112720249347232 2.72973614294346e-06 1.00000000
16062056 62.8427314814815 0.0011209082109039 2.43739154061302e-06 1.00000000
16062057 62.8684953703704 0.00110291307002277 2.72066731158744e-06 1.00000000
16062058 62.8902199074074 0.00109879061051586 2.68790270117099e-06 1.00000000
16062078 62.9877314814815 0.00125955895663434 2.32398085163321e-06 1.00000000
16063001 63.002037037037 0.0012355584194526 2.16618841413825e-06 1.00000000
16063002 63.0206365740741 0.00121661958241575 2.51218998629819e-06 1.00000000
16063003 63.0358680555555 0.00120137059879617 2.09706117524932e-06 1.00000000
16063004 63.0583796296296 0.00118348835967097 2.16053913557062e-06 1.00000000
16063005 63.0816666666667 0.0011677410957657 2.98667282701078e-06 1.00000000
16063006 63.096087962963 0.00115262493605708 8.66521926892806e-06 1.00000000
16063007 63.1010763888889 0.00115539767901086 2.37257724652558e-06 1.00000000
16063091 63.7904513888889 0.00131182304711165 3.15599908331299e-06 1.00000000
16063092 63.7986342592593 0.00129191607389662 2.22645461917612e-06 1.00000000
16063093 63.8175115740741 0.00125723496968648 2.05050220969637e-06 1.00000000
16063094 63.8389467592593 0.00123030646056282 2.19196821129277e-06 1.00000000
16063095 63.8619675925926 0.00121530820400733 4.17047652458172e-06 1.00000000
16063096 63.8714351851852 0.000974803457871464 3.90672125607324e-05 1.00000000
16063097 63.8736574074074 0.000972249841068463 3.86855240997404e-05 1.00000000
16063099 63.8791319444444 0.00115689564888824 4.35461810209768e-05 1.00000000
16063100 63.8891087962963 0.0011885956646469 3.25364139012759e-06 1.00000000
16063111 63.9458217592593 0.00114064176602843 2.60585371544499e-06 1.00000000
16063112 63.9654166666667 0.0011273741584426 2.4078433060352e-06 1.00000000
16063113 63.9891319444444 0.00112415260511789 2.60840005744887e-06 1.00000000
16064001 64.0104513888889 0.00111519491839495 3.31763146921005e-06 1.00000000
16064002 64.0255439814815 0.00110239951403961 3.97720880990921e-06 1.00000012
16064006 64.1098032407407 0.00128531967099178 3.3794931038873e-06 1.00000000
16064007 64.1171064814815 0.00126354127781561 1.79707423807587e-06 1.00000000
16064008 64.1425231481482 0.00123549443662206 1.87604393757794e-06 1.00000000
16064009 64.1672800925926 0.00122020385306435 2.07946155597464e-06 1.00000000
16064010 64.1894444444444 0.00120195698142982 2.07481678252199e-06 1.00000000
16064013 64.2146990740741 0.00117617371891434 1.18852687536926e-05 1.00000000
16064014 64.2195949074074 0.00118544539221355 1.17608918884594e-05 1.00000000
16064016 64.2239699074074 0.00118908016931258 3.8365393188554e-06 1.00000000
16064017 64.2317361111111 0.00118930347738447 6.73425714360127e-06 1.00000000
16064018 64.2382523148148 0.0011762069568647 2.47313051341219e-06 1.00000000
16064019 64.2847685185185 0.00114772316881412 3.40147756864646e-06 1.00000000
16064020 64.2965972222222 0.0011490352465914 3.49135568961234e-06 1.00000000
16066022 66.4352083333333 0.00117803577415761 2.86696339081716e-06 1.00000000
16066023 66.4526388888889 0.00116290048837877 2.23309185498064e-06 1.00000000
16066024 66.4743402777778 0.00114769803015967 2.15146474906603e-06 1.00000000
16066025 66.4987384259259 0.00114454344825165 4.8160456800172e-06 1.00000000
