16048109 48.7655555555556 0.862502742581765 0.00028937207193004 900.76171875
16048110 48.7868055555556 0.863083474923277 0.000359851652591573 824.73046875
16048111 48.8020949074074 0.877886062206118 0.000418293927868431 812.23962402
16048115 48.8338888888889 0.87367617377207 0.000848042331686056 722.08825684
16048116 48.8390277777778 0.856702867612727 0.00112417999812482 725.61828613
16048117 48.8450231481482 0.877358581574245 0.000541928065931971 709.95947266
16048118 48.8548032407407 0.837799345458038 0.000709533569419802 698.73583984
16048119 48.8631018518519 0.883361862559187 0.000645638509844063 694.21014404
16048120 48.8703587962963 0.856544200713218 0.000403339032197555 688.32678223
16048121 48.8972222222222 0.864921789979009 0.000404202658536382 641.07879639
16048122 48.920462962963 0.866228974203701 0.000388969796686711 616.91168213
16048125 48.9488773148148 0.816703462569628 0.000497592445373706 593.55926514
16048126 48.9610532407407 0.840668081967177 0.000794541806916952 578.98657227
16048127 48.9681944444444 0.820728036088893 0.000364476886154354 571.38348389
16048128 48.9911226851852 0.822358596557662 0.000609730921169928 537.98400879
16049010 49.1021527777778 0.825191307426822 0.000368836252648962 793.77490234
16049012 49.1203009259259 0.834258841323187 0.000345128755400855 725.52777100
16049013 49.1373611111111 0.845609438382546 0.00046401515890605 739.10479736
16049014 49.1500810185185 0.854202562630961 0.0011413158714091 694.57220459
16049015 49.1565509259259 0.827517259525381 0.00105672150571683 693.03344727
16049016 49.1619328703704 0.845815499461596 0.00177247927201053 680.81414795
16049017 49.1663657407407 0.839465098726328 0.00032100512596471 658.90991211
16049018 49.1901273148148 0.843591306327389 0.000446551261888004 644.78985596
16049019 49.2071296296296 0.825864821943856 0.00140640561270275 621.07531738
16049020 49.2094444444445 0.814052359679711 0.000322648552705639 599.80468750
16049021 49.2334722222222 0.823373767619522 0.000613539081982642 579.80120850
16049022 49.2450231481481 0.83442994735665 0.000476340445011633 570.84039307
16049023 49.2579861111111 0.82354603893649 0.000579386032042755 563.05621338
16049024 49.2688310185185 0.830391572992144 0.000500126281675875 555.81518555
16049025 49.2837037037037 0.852009196332463 0.000458569812799885 545.04406738
16050009 50.2655208333333 0.825778736979834 0.000294529971991874 974.16809082
16050010 50.2875810185185 0.81305293615032 0.000298128823376511 924.65722656
16050036 50.7092824074074 0.831787075183048 0.00268314935543278 1032.63977051
16050037 50.712349537037 0.856736465426398 0.000317622662941549 1013.45098877
16050038 50.7307523148148 0.862363689643396 0.00123755935806884 983.85302734
16050039 50.7338425925926 0.837696999480869 0.000998513946531338 999.78332520
16050040 50.737974537037 0.844932832820079 0.000310611578854911 977.15496826
16050041 50.758125 0.874684591055604 0.00151477263461373 912.34741211
16050042 50.7629166666667 0.831759206365808 0.00101444548245503 894.06372070
16050043 50.7663078703704 0.828894242985011 0.000724296110578191 897.86529541
16050044 50.7796412037037 0.843622593603819 0.00153906398101936 873.51721191
16050048 50.7940625 0.84075628198415 0.00141407757821281 856.59118652
16050049 50.7983101851852 0.837060430219711 0.000854401577488454 851.06988525
16050050 50.8052893518519 0.833932915452948 0.0025875523967309 833.05767822
16050051 50.807337962963 0.844091409773108 0.00202429796522065 823.55377197
16050052 50.8102083333333 0.829598852377245 0.000352685076300458 834.50592041
16050053 50.8317361111111 0.838889971444704 0.00117884377053398 790.69744873
16050054 50.837349537037 0.839808373899316 0.000374905611001974 786.53381348
16050065 50.8721990740741 0.824894673966043 0.000848315521771094 748.24664307
16050066 50.8808796296296 0.842845718594737 0.000360810628806633 749.06127930
16050070 50.919537037037 0.825415723233204 0.00128462823196664 706.88201904
16050071 50.9247222222222 0.84676142364371 0.000357518502559742 694.48168945
16050072 50.9482407407407 0.833294008273812 0.000421616681754868 669.31896973
16050073 50.9656018518519 0.802822386304461 0.000459408915683371 649.58703613
16050075 50.9857291666667 0.819208855031898 0.000644721768808509 635.28594971
16050076 50.9960416666667 0.83969359151377 0.000692042982718038 626.14404297
16051001 51.0042592592593 0.831164531660429 0.000557916159127757 623.06658936
16051003 51.0204976851852 0.819931521226622 0.000726479474032456 561.97009277
16051004 51.0283564814815 0.835463439438864 0.000550546940213722 556.81079102
16051007 51.0523032407407 0.812449746651553 0.000436339658253313 536.98834229
16051008 51.0736226851852 0.821350999627543 0.000430076168625442 513.81695557
16051009 51.0949652777778 0.799134115883884 0.000589020354791759 484.76214600
16051022 51.2465625 0.769436558886744 0.000631851547023144 894.42578125
16051026 51.3206365740741 0.824225120375212 0.00117555859546717 1030.19592285
16051027 51.3226736111111 0.826926659347892 0.000249341066939498 1054.72497559
16051028 51.3525578703704 0.805381219260903 0.000389540070416306 981.04718018
16051029 51.3725810185185 0.820152103285639 0.000468505273416389 931.44573975
16051030 51.3837384259259 0.845023091945766 0.00127757791116873 958.41876221
16051031 51.3878125 0.817154458767503 0.0007790299120845 941.67376709
16051032 51.3934837962963 0.807985023575689 0.000477449550066189 895.33093262
16051033 51.4051851851852 0.822139383736225 0.000701622703689514 908.54589844
16051034 51.4116550925926 0.845195379146285 0.00160123604422197 894.42578125
16051035 51.414525462963 0.82767234403132 0.000685846403732954 885.91754150
16051036 51.4216319444444 0.809072000552669 0.000486789911975984 876.14208984
16051037 51.4361921296296 0.81290759448126 0.000545203193191129 871.79742432
16051038 51.4474537037037 0.827005006084843 0.0006896420466524 865.46148682
16051039 51.4541782407407 0.800448081679718 0.000462045716769148 853.15167236
16051040 51.4710300925926 0.834239672709711 0.000678778742939564 819.48071289
16051041 51.4787962962963 0.821883255068893 0.000499738313283782 810.15783691
16051042 51.4955439814815 0.835944504696785 0.00123133552715203 796.21875000
16051044 51.5004861111111 0.82648188568647 0.000697209209920394 781.28405762
16051045 51.5066435185185 0.837734340925773 0.000409392172096739 770.06036377
16051046 51.5242361111111 0.796235393685466 0.00215182303225272 762.45727539
16051047 51.5255324074074 0.809851158787468 0.000515723784882787 745.71228027
16051048 51.5382060185185 0.820221552348465 0.000412611955320931 736.57043457
16051049 51.5557638888889 0.808115974438454 0.000417600337570463 714.03259277
16051050 51.5760069444444 0.813459152160043 0.000783592209233123 712.94641113
16051051 51.583912037037 0.818014197562093 0.00062936364563594 689.23193359
16051052 51.5970833333333 0.830940340204382 0.000579347736426015 679.54699707
16051056 51.6133680555556 0.812095264406806 0.000427892553524125 659.09094238
16051057 51.6341666666667 0.831670133022519 0.000441634977880131 644.33728027
16051058 51.6523842592593 0.806062397922027 0.000564393988517345 622.61407471
16051059 51.6635416666667 0.798187763294916 0.000485266412167258 612.56707764
16051060 51.6832638888889 0.826378530909301 0.000699597264189209 624.60534668
16051101 51.885462962963 0.819305538842807 0.000368069422807091 765.08215332
16051102 51.9005439814815 0.823891475027056 0.000572489676328852 726.79498291
16051103 51.9073263888889 0.835083857104994 0.000314370263759445 722.81237793
16051104 51.9308333333333 0.83309430707949 0.00138447764518483 656.37554932
16051105 51.9359606481482 0.825490439652501 0.000700582667549834 665.78894043
16051106 51.945775462963 0.834141911716925 0.0018516715469483 646.60009766
16051107 51.9484375 0.820208404477001 0.000643589240996523 647.59576416
16051108 51.9566435185185 0.837933836807459 0.00159724291769399 617.63580322
16051109 51.9593171296296 0.809401849504535 0.00114713851161754 635.73846436
16051110 51.9622106481482 0.825453115215 0.000856162734240325 620.07965088
16051111 51.9673148148148 0.849774098360456 0.000942337305420421 616.64013672
16052013 52.2808680555556 0.789747323917277 0.000308019569776873 845.72955322
16052015 52.3025347222222 0.794032669068348 0.000332668483451553 829.16564941
16052016 52.3210763888889 0.781590539360324 0.000331325420913069 820.29528809
16052017 52.3405555555555 0.806661488049111 0.000707360136975321 786.98645020
16052018 52.3523032407407 0.81006657690413 0.000401969112716408 747.34149170
16052019 52.3691203703704 0.788875786970322 0.000393236651907813 736.66094971
16052021 52.3903240740741 0.813946124230569 0.00123387209715703 700.09350586
16052022 52.3956018518519 0.81313994456733 0.00105078191299276 679.18493652
16052023 52.4020833333333 0.791920240049777 0.00159690119032421 664.79327393
16052028 52.4211111111111 0.816022030575875 0.000432995111689096 611.11883545
16052030 52.4431944444444 0.813017631667649 0.000692751295426897 587.04229736
16052031 52.45125 0.799669396650264 0.000394830172438729 564.50445557
16052032 52.4716550925926 0.752153983532517 0.0012598233054651 607.13623047
16052034 52.4786689814815 0.795854997992485 0.000471516384072947 604.78289795
16052035 52.4924421296296 0.770663518472736 0.00273464073726134 602.70111084
16052036 52.4994907407407 0.785534988812812 0.00146321560520352 588.03790283
16052037 52.5014814814815 0.803632429009211 0.000650537174265819 588.58099365
16052038 52.51 0.829767520108927 0.000585108783242959 592.29205322
16052039 52.5226967592593 0.801353512637918 0.00177413452649329 578.17199707
16052040 52.525462962963 0.795589569527501 0.000648300526995935 575.18499756
16052041 52.5334143518519 0.801289578302133 0.000416503327215353 571.29296875
16052042 52.5514351851852 0.790569518395723 0.00172816903277304 564.95703125
16052043 52.5542708333333 0.808703617846732 0.00203303793668467 540.06579590
16052044 52.5571527777778 0.817433126797053 0.000397711729511542 551.74206543
16052045 52.5769791666667 0.805089731355068 0.000786514295423577 539.52276611
16052046 52.5823263888889 0.767642519456798 0.00367931916590079 550.56536865
16052048 52.5898032407407 0.805536984269729 0.00178781944468999 541.42352295
16052049 52.5931944444444 0.796380663543707 0.000410409768530964 535.08758545
16052050 52.6128819444444 0.790470339951816 0.000728546791670131 517.70904541
16052051 52.6192476851852 0.709747547117201 0.00103340394799221 520.69598389
16052087 52.9683796296296 0.739528692194418 0.000407694662880558 832.42413330
16052088 52.9803009259259 0.781098458509785 0.000391619016880675 820.47631836
16052089 52.9940162037037 0.787428444635305 0.000322870374220847 813.59729004
16053001 53.014525462963 0.795065179980299 0.00139573215974382 781.64605713
16053002 53.0172916666667 0.814779008680505 0.000342510664215454 759.74182129
16053003 53.0394212962963 0.774558354272596 0.000332779634211819 740.10046387
16053004 53.0619560185185 0.764970556303394 0.000347650906306523 711.67926025
16053005 53.0846643518518 0.779544689408323 0.000924332579313895 673.57312012
16053006 53.1081944444445 0.771468867162237 0.000361685911570509 652.93603516
16053007 53.1293865740741 0.767919205784632 0.000395124641854188 634.10925293
16053008 53.1472222222222 0.795379090868202 0.000469718319867796 602.97265625
16053009 53.1656018518518 0.792906823856895 0.000378492722360058 604.60186768
16053010 53.1873148148148 0.76981250888653 0.000379782833124798 572.92218018
16053011 53.2090509259259 0.760892365432409 0.000610921985047219 564.05187988
16053012 53.2177199074074 0.751326483414229 0.000427430407911116 555.54364014
16053017 53.244537037037 0.777338004437198 0.00076422650364148 539.07019043
16053019 53.2529398148148 0.751431167029598 0.000632314490091998 544.59149170
16053030 53.2901273148148 0.774466360070724 0.000661166688150727 507.11892700
16053031 53.2985763888889 0.780177500765539 0.000592805200539614 503.31738281
16053043 53.4778935185185 0.803461273600879 0.00029067522419021 1003.76593018
16053044 53.5005671296296 0.791325484862381 0.000608903256065402 943.57464600
16053045 53.5067476851852 0.791277550492975 0.000387543491949604 902.75292969
16053046 53.5256481481482 0.795087772033879 0.000380539378855746 866.63818359
16053047 53.5439236111111 0.811579679985638 0.00038741112067511 836.94976807
16053048 53.5620023148148 0.807358000720339 0.000389892624482101 798.02899170
16053049 53.5822569444444 0.786789061552449 0.00109779372858279 782.55120850
16053051 53.5908101851852 0.797099328385442 0.000816187864462499 755.48773193
16053052 53.5958564814815 0.791299178280146 0.000389515629367592 763.27185059
16053053 53.6146412037037 0.788316003186516 0.000880961565846941 718.10565186
16053054 53.6208564814815 0.779675432807794 0.000387407055694956 720.54956055
16053055 53.638912037037 0.8014046294358 0.00049214491600939 706.15789795
16053056 53.6503009259259 0.776023868580495 0.000397006140100311 682.53393555
16053057 53.669537037037 0.796511311447492 0.000545338488625674 661.26324463
16053058 53.6792476851852 0.802362708394045 0.000736280695407975 659.72454834
16053059 53.6848726851852 0.783447251436044 0.00039281215240645 670.67663574
16053060 53.7068055555556 0.783393231406661 0.000703940354313682 635.19543457
16053061 53.7133796296296 0.794454953647732 0.000997324679542577 636.37207031
16053062 53.717962962963 0.770754544181205 0.000550002525175691 617.00219727
16053063 53.7283564814815 0.799311849586887 0.000402074771432841 609.12756348
16053064 53.7479513888889 0.77906086103725 0.00039304619513836 587.94738770
16053065 53.769375 0.763180840356196 0.000358575039506889 568.39654541
16053066 53.7930902777778 0.790269717714567 0.000385097523770115 547.57843018
16053067 53.8145486111111 0.78400985424456 0.000662252506959961 558.80212402
16053073 53.8991435185185 0.795055501829504 0.000289596172263496 1071.74157715
16053074 53.9206018518518 0.790490139974561 0.000296137836154203 994.26208496
16053075 53.9421296296296 0.790272499010081 0.000377929309658163 933.98022461
16053077 53.9655092592593 0.787898893936863 0.000851411201964989 885.55554199
16053078 53.9722800925926 0.804447410810018 0.000338936022853144 882.65905762
16053079 53.9938773148148 0.786208849981752 0.000335173971065684 828.16998291
16054001 54.0153935185185 0.789690348509406 0.000544931375368303 810.42932129
16054002 54.0244675925926 0.77665060946947 0.00103988844857949 797.66693115
16054003 54.0304976851852 475.023307951248 0.00615643697339243 763.99597168
16054005 54.0371643518518 0.78014331671486 0.000343841248542986 755.39721680
16054006 54.0604976851852 0.796399145734612 0.000400161858215431 726.88549805
16054007 54.0791435185185 0.781285380062067 0.000355237740580088 699.55041504
16054010 54.103287037037 0.784604267267687 0.000360441928207644 672.66796875
16054011 54.125 0.799533295889128 0.00053011943027417 655.01782227
16054012 54.1397453703704 0.805658127714458 0.000380888411852806 617.54528809
16054013 54.1616782407407 0.793344275354155 0.000375122188542657 603.60626221
16054014 54.1837384259259 0.782340848543014 0.000450850647229996 568.21551514
16054015 54.1999074074074 0.779110733714541 0.00136795514215827 551.38000488
16054016 54.2035185185185 0.805278590873461 0.00393386794382185 558.80212402
16054017 54.2046875 0.776058602144454 0.00149158886699338 531.10498047
16054018 54.2074305555556 0.763953003618048 0.00223099389272097 550.29382324
16054019 54.2090625 0.775738181587741 0.000384107825744877 548.39306641
16054020 54.2308217592593 0.758522967578743 0.000443281457967459 532.64373779
16054021 54.2481828703704 0.782697960067298 0.000950030374568641 531.64807129
16054022 54.2549884259259 0.775487579283295 0.00139447704645246 506.84744263
16054059 54.5834953703704 0.782598019568388 0.000272075664026375 989.10284424
16054060 54.6094675925926 0.776330414179967 0.000428989335146729 887.00366211
16054061 54.6209027777778 0.797860507687967 0.00193354473719831 878.76696777
16054062 54.6241550925926 0.791789275128007 0.000557720130130627 876.95672607
16054063 54.6316435185185 0.787354844442171 0.000393488472594954 874.87487793
16054064 54.6484027777778 0.79554030745473 0.000546717820445655 822.92022705
16054069 54.6642939814815 0.773861991325429 0.00043887272534983 780.74096680
16054070 54.6816782407407 0.774153721621728 0.000409027321327204 778.65911865
16054072 54.7055439814815 0.792719758659415 0.000506900201692642 736.20837402
16054073 54.7170949074074 0.795346289273416 0.00280461677288204 708.78277588
16054074 54.7184953703704 0.773662992990171 0.00332829311251711 724.53210449
16054075 54.7208449074074 0.767124131778422 0.000751445759094167 715.57128906
16054077 54.7269560185185 0.777988998856197 0.000827073556334184 698.46429443
16054078 54.7314699074074 0.758526702757156 0.000357290812839512 685.97344971
16054079 54.7529861111111 0.759875599910624 0.000358685137548452 676.83154297
16054080 54.8107175925926 0.771870856003651 0.000344581029402932 616.36865234
16054082 54.8397106481481 0.768273079344508 0.000290043509491842 598.53747559
16054086 54.8842361111111 0.760696791263522 0.000440916390609557 568.93957520
16054087 54.9010069444444 0.76496810902861 0.00072280922822764 551.28948975
16055002 55.0092708333333 0.793761090723311 0.000290814282223258 904.92535400
16055003 55.0333796296296 0.750940433749444 0.000312525897531404 828.26049805
16055004 55.0567476851852 0.758150704972255 0.000295812712164469 781.55560303
16055005 55.0856481481481 0.765488223393516 0.00042077323178884 704.43817139
16055006 55.1020601851852 0.779285100930532 0.00150304235989904 692.49041748
16055007 55.105474537037 0.77902649267834 0.000343031388454254 683.98211670
16055008 55.1300810185185 0.76723671923386 0.00149649984987263 657.82373047
16055009 55.1333564814815 0.750671731293461 0.000595806172384509 652.57397461
16055010 55.1421064814815 0.755477109664755 0.000299156889755318 617.90734863
16055011 55.1747685185185 0.763160732229186 0.000306153313664377 601.16235352
16055012 55.2079513888889 0.765143622061838 0.000313671995551825 572.56011963
16055013 55.2399768518518 0.751075436504635 0.000414151056114986 550.02227783
16055014 55.2603472222222 0.763456153270026 0.000725900068129891 536.35479736
16055018 55.273587962963 0.756595104292563 0.000728981269319516 500.87353516
16055019 55.2883449074074 0.743325412969129 0.00053392211106546 510.10589600
16055021 55.3037731481481 0.756854917576764 0.00040374899793468 485.30520630
16055022 55.324537037037 0.772922206656164 0.00266685973759155 479.60290527
16055024 55.3327199074074 0.763558431376293 0.000590883258347142 457.60812378
16055025 55.3447453703704 0.750482807438024 0.00179378775742658 457.60812378
16055120 55.7071296296296 0.781440723475086 0.000288077477211133 1106.22717285
16055121 55.7289930555556 0.776618750118645 0.000249710568904406 1048.66064453
16055122 55.7608912037037 0.755352728614302 0.000334986220542157 1000.05493164
16055123 55.7797685185185 0.763337121016056 0.000277631863966107 911.53283691
16055124 55.8094212962963 526.544660161251 0.0386242820276289 842.38055420
16055125 55.8120138888889 0.760301987219904 0.000372632538530618 847.99243164
16055127 55.8319791666667 2.67412044250589 0.0717908439660124 814.77398682
16055128 55.8339930555556 0.77495524932857 0.000289953462373341 800.38238525
16055129 55.8621296296296 0.753707295890837 0.000270150026183578 756.75488281
16055130 55.8963657407407 0.756198013920963 0.000250943436300059 700.18402100
16055131 55.9362962962963 0.749686496948174 0.000315174935837783 670.67663574
16055132 55.9668981481481 0.742856128984361 0.000787461480652114 633.02307129
16055133 55.9718981481481 0.746748410527736 0.000315063376241536 636.19104004
16055134 55.9993981481481 0.761940793369221 0.00038960239899128 610.21368408
16056004 56.0257175925926 0.728395984677468 0.00253829787055526 585.41302490
16056016 56.1417013888889 0.759714016823301 0.000229853265487935 890.62420654
16056017 56.1814467592593 0.771748818099507 0.000297627760807365 787.71051025
16056018 56.2113310185185 0.756251980281466 0.000314186280116436 740.19097900
16056019 56.2402893518518 0.752127482534307 0.000405206302891034 696.92553711
16056020 56.2598726851852 0.752232093478503 0.00176310392099758 667.05615234
16056021 56.2624537037037 0.74108273111952 0.00102599548004146 662.16839600
16056022 56.2658101851852 0.757797098572807 0.000298848348847615 642.07440186
16056023 56.2996296296296 0.721418176797559 0.00035220149875257 626.05352783
16057003 57.0640972222222 0.795015972989838 0.00024646531770958 1009.92089844
16057004 57.0982638888889 0.766928331273546 0.000289289360020332 892.79656982
16057005 57.126412037037 0.777299763293582 0.000308859282239173 817.12725830
16057006 57.1538888888889 0.735273200268766 0.000654250762021388 824.09686279
16057007 57.1639351851852 0.75600791612053 0.000456504800397193 787.07690430
16057008 57.1770486111111 0.792355604375666 0.000725645423748123 765.80621338
16057009 57.1832060185185 0.771622379173054 0.000331309336737468 757.47900391
16057010 57.2091087962963 0.771815555113804 0.000474877259818495 715.29974365
16057011 57.2223032407407 0.751714786531263 0.00085516727620507 709.68792725
16057012 57.2316319444444 0.751957274642399 0.000286953244371035 703.44250488
16057013 57.2671527777778 0.758226108197171 0.00030694587230782 675.83593750
16057015 57.2999421296296 0.787382510865655 0.000762062725503865 643.25109863
16057016 57.3053125 0.754620991289044 0.00037611471548214 623.97174072
16057017 57.3272916666667 0.738365899522046 0.000370645231936795 604.96392822
16057018 57.3494212962963 0.738586294156241 0.000424872966123482 603.96826172
16057046 57.7843287037037 0.774668733006775 0.000357652978539149 1121.07128906
16057047 57.7984375 0.766537791038351 0.000586828131039615 1047.84594727
16057048 57.8053587962963 0.787291212863106 0.000371324292294337 1036.53186035
16057049 57.8201273148148 0.763513974187971 0.000383931253372025 989.10284424
16057050 57.8363657407407 0.757795949139543 0.000332125255425993 957.69464111
16057051 57.8581018518518 0.764147507973967 0.000412022934749134 907.91229248
16057053 57.8802083333333 0.772990878384073 0.000631235817708379 889.62866211
16057054 57.8869444444444 0.735230954914268 0.000758675443426207 865.46148682
16058001 58.0010648148148 0.770123137379818 0.000289491244890548 1124.23925781
16058002 58.0226157407407 0.771825943589625 0.000296962528586226 1009.37786865
16058005 58.0501273148148 0.773250838037317 0.00058973668472872 948.73376465
16058006 58.059212962963 0.771980989990972 0.000269768519630984 941.31176758
16058007 58.0927083333333 0.756286584792313 0.00202249419200548 839.30310059
16058008 58.0980439814815 0.749300986072375 0.000341433133281058 849.62164307
16058015 58.1463425925926 0.760410465819022 0.000295779020648833 770.69396973
16058016 58.1797800925926 0.753266410137595 0.000612932146346934 737.56604004
16058017 58.1877199074074 0.747512992024843 0.000310096969534886 713.30847168
16058018 58.2170601851852 0.745408563792635 0.000342878201628727 701.72277832
16058019 58.2416898148148 0.772777345745818 0.000350830030487896 679.00390625
16058020 58.2651851851852 0.760757864430929 0.00061126876122015 654.02221680
16058021 58.2807060185185 0.757039233911978 0.000337053831695217 638.99694824
16058022 58.3087268518519 0.769824995534401 0.00035704091543523 629.49304199
16058023 58.3332175925926 0.769411346594763 0.000389114222022001 609.21807861
16058024 58.3549421296296 0.746249199292118 0.00103712349085726 583.87432861
16058025 58.3631365740741 0.743319113224424 0.00132648143811412 579.98223877
16058026 58.3664351851852 0.748277758064075 0.000407675516786536 577.90045166
16058070 58.6064351851852 0.76951941948731 0.00249228669104745 1222.53698730
16058071 58.6077546296296 0.791962977877454 0.00144560684863086 1201.26623535
16058072 58.610474537037 0.805425002848901 0.0047636664495379 1183.61621094
16058073 58.6123032407407 0.722626291841615 0.00282651401226285 1183.79724121
16058074 58.6174074074074 0.680333634559469 0.00115442521247684 39.52672195
16058077 58.6283101851852 0.766817928712994 0.000280056845008811 1131.66137695
16058078 58.6538078703704 0.745287143914353 0.000311200462733714 1024.31250000
16058079 58.6752777777778 0.774622305796262 0.000336580935888894 938.59631348
16058080 58.6960185185185 0.749504449164592 0.000402535919067917 898.77044678
16058082 58.7217824074074 0.734272029902145 0.000359904569644698 859.21606445
16058083 58.7399189814815 0.728886090767189 0.00199643247166477 839.30310059
16058084 58.7414236111111 0.758562388484008 0.000624996231358309 858.03936768
16058085 58.7554398148148 0.748452836396274 0.000403197012202812 838.85052490
16058086 58.7787037037037 0.732287111277567 0.000408638817135118 794.31799316
16058087 58.7962615740741 0.759206236356493 0.000412480909316757 746.97943115
16058088 58.8135069444444 0.749602808010504 0.000417024540591269 728.96728516
16058089 58.8328819444444 0.741247197637265 0.000418620425394717 702.62786865
16058090 58.8497453703704 0.749469305927581 0.0004489542708714 689.05090332
16058091 58.8663194444444 0.748093849190743 0.000417276130713074 638.36340332
16058092 58.885787037037 0.760643305623688 0.00106287277681045 641.98388672
16058093 58.889537037037 0.752290854584826 0.000455800013906644 635.28594971
16058095 58.9125347222222 0.739576528222434 0.000443811345507542 615.28247070
16058096 58.9298842592593 0.725034443911623 0.000454799275034944 595.55053711
16058100 58.9515162037037 0.738012461046917 0.000958203087988899 553.73333740
16059008 59.0646759259259 0.765773635415748 0.000325910874990183 1235.93286133
16059009 59.0793402777778 0.778257238717578 0.000339592219380993 1191.21923828
16059010 59.1065972222222 0.772902538115728 0.00143301153345982 1095.09399414
16059011 59.1293634259259 0.763529911213108 0.000366819981821274 1054.45349121
16059012 59.1440162037037 0.778965823485577 0.000377458188205038 1006.57196045
16059013 59.1586342592593 0.747881048170969 0.000575016485372804 992.54229736
16059015 59.2538310185185 0.790085368874822 0.000280830802485883 1279.46984863
16059016 59.2756134259259 0.76158610994183 0.000276661221446894 1164.78942871
16059017 59.2974305555556 0.753667379861504 0.000279710562753912 1152.56994629
16059018 59.3213541666667 0.743720544741723 0.000428887612344021 1076.71972656
16059019 59.3401041666667 0.757180735067867 0.000289974185108718 1032.82080078
16059020 59.3723263888889 0.76034399951686 0.00133327914566961 973.44396973
16059021 59.3742824074074 0.786070305802576 0.00126895210683028 952.80694580
16059022 59.3761689814815 0.734437173435079 0.000300976001648399 949.91052246
16059023 59.4052546296296 0.759646313577284 0.000305595242432355 897.50323486
16059024 59.4287037037037 0.759951900504513 0.00030547541567979 880.30560303
16059025 59.4530671296296 0.747481466495116 0.000359957841128811 835.59210205
16059026 59.4751273148148 0.737933258888345 0.000781804126281291 814.86450195
16059027 59.4872337962963 0.746303362051105 0.00180981993778327 808.89062500
16059028 59.4936574074074 0.755155809241648 0.000567829021145642 791.60247803
16059029 59.5021759259259 0.766197111996972 0.00141452798662488 771.59912109
16059030 59.5045486111111 0.747517768522571 0.000315775364171423 785.35711670
16059031 59.5289351851852 0.754186402289122 0.000323946834228486 742.90637207
16059041 59.567962962963 0.727747269558746 0.000697334419349053 703.17095947
16059062 59.893287037037 0.743225883156065 0.000232995556342632 1197.37414551
16059064 59.9244212962963 0.760736450990135 0.000387188291211151 1078.80151367
16059065 59.9363425925926 0.740527122663458 0.000435775633351864 1046.48828125
16059066 59.9479398148148 0.727524862951265 0.000514628109545178 1027.11840820
16059067 59.9561458333333 0.758073110594912 0.000287027416577526 1007.20544434
16059068 59.9813425925926 0.756220258431941 0.000551869917420368 947.28558350
16059069 59.9946990740741 0.743701562378263 0.00028802289131356 913.43359375
16060001 60.026724537037 0.742399810426946 0.000376129892231182 839.30310059
16060002 60.048287037037 0.763114696197709 0.000377808086336928 806.89935303
16060003 60.0650694444444 0.761154145843659 0.000323498299164353 794.67999268
16060004 60.0903009259259 0.742307702826891 0.000314999956675138 741.63916016
16060005 60.1153819444444 0.734682620361416 0.000309925549870941 721.45465088
16060008 60.1677083333333 0.705766836164737 0.000376587855502198 656.73760986
16060011 60.1911342592593 0.728365367216385 0.000362773421966325 643.07006836
16060014 60.2174884259259 0.719894860051327 0.000528550315591763 605.86907959
16060016 60.3280324074074 0.761033458015908 0.000484615183737574 1294.31408691
16060017 60.3383449074074 0.764547025030102 0.00199611155439065 1184.61181641
16060018 60.3402893518519 0.76349734559783 0.00543736208226645 1199.36547852
16060025 60.3574189814815 0.755081489479572 0.000261353280703681 1158.99645996
16060026 60.3867708333333 0.739239979947887 0.000548095109020271 1064.13842773
16060027 60.3965277777778 0.729515807005068 0.000322213780475025 1040.15234375
16060028 60.4184259259259 0.733600042335754 0.00304368227474202 998.42565918
16060030 60.4258564814815 0.740806585732266 0.00206518125491853 975.70678711
16060031 60.4284027777778 0.736004665864505 0.000420133627590962 969.73291016
16060032 60.4475462962963 0.749822800734318 0.000884523989211964 942.21685791
16060034 60.456087962963 0.737365971511918 0.00161853128592924 911.62329102
16060036 60.4647916666667 1.1193501274382 0.0260849814205002 892.52502441
16060037 60.4662384259259 0.733623251438796 0.000323645006963968 866.45715332
16060038 60.4917361111111 0.738691874174581 0.000304118123892414 823.73480225
16060039 60.5168865740741 0.706589607693058 0.000356511968873627 769.15521240
16060040 60.5383333333333 0.739000987413028 0.000338065906860542 779.56427002
16060041 60.5603587962963 0.737924425372845 0.000716348965265694 773.68090820
16060042 60.5711689814815 0.713122202609096 0.000729961375217176 733.49291992
16060043 60.5809259259259 0 1.18110938165653e-05 721.72619629
16060044 60.5844212962963 0.715684199342031 0.000339028893533909 714.75671387
16060045 60.6077777777778 0.706765629742305 0.000342619111006065 695.11529541
16060046 60.6300462962963 0.711005988632649 0.000378351037177398 670.58612061
16060053 60.7572569444444 0.760327317990893 0.000297465522817645 962.40136719
16060054 60.7780787037037 0.747627168665113 0.000316994409212769 924.02368164
16060055 60.7997222222222 0.758487423125964 0.000318452415696464 861.93145752
16060056 60.8230324074074 0.743759090453759 0.000332314263149371 816.31274414
16060057 60.8447800925926 0.731463828516263 0.000811465069738473 747.06994629
16060058 60.8587847222222 0.743339173501596 0.000432435878358817 746.25537109
16060059 60.8758101851852 0.732461416061926 0.000320356645428842 712.31280518
16060060 60.9019907407407 0.724746469508731 0.000355866136154188 656.64709473
16060061 60.9236226851852 0.734303390877954 0.000320170417114681 622.43304443
16060062 60.9522222222222 0.720023376200317 0.000329257432148998 590.11975098
16060063 60.9807060185185 0.7311863221795 0.00105082096293742 569.75421143
16060064 60.990162037037 0.854396986777608 0.0326814872366764 541.51403809
16060065 60.9931018518519 0.734238183998745 0.0004085605295602 532.82476807
16061008 61.1722453703704 0.733377917676395 0.000265928469565165 1258.92333984
16061009 61.1940509259259 0.721310990572425 0.000306604562961822 1206.42553711
16061010 61.2126273148148 0.763792100463767 0.000497114967189954 1130.39416504
16061011 61.2227546296296 0.745415489735181 0.000304427674389471 1092.92163086
16061012 61.2494907407407 0.71998860496645 0.000654089282566524 1040.60485840
16061013 61.2562268518518 0.743203230134963 0.000619116999118875 1016.89038086
16061014 61.2677430555556 0.720340014125479 0.000285027950110434 1003.67547607
16061015 61.2998148148148 0.741763142642579 0.000314731681065469 927.10113525
16061016 61.3221527777778 0.713315038567887 0.000317829989890491 893.24908447
16061017 61.3439467592593 0.727668816602579 0.000314825404013172 849.25958252
16061018 61.3669444444444 0.730707253069158 0.00032604957452779 837.58337402
16061019 61.3921527777778 0.723062732316264 0.000719706224448641 801.46850586
16061035 61.5154166666667 0.415787619250062 0.000401639672527795 1067.48742676
16061037 61.5397337962963 0.734398205093168 0.000293324222027695 980.05145264
16061038 61.5637962962963 0.743794048866375 0.000323512420719394 937.41961670
16061039 61.5863888888889 0.746159708273287 0.000321981692283318 888.63293457
16061041 61.6099884259259 0.740298804615578 0.000757358596099154 856.95318604
16061042 61.6145601851852 0.749771636258697 0.00030913316265173 840.47979736
16061049 61.6477777777778 0.709084846312846 0.000459901608188908 753.94897461
16061060 61.6877893518519 0.7135880898062 0.00083568499135988 727.79058838
16061061 61.6922800925926 0.727068293274567 0.000350637329559625 734.39807129
16061062 61.7143634259259 0.710440340281387 0.00040672454088812 713.39898682
16061075 61.7752430555556 0.718601985193702 0.000442505138838407 620.17016602
16061076 61.7991435185185 0.749440597505877 0.00441405542684766 595.09796143
16061077 61.8083101851852 0.731668936257316 0.000393514537815215 576.36169434
16061078 61.8313773148148 0.723884034750627 0.00052768727519425 569.48266602
16061083 61.9870717592593 0.744559185550208 0.000355905302453052 1306.98596191
16061084 61.9995486111111 0.735271480870596 0.000455823305209704 1270.50903320
16062001 62.0105787037037 0.748498582600399 0.00297125776746643 1193.66320801
16062002 62.0119212962963 0.75315315287664 0.00179066580924325 1207.69274902
16062003 62.0140509259259 0.738732737872179 0.000583410583243401 1216.29150391
16062004 62.0216666666667 0.734583248967986 0.00150847658430077 1181.98693848
16062005 62.0234606481482 0.740644276454446 0.00354347748007515 1191.58129883
16062006 62.0248611111111 0.752867484115088 0.000280610082183952 1179.90515137
16062008 62.0750578703704 0.804505502646317 0.0132616312615125 910.80871582
16062009 62.078275462963 0.801555707813776 0.00658230557203471 872.52148438
16062010 62.0805439814815 0.730716711163245 0.000453818656881777 872.15948486
16062011 62.1062615740741 0.760583467400432 0.00775529177847775 790.87847900
16062012 62.1075462962963 0.726991358310379 0.000590411254514113 777.66351318
16062013 62.1151157407407 0.743470502379776 0.00106458125887801 764.90112305
16062014 62.1245601851852 0.794204724944441 0.00600138631338376 655.01782227
16062015 62.1264236111111 0.7266530105009 0.000431072017812541 730.50598145
16062016 62.1414930555556 0.71522826285882 0.000437544303490036 690.77062988
16062017 62.1572337962963 0.734744222346157 0.000358854591903723 655.74194336
16062018 62.1802199074074 0.712150829412297 0.00037199860693002 648.50085449
16062019 62.2019560185185 0.734358075813998 0.000381302912365679 624.42431641
16062020 62.2235763888889 0.723263629917882 0.000878805056137176 587.04229736
16062021 62.2323842592593 0.741888302726962 0.0010392164017707 565.50012207
16062022 62.2387962962963 0.72066513676544 0.000392289778343662 563.87084961
16062023 62.2605324074074 0.702695830448218 0.000392747713348564 528.93267822
16062024 62.2821875 0.715361884967547 0.000379038952435275 515.62719727
16062025 62.3066782407407 0.722465060539741 0.000862147780890481 489.83087158
16062045 62.663900462963 0.720997718151707 0.00036350901099467 989.37432861
16062046 62.678900462963 0.725591804251814 0.000954616850117867 929.63555908
16062047 62.6832638888889 0.716496904213965 0.000289791141575584 919.58850098
16062049 62.7111689814815 0.698743591687724 0.000374443167318779 850.43627930
16062050 62.7328125 0.747431895995239 0.00141237873861038 798.39105225
16062051 62.7368055555556 0.729448970441163 0.000332858790355896 769.69830322
16062052 62.7593055555555 0.709768007690817 0.0005870763063578 747.25097656
16062053 62.770787037037 0.735953909889864 0.000392177311985398 725.70880127
16062054 62.7994560185185 0.720332640171987 0.000351659229305274 689.50341797
16062055 62.8219444444444 0.713983031900043 0.000380196484223955 639.35900879
16062056 62.8427314814815 0.701354123785716 0.000334142199053387 613.56268311
16062057 62.8684953703704 0.705738484540452 0.000376758144770079 587.40435791
16062058 62.8902199074074 0.726493448928919 0.000376412295922687 560.43133545
16062078 62.9877314814815 0.692787403953253 0.000333929830066111 1181.89636230
16063001 63.002037037037 0.717575327627578 0.000325796949432399 1127.13574219
16063002 63.0206365740741 0.70725571062125 0.000374923405307804 1063.95739746
16063003 63.0358680555555 0.711568499241158 0.000307457527864253 1037.79895020
16063004 63.0583796296296 0.70474804264532 0.000317010781683829 961.58666992
16063005 63.0816666666667 0.687393319041126 0.00044403535623476 900.67114258
16063006 63.096087962963 0.685157390373783 0.0012387107633323 878.31445312
16063007 63.1010763888889 0.700141139662988 0.000336140456203783 869.98718262
16063091 63.7904513888889 0.726226796114167 0.000455898035855768 1200.72314453
16063092 63.7986342592593 0.73967013090421 0.000332421404990101 1158.99645996
16063093 63.8175115740741 0.72434029464522 0.000299452567216064 1088.48645020
16063094 63.8389467592593 0.718416336770352 0.000321517601246339 1024.13146973
16063095 63.8619675925926 0.710632841505364 0.000608315315731214 958.32824707
16063096 63.8714351851852 0.771160759219142 0.00696429983698424 922.75646973
16063097 63.8736574074074 0.747553028982259 0.00718728926368366 912.89050293
16063099 63.8791319444444 0.766333268807168 0.00637044050379803 876.05157471
16063100 63.8891087962963 0.704009563680418 0.000458216297141189 849.71215820
16063111 63.9458217592593 0.725094654205522 0.000369713547581454 730.05346680
16063112 63.9654166666667 0.697444456252351 0.00033430788160296 694.66271973
16063113 63.9891319444444 0.682169156933446 0.000356750261732532 659.00042725
16064001 64.0104513888889 0.696628453832922 0.000459722394188779 647.05267334
16064002 64.0255439814815 0.711397817541759 0.000552970931389036 618.81250000
16064006 64.1098032407407 0.728489230013041 0.000519243085461337 1249.05737305
16064007 64.1171064814815 0.718709575027234 0.000272000542131548 1201.17578125
16064008 64.1425231481482 0.70039643287262 0.000274881225691687 1155.10437012
16064009 64.1672800925926 0.695723144550223 0.000300827828545128 1071.01745605
16064010 64.1894444444444 0.708644250627189 0.000299049676216539 1011.45953369
16064013 64.2146990740741 0.695374764975364 0.00168652235035129 972.90087891
16064014 64.2195949074074 0.691867907778562 0.00172949015933385 953.44049072
16064016 64.2239699074074 0.681997794130427 0.000536230298280179 963.21594238
16064017 64.2317361111111 0.686445321144961 0.000936870432245204 924.92877197
16064018 64.2382523148148 0.717971265680073 0.000352677952367559 915.42486572
16064019 64.2847685185185 0.692321563676975 0.000485610713453155 810.06726074
16064020 64.2965972222222 0.674754333475054 0.000480614567529961 820.92889404
16066022 66.4352083333333 0.710211585422066 0.00040989620318239 914.53924561
16066023 66.4526388888889 0.711542480283191 0.000318271475737689 863.89239502
16066024 66.4743402777778 0.716307489575756 0.000309075968485342 840.41778564
16066025 66.4987384259259 0.721501516935415 0.000681341499307599 807.91442871
