16048109 48.7655555555556 5.07717027045455 8.65462258985517e-06 5297.14746094
16048110 48.7868055555556 5.07916077467312 1.05926806117522e-05 4848.62255859
16048111 48.8020949074074 5.17858725261318 1.20378694745557e-05 4774.93603516
16048115 48.8338888888889 5.14242267537556 2.65565205304483e-05 4243.11474609
16048116 48.8390277777778 5.04174650105288 4.09407663120627e-05 4263.93896484
16048117 48.8450231481482 5.16324041633592 1.68660738417987e-05 4171.56445312
16048118 48.8548032407407 4.9388654014649 2.89070511789097e-05 4105.35351562
16048119 48.8631018518519 5.19849672636349 1.95705556384442e-05 4078.65551758
16048120 48.8703587962963 5.03820885631761 1.27364356237285e-05 4043.94873047
16048121 48.8972222222222 5.08178886103449 1.51573690153564e-05 3765.22290039
16048122 48.920462962963 5.08865897768787 1.13612158779042e-05 3622.65625000
16048125 48.9488773148148 4.89775653110617 1.51296490441782e-05 3484.89526367
16048126 48.9610532407407 5.04364476318541 2.60769425273348e-05 3398.92797852
16048127 48.9681944444444 4.9191944333302 1.11482779997162e-05 3354.07592773
16048128 48.9911226851852 4.93905874113413 1.84434013513019e-05 3157.04541016
16049010 49.1021527777778 4.93424823830668 1.16014216812668e-05 4666.00878906
16049012 49.1203009259259 4.98839135423299 9.70032705951691e-06 4263.40527344
16049013 49.1373611111111 5.054421136131 1.40408147682952e-05 4343.49853516
16049014 49.1500810185185 5.10704419324432 3.68339557690947e-05 4080.79199219
16049015 49.1565509259259 4.93096492823171 3.74426054360608e-05 4071.71435547
16049016 49.1619328703704 5.03718509493611 6.80722754813028e-05 3999.62988281
16049017 49.1663657407407 5.01063959694812 8.99208462501161e-06 3870.41210938
16049018 49.1901273148148 5.04115487484441 1.19715029542835e-05 3787.11547852
16049019 49.2071296296296 4.97038961423561 4.1081647415762e-05 3647.21850586
16049020 49.2094444444445 4.85262945578377 9.25905451471799e-06 3521.73852539
16049021 49.2334722222222 4.91342881338818 1.87674377053177e-05 3403.73364258
16049022 49.2450231481481 4.97927672924093 1.35357665422923e-05 3350.87207031
16049023 49.2579861111111 4.91968620735878 1.78565320747441e-05 3304.95166016
16049024 49.2688310185185 4.95865088694839 1.5031533304328e-05 3262.23510742
16049025 49.2837037037037 5.07645672840583 1.15236524025292e-05 3198.69409180
16050009 50.2655208333333 4.93571169167778 8.84655750999973e-06 5730.18798828
16050010 50.2875810185185 4.86540365979784 9.7985872925987e-06 5438.11230469
16050036 50.7092824074074 5.04455605897074 8.08760553141561e-05 6075.12402344
16050037 50.712349537037 5.1546322304757 8.84841890956938e-06 5961.92529297
16050038 50.7307523148148 5.20570996504404 3.34886174804184e-05 5787.32031250
16050039 50.7338425925926 4.96752816150139 4.11014100754426e-05 5881.29736328
16050040 50.737974537037 5.07966529295773 8.56820634619674e-06 5747.80810547
16050041 50.758125 5.24539604156119 4.82100986759065e-05 5365.49365234
16050042 50.7629166666667 5.00436823644615 3.95539967176074e-05 5257.63427734
16050043 50.7663078703704 4.98888241619693 2.56513342175533e-05 5280.06054688
16050044 50.7796412037037 5.05609527623467 8.1502001270928e-05 5136.42578125
16050048 50.7940625 5.07502586249579 4.28440490143238e-05 5036.57568359
16050049 50.7983101851852 5.013345375929 2.87226076272979e-05 5004.00439453
16050050 50.8052893518519 5.00120226313506 7.90312340900727e-05 4897.74658203
16050051 50.807337962963 5.01401108312738 6.06297886521212e-05 4841.68115234
16050052 50.8102083333333 4.9789056264652 1.12686603581912e-05 4906.29003906
16050053 50.8317361111111 5.01583163293163 3.89551415708567e-05 4647.85449219
16050054 50.837349537037 5.03664828406904 1.10124677359331e-05 4623.29248047
16050065 50.8721990740741 4.95617196104165 3.02494821207106e-05 4397.42822266
16050066 50.8808796296296 5.04687543001571 1.04067995079146e-05 4402.23388672
16050070 50.919537037037 4.96768146617948 4.54787553155111e-05 4153.40966797
16050071 50.9247222222222 5.08425893365136 9.94677176562654e-06 4080.25805664
16050072 50.9482407407407 4.99880293446659 1.21191265341774e-05 3931.81738281
16050073 50.9656018518519 4.81592180365678 1.4018902294871e-05 3815.41479492
16050075 50.9857291666667 4.92427135062761 1.83448992740739e-05 3731.04980469
16050076 50.9960416666667 5.03276956966457 1.82359579300509e-05 3677.12011719
16051001 51.0042592592593 4.97207518587079 1.58740802866418e-05 3658.96557617
16051003 51.0204976851852 4.9228144311484 2.02863792124709e-05 3298.54418945
16051004 51.0283564814815 5.01139747122228 1.47026429737865e-05 3268.10864258
16051007 51.0523032407407 4.86893634456016 1.29336004783896e-05 3151.17187500
16051008 51.0736226851852 4.91277311253166 1.20962079789176e-05 3014.47851562
16051009 51.0949652777778 4.77647645275485 1.70579127514223e-05 2843.07836914
16051022 51.2465625 4.61869076550242 1.92260675167231e-05 5259.77001953
16051026 51.3206365740741 4.96006042342629 3.78618553182777e-05 6060.70703125
16051027 51.3226736111111 4.9717939292784 7.75237059034073e-06 6205.41015625
16051028 51.3525578703704 4.83432315025186 1.31725981885257e-05 5770.76855469
16051029 51.3725810185185 4.92994218366489 1.59455986717808e-05 5478.15917969
16051030 51.3837384259259 5.06309086965189 5.12525539269109e-05 5637.27880859
16051031 51.3878125 4.90436714954205 2.67512922701033e-05 5538.49658203
16051032 51.3934837962963 4.84906588555455 1.81443063451975e-05 5265.10986328
16051033 51.4051851851852 4.94191826738598 2.45085483937393e-05 5343.06787109
16051034 51.4116550925926 5.05055738835541 5.28538154871019e-05 5259.77001953
16051035 51.414525462963 4.96380686939323 2.64986926779311e-05 5209.57861328
16051036 51.4216319444444 4.85995106975714 1.72367747849521e-05 5151.91064453
16051037 51.4361921296296 4.89286712710356 1.95444188190759e-05 5126.28076172
16051038 51.4474537037037 4.96645057590446 2.43694150678537e-05 5088.90380859
16051039 51.4541782407407 4.81515112046423 1.67966252093864e-05 5016.28515625
16051040 51.4710300925926 5.02189410044915 2.08264105567973e-05 4817.65283203
16051041 51.4787962962963 4.94642073059735 1.6712504091417e-05 4762.65527344
16051042 51.4955439814815 5.05589089296367 3.54547967572258e-05 4680.42578125
16051044 51.5004861111111 4.97080708014449 2.15042481823085e-05 4592.32275391
16051045 51.5066435185185 5.03714574539088 1.22092536768542e-05 4526.11230469
16051046 51.5242361111111 4.83391020010506 6.53790680376071e-05 4481.25976562
16051047 51.5255324074074 4.87572686677187 1.65209985450282e-05 4382.47753906
16051048 51.5382060185185 4.93372170692478 1.27446775217983e-05 4328.54785156
16051049 51.5557638888889 4.8641184235921 1.28913408071235e-05 4195.59228516
16051050 51.5760069444444 4.89590040450166 2.83502934473302e-05 4189.18505859
16051051 51.583912037037 4.91883328401151 2.20671526479414e-05 4049.28833008
16051052 51.5970833333333 4.99245501908616 1.66011950405407e-05 3992.15454102
16051056 51.6133680555556 4.88007926476998 1.29572701127972e-05 3871.48046875
16051057 51.6341666666667 4.9927255828136 1.32268057852251e-05 3784.44531250
16051058 51.6523842592593 4.84846404373244 1.78474839734553e-05 3656.29565430
16051059 51.6635416666667 4.78978439851335 1.52047635208239e-05 3597.02661133
16051060 51.6832638888889 4.95206684450249 2.05000864437899e-05 3668.04272461
16051101 51.885462962963 4.92717226969019 1.10437499151701e-05 4496.74462891
16051102 51.9005439814815 4.95962537579101 1.62953691919756e-05 4270.88037109
16051103 51.9073263888889 5.02094797370322 8.82567692648601e-06 4247.38623047
16051104 51.9308333333333 4.98741796390962 4.71110549667967e-05 3855.46166992
16051105 51.9359606481482 4.95696140786953 2.34905911309811e-05 3910.99316406
16051106 51.945775462963 5.03705737399185 5.64123994370656e-05 3797.79394531
16051107 51.9484375 4.92669625707785 2.11392405710986e-05 3803.66796875
16051108 51.9566435185185 5.02080977958478 4.70232871826816e-05 3626.92822266
16051109 51.9593171296296 4.8565520254727 3.8107955886963e-05 3733.71948242
16051110 51.9622106481482 4.98384885721866 2.88227534463396e-05 3641.34472656
16051111 51.9673148148148 5.11343077694221 2.60788507678591e-05 3621.05444336
16052013 52.2808680555556 4.75459807493755 1.16293145653268e-05 4972.50097656
16052015 52.3025347222222 4.77277167695391 1.17726899410143e-05 4874.78662109
16052016 52.3210763888889 4.70312292372793 1.20931666491122e-05 4822.45849609
16052017 52.3405555555555 4.84881918934033 2.98375634271384e-05 4625.96240234
16052018 52.3523032407407 4.86649407781029 1.47117772584337e-05 4392.08886719
16052019 52.3691203703704 4.73653468926704 1.45881899437791e-05 4329.08203125
16052021 52.3903240740741 4.88550895886298 4.19026661688435e-05 4113.36328125
16052022 52.3956018518519 4.89241994188276 3.73203700422645e-05 3990.01904297
16052023 52.4020833333333 4.76373645225917 0.000183524743184664 3905.11938477
16052028 52.4211111111111 4.89460512933744 1.39057517592787e-05 3588.48315430
16052030 52.4431944444444 4.87536691475927 2.11717505994068e-05 3446.45019531
16052031 52.45125 4.80852799042661 1.2270363117494e-05 3313.49487305
16052032 52.4716550925926 4.54834149038498 3.65253616593937e-05 3564.98876953
16052034 52.4786689814815 4.7845548628021 1.63019730691036e-05 3551.10571289
16052035 52.4924421296296 4.66432577527819 0.000534471862331562 3538.82519531
16052036 52.4994907407407 4.70540220669885 5.17562847955598e-05 3452.32397461
16052037 52.5014814814815 4.84086560778423 2.09071833794928e-05 3455.52734375
16052038 52.51 4.98806247004932 1.74304839967406e-05 3477.41992188
16052039 52.5226967592593 4.80975524158517 6.06009342347722e-05 3394.12255859
16052040 52.525462962963 4.77553135780545 2.09887897419767e-05 3376.50195312
16052041 52.5334143518519 4.80094488896163 1.33667197263283e-05 3353.54174805
16052042 52.5514351851852 4.71444902175099 5.50404993173232e-05 3316.16479492
16052043 52.5542708333333 4.87157399501545 8.77220059260847e-05 3169.32666016
16052044 52.5571527777778 4.90859830308099 1.15893245283059e-05 3238.20703125
16052045 52.5769791666667 4.82493772334048 2.34572140590681e-05 3166.12255859
16052046 52.5823263888889 4.58918672401997 0.000645825804889068 3231.26538086
16052048 52.5898032407407 4.82260368684463 5.52999562422894e-05 3177.33569336
16052049 52.5931944444444 4.7784339883165 1.32481422613545e-05 3139.95874023
16052050 52.6128819444444 4.74460065017619 2.23371959717869e-05 3037.43872070
16052051 52.6192476851852 4.34166786190002 3.99194997706111e-05 3055.05957031
16052087 52.9683796296296 4.5427195361197 1.61260294445228e-05 4894.00878906
16052088 52.9803009259259 4.74264306853826 1.41729671296309e-05 4823.52587891
16052089 52.9940162037037 4.83316259271363 1.06982846215573e-05 4782.94580078
16053001 53.014525462963 4.90659482640406 4.61007570576619e-05 4594.45849609
16053002 53.0172916666667 4.99855533930929 1.13775699854608e-05 4465.24121094
16053003 53.0394212962963 4.7586750861214 1.19975392563105e-05 4349.37207031
16053004 53.0619560185185 4.70220768237513 1.35520179615198e-05 4181.70947266
16053005 53.0846643518518 4.77735984301219 3.31397364152738e-05 3956.91381836
16053006 53.1081944444445 4.73380567767481 1.25235063388644e-05 3835.17163086
16053007 53.1293865740741 4.70754774385725 1.33356177110821e-05 3724.10815430
16053008 53.1472222222222 4.87311069088675 1.51539610116642e-05 3540.42675781
16053009 53.1656018518518 4.85800236837112 1.22890741461792e-05 3550.03833008
16053010 53.1873148148148 4.72352677913182 1.30717726887177e-05 3363.15307617
16053011 53.2090509259259 4.67094256050672 2.09338306579198e-05 3310.82543945
16053012 53.2177199074074 4.61412445544247 1.50584007816439e-05 3260.63281250
16053017 53.244537037037 4.76094153825678 2.29940486228601e-05 3163.45288086
16053019 53.2529398148148 4.61200573297992 2.15400889692566e-05 3196.02441406
16053030 53.2901273148148 4.74187103061085 2.20447876523714e-05 2974.96606445
16053031 53.2985763888889 4.77616680896414 1.84639235114956e-05 2952.53979492
16053043 53.4778935185185 4.93399138757364 9.62143337882092e-06 5904.79150391
16053044 53.5005671296296 4.85783059715461 2.20114336919669e-05 5549.70947266
16053045 53.5067476851852 4.85969296967286 1.66287644165849e-05 5308.89453125
16053046 53.5256481481482 4.88170122600744 1.43560174019634e-05 5095.84521484
16053047 53.5439236111111 4.97796662336394 1.36985805302107e-05 4920.70703125
16053048 53.5620023148148 4.95443281785906 1.42053232498193e-05 4691.10498047
16053049 53.5822569444444 4.82198113656285 4.29005660395131e-05 4599.79833984
16053051 53.5908101851852 4.89316012893498 3.02259908009241e-05 4440.14501953
16053052 53.5958564814815 4.85548905647573 1.40296468586182e-05 4486.06542969
16053053 53.6146412037037 4.83035976897266 3.47242577667695e-05 4219.62060547
16053054 53.6208564814815 4.78491505511533 1.3668228989802e-05 4234.03759766
16053055 53.638912037037 4.91507876614856 1.56863060889706e-05 4149.13818359
16053056 53.6503009259259 4.75466497926897 1.46587387908374e-05 4009.77514648
16053057 53.669537037037 4.8822029743782 1.73497980004088e-05 3884.29541016
16053058 53.6792476851852 4.91939548054416 2.29653919324989e-05 3875.21801758
16053059 53.6848726851852 4.8000117190432 1.33008808669535e-05 3939.82714844
16053060 53.7068055555556 4.80624048984548 2.39890328549341e-05 3730.51562500
16053061 53.7133796296296 4.86217560863857 3.01282734714837e-05 3737.45727539
16053062 53.717962962963 4.72135786643566 1.90883676482139e-05 3623.19042969
16053063 53.7283564814815 4.901475226923 1.28525715187769e-05 3576.73559570
16053064 53.7479513888889 4.77498147636264 1.27272680900895e-05 3451.78979492
16053065 53.769375 4.67464139833217 1.20692312910708e-05 3336.45507812
16053066 53.7930902777778 4.83975390684816 1.18545056976096e-05 3213.64477539
16053067 53.8145486111111 4.80725943735205 2.06941548007717e-05 3279.85595703
16053073 53.8991435185185 4.8901810086415 1.04465757863934e-05 6305.79345703
16053074 53.9206018518518 4.86033098658187 1.02644373967422e-05 5848.72607422
16053075 53.9421296296296 4.85490398971436 1.53979917825621e-05 5493.10986328
16053077 53.9655092592593 4.83858526703006 3.20265515917129e-05 5207.44238281
16053078 53.9722800925926 4.94134155166095 1.24282101054667e-05 5190.35498047
16053079 53.9938773148148 4.82499934685714 1.21880803219485e-05 4868.91259766
16054001 54.0153935185185 4.84905744467097 2.02842146617064e-05 4764.25781250
16054002 54.0244675925926 4.74888061574662 3.61259510090044e-05 4688.96923828
16054003 54.0304976851852 507.621594829749 0.00507696444535266 4490.33691406
16054005 54.0371643518518 4.78096975028486 1.25333967826052e-05 4439.61083984
16054006 54.0604976851852 4.87292462476506 1.36845732552719e-05 4271.41455078
16054007 54.0791435185185 4.78255784233725 1.2391141372593e-05 4110.15917969
16054010 54.103287037037 4.80461135251684 1.23696665417589e-05 3951.57421875
16054011 54.125 4.89410775707775 1.87096987546273e-05 3847.45239258
16054012 54.1397453703704 4.92764063639584 1.14404238729916e-05 3626.39404297
16054013 54.1616782407407 4.84744695019157 1.18982707488901e-05 3544.16479492
16054014 54.1837384259259 4.784055407658 1.48252861958465e-05 3335.38745117
16054015 54.1999074074074 4.78000858340085 4.42128271901789e-05 3236.07104492
16054016 54.2035185185185 4.88571313277908 0.000112797993624626 3279.85595703
16054017 54.2046875 4.77888912645531 4.41059730266403e-05 3116.46459961
16054018 54.2074305555556 4.70707444138514 6.53298607016466e-05 3229.66333008
16054019 54.2090625 4.74464425071073 1.20391013766891e-05 3218.45043945
16054020 54.2308217592593 4.6396823170622 1.51169034242606e-05 3125.54199219
16054021 54.2481828703704 4.77481645865745 3.1927828738973e-05 3119.66845703
16054022 54.2549884259259 4.73434012220612 4.29561781985311e-05 2973.36376953
16054059 54.5834953703704 4.82779665721676 9.56702907788925e-06 5818.29052734
16054060 54.6094675925926 4.78945009693236 1.4438511715085e-05 5215.98583984
16054061 54.6209027777778 4.93305754343077 7.39088808177095e-05 5167.39550781
16054062 54.6241550925926 4.89223224745899 1.80382154143565e-05 5156.71679688
16054063 54.6316435185185 4.86323434756155 1.50620564177032e-05 5144.43505859
16054064 54.6484027777778 4.89953624132664 2.01608709453356e-05 4837.94335938
16054069 54.6642939814815 4.77351402453257 1.97291675319648e-05 4589.11914062
16054070 54.6816782407407 4.77009142132744 1.76094651199555e-05 4576.83789062
16054072 54.7055439814815 4.89687390672062 1.64189728178682e-05 4326.41210938
16054073 54.7170949074074 4.99732399087318 7.72348826757626e-05 4164.62304688
16054074 54.7184953703704 4.71060320413019 0.000107499818280629 4257.53173828
16054075 54.7208449074074 4.72027277820604 2.69304997844315e-05 4204.66992188
16054077 54.7269560185185 4.80403058512354 2.8360121334938e-05 4103.75195312
16054078 54.7314699074074 4.69170274440639 1.28408212910628e-05 4030.06567383
16054079 54.7529861111111 4.68892170690444 1.25485611382876e-05 3976.13598633
16054080 54.8107175925926 4.76134488084601 1.12449562731803e-05 3619.45214844
16054082 54.8397106481481 4.73958391906588 9.44535057411706e-06 3514.26293945
16054086 54.8842361111111 4.69577311762432 1.46823035150718e-05 3339.65893555
16054087 54.9010069444444 4.71290056250881 2.34117483647818e-05 3235.53710938
16055002 55.0092708333333 4.87995093871551 9.09847962493835e-06 5321.70947266
16055003 55.0333796296296 4.61276064458602 1.13932030674642e-05 4869.44677734
16055004 55.0567476851852 4.65467252237152 1.13306080095654e-05 4593.92480469
16055005 55.0856481481481 4.6929255281049 1.69580397790477e-05 4138.99316406
16055006 55.1020601851852 4.78738444910005 8.3580001923658e-05 4068.51074219
16055007 55.105474537037 4.7755763856709 1.20676332265006e-05 4018.31835938
16055008 55.1300810185185 4.70379652702573 6.24671679687444e-05 3864.00488281
16055009 55.1333564814815 4.61237691990887 2.16624492270841e-05 3833.03540039
16055010 55.1421064814815 4.6346232747422 1.06212811742227e-05 3628.52954102
16055011 55.1747685185185 4.67707917593811 1.04232456315014e-05 3529.74731445
16055012 55.2079513888889 4.68353584411847 1.04182908720512e-05 3361.01708984
16055013 55.2399768518518 4.59560335306952 1.49056596699404e-05 3228.06176758
16055014 55.2603472222222 4.68324606768863 2.18361442903545e-05 3147.43432617
16055018 55.273587962963 4.64714745771494 3.71326991330233e-05 2938.12255859
16055019 55.2883449074074 4.55250263211622 1.92771228128073e-05 2992.58618164
16055021 55.3037731481481 4.64317248390088 1.25643269185661e-05 2846.28222656
16055022 55.324537037037 542.806222482452 9.89146974492055e-09 2812.64282227
16055024 55.3327199074074 4.68742941851662 2.05964315977744e-05 2682.89135742
16055025 55.3447453703704 4.62598455175325 5.47166096488242e-05 2682.89135742
16055120 55.7071296296296 4.84480296870605 1.10672347696814e-05 6509.23193359
16055121 55.7289930555556 4.81514481647035 9.04182039232417e-06 6169.63525391
16055122 55.7608912037037 4.68807887173428 1.31688700208105e-05 5882.89990234
16055123 55.7797685185185 4.73697232750906 1.07759514931139e-05 5360.68847656
16055124 55.8094212962963 533.758469373007 0.0371831310186755 4952.74414062
16055125 55.8120138888889 4.72028580098356 1.48673646301863e-05 4985.84960938
16055127 55.8319791666667 529.397138924885 3.28081183105201e-07 4789.88720703
16055128 55.8339930555556 4.80419095056708 9.4148464493949e-06 4704.98779297
16055129 55.8621296296296 4.67212290503404 9.46727657289935e-06 4447.62060547
16055130 55.8963657407407 4.69072597141956 8.21721536139345e-06 4113.89697266
16055131 55.9362962962963 4.64693683538456 1.04305118631296e-05 3939.82714844
16055132 55.9668981481481 4.6063196180307 2.59284984387144e-05 3717.70068359
16055133 55.9718981481481 4.62792084083325 1.01598582413219e-05 3736.38891602
16055134 55.9993981481481 4.72272007156399 1.17938441423794e-05 3583.14331055
16056004 56.0257175925926 4.55745654416575 0.000118237284932749 3436.83911133
16056016 56.1417013888889 4.72874634618268 7.86714536427283e-06 5237.34375000
16056017 56.1814467592593 4.80336966604419 1.07578118317977e-05 4630.23388672
16056018 56.2113310185185 4.70039101029686 1.22259597411486e-05 4349.90625000
16056019 56.2402893518518 4.67651076337415 1.69720991444126e-05 4094.67456055
16056020 56.2598726851852 4.66794769255933 7.08468307654171e-05 3918.46875000
16056021 56.2624537037037 4.59500257719874 3.72070301908396e-05 3889.63476562
16056022 56.2658101851852 4.70674215149325 1.06906242123354e-05 3771.09643555
16056023 56.2996296296296 4.48251675927403 1.39406586592586e-05 3676.58618164
16057003 57.0640972222222 4.94620172310954 8.27755184085687e-06 5941.10058594
16057004 57.0982638888889 4.76505194871589 1.13601432428473e-05 5250.15917969
16057005 57.126412037037 4.82803158939979 1.19014677548623e-05 4803.77001953
16057006 57.1538888888889 4.56727416736417 3.62611343413916e-05 4844.88476562
16057007 57.1639351851852 4.69759038146876 1.73153616805455e-05 4626.49609375
16057008 57.1770486111111 4.90414125570484 2.63437524805075e-05 4501.01611328
16057009 57.1832060185185 4.78604466837178 1.23325307004982e-05 4451.89208984
16057010 57.2091087962963 4.79160622809969 1.74246836709595e-05 4203.06787109
16057011 57.2223032407407 4.66728564369236 5.21005093741717e-05 4169.96240234
16057012 57.2316319444444 4.66675945140686 1.11338493730333e-05 4133.11962891
16057013 57.2671527777778 4.70318298652269 1.07826199578464e-05 3970.26245117
16057015 57.2999421296296 4.87451118750457 2.15700033182083e-05 3778.03784180
16057016 57.3053125 4.67529230486737 1.3272338977307e-05 3664.30493164
16057017 57.3272916666667 4.57977590085789 1.29083897416774e-05 3552.17382812
16057018 57.3494212962963 4.57890539196914 1.49072801444149e-05 3546.30004883
16057046 57.7843287037037 4.83675497795881 1.31117087438643e-05 6596.80175781
16057047 57.7984375 4.78257829055305 2.50854119542956e-05 6164.82910156
16057048 57.8053587962963 4.91023509042363 1.33699890064935e-05 6098.08447266
16057049 57.8201273148148 4.76807520874483 1.68665894032044e-05 5818.29052734
16057050 57.8363657407407 4.72662993583349 1.4716074237327e-05 5633.00634766
16057051 57.8581018518518 4.76123419219156 1.63652813552107e-05 5339.32958984
16057053 57.8802083333333 4.81961016064784 2.43523726843548e-05 5231.47021484
16057054 57.8869444444444 4.57452216019073 3.54783048024505e-05 5088.90380859
16058001 58.0010648148148 4.80709030949641 1.09363079015603e-05 6615.48974609
16058002 58.0226157407407 4.81519661453374 1.04585253778449e-05 5937.89746094
16058005 58.0501273148148 4.82223928625006 2.44223568949816e-05 5580.14501953
16058006 58.059212962963 4.81298316046883 1.09401416627917e-05 5536.36035156
16058007 58.0927083333333 4.69453746392419 8.14568233871553e-05 4934.58984375
16058008 58.0980439814815 4.6744655457771 1.42225454683586e-05 4995.46093750
16058015 58.1463425925926 4.74021062977406 1.13737178242973e-05 4529.85009766
16058016 58.1797800925926 4.70735930549027 2.2703471312271e-05 4334.42138672
16058017 58.1877199074074 4.65697163751134 1.18571054386499e-05 4191.32080078
16058018 58.2170601851852 4.61323469928612 1.35312557049723e-05 4122.97412109
16058019 58.2416898148148 4.78623443408961 1.17958082361257e-05 3988.95068359
16058020 58.2651851851852 4.70722365127755 2.193611717027e-05 3841.57885742
16058021 58.2807060185185 4.68672315220117 1.18312663303883e-05 3752.94165039
16058022 58.3087268518519 4.76336161819658 1.18396950261049e-05 3696.87622070
16058023 58.3332175925926 4.76424389893612 1.32686786183747e-05 3577.27001953
16058024 58.3549421296296 4.61783704827759 0.000142405437988364 3427.76171875
16058025 58.3631365740741 4.61334731565287 5.65202617073225e-05 3404.80175781
16058026 58.3664351851852 4.62530828009269 1.44223251399485e-05 3392.52050781
16058070 58.6064351851852 4.80023017522922 0.000536932218184081 7195.36865234
16058071 58.6077546296296 4.96155211229445 5.26998079852267e-05 7069.88769531
16058072 58.610474537037 4.72047339649505 0.000197963115691516 6965.76611328
16058073 58.6123032407407 4.46483495127212 9.77053846011774e-05 6966.83447266
16058074 58.6174074074074 4.2402710511679 4.42593309897051e-05 216.54214478
16058077 58.6283101851852 4.77726349789107 1.25887868055871e-05 6659.27441406
16058078 58.6538078703704 4.64140409880406 1.26629381428774e-05 6026.00000000
16058079 58.6752777777778 4.82328169983948 1.23116460288604e-05 5520.34179688
16058080 58.6960185185185 4.66405080817494 1.81853356299769e-05 5285.40039062
16058082 58.7217824074074 4.57417691199827 1.35469110306892e-05 5052.06054688
16058083 58.7399189814815 4.54105619434073 7.12386118297676e-05 4934.58984375
16058084 58.7414236111111 4.71424304413634 2.27888065588975e-05 5045.11914062
16058085 58.7554398148148 4.66322974612607 1.42046943127217e-05 4931.91992188
16058086 58.7787037037037 4.54972202057971 1.47904915719337e-05 4669.21289062
16058087 58.7962615740741 4.72401167521911 1.34703551013674e-05 4389.95312500
16058088 58.8135069444444 4.66371177812561 1.42844651975692e-05 4283.69531250
16058089 58.8328819444444 4.60564976503744 1.39466803980987e-05 4128.31396484
16058090 58.8497453703704 4.65753279545754 1.60923375901684e-05 4048.22021484
16058091 58.8663194444444 4.63826331837166 1.35755534804932e-05 3749.20434570
16058092 58.885787037037 4.72123970006181 3.1464527224603e-05 3770.56274414
16058093 58.889537037037 4.66445676775621 1.5383891978515e-05 3731.04980469
16058095 58.9125347222222 4.59030810399362 1.4388057718088e-05 3613.04467773
16058096 58.9298842592593 4.49543537488327 1.55823587345447e-05 3496.64233398
16058100 58.9515162037037 4.58569469870367 3.24197181843098e-05 3249.95410156
16059008 59.0646759259259 4.77630285226261 1.17014001354563e-05 7274.39453125
16059009 59.0793402777778 4.85554680863563 1.17445881882702e-05 7010.61865234
16059010 59.1065972222222 549.84575687239 3.12575988557129e-08 6443.55517578
16059011 59.1293634259259 4.74143789624689 1.44844734060332e-05 6203.80761719
16059012 59.1440162037037 4.84317457700852 1.41881372586765e-05 5921.34375000
16059013 59.1586342592593 4.65242038636427 2.13050274032172e-05 5838.58056641
16059015 59.2538310185185 4.91930925654001 1.05156589006968e-05 7531.22802734
16059016 59.2756134259259 4.73526999889302 1.02925404596065e-05 6854.70312500
16059017 59.2974305555556 4.69099376464156 1.14939917197064e-05 6782.61865234
16059018 59.3213541666667 4.62201734439643 4.10893573296891e-05 6335.16162109
16059019 59.3401041666667 4.70438754309103 1.16131188725579e-05 6076.19189453
16059020 59.3723263888889 4.72007245125621 5.01479428482035e-05 5725.91552734
16059021 59.3742824074074 4.85740741400468 4.25265299581174e-05 5604.17382812
16059022 59.3761689814815 4.55971475181468 1.29617513793849e-05 5587.08593750
16059023 59.4052546296296 4.71676788605655 1.09448934359282e-05 5277.92480469
16059024 59.4287037037037 4.71564627556137 1.09146849772401e-05 5176.47265625
16059025 59.4530671296296 4.637872391473 1.70246048331668e-05 4912.69726562
16059026 59.4751273148148 4.58239584629604 0.000169616207211964 4790.42089844
16059027 59.4872337962963 4.63102842055634 0.000434078774013243 4755.17968750
16059028 59.4936574074074 4.69100614785089 2.01729215403094e-05 4653.19384766
16059029 59.5021759259259 4.75007572780776 4.65279414883611e-05 4535.18945312
16059030 59.5045486111111 4.63756717684908 1.09097710009771e-05 4616.35107422
16059031 59.5289351851852 4.68649489768821 1.07889773623316e-05 4365.92480469
16059041 59.567962962963 4.52078168747317 2.34684918077083e-05 4131.51757812
16059062 59.893287037037 4.62606726707083 9.20088238162858e-06 7046.92773438
16059064 59.9244212962963 4.73379155667897 1.37382482032457e-05 6347.44287109
16059065 59.9363425925926 4.60829281230519 1.81263784531549e-05 6156.81982422
16059066 59.9479398148148 4.5210921461269 2.27374373387449e-05 6042.55273438
16059067 59.9561458333333 4.71255315165899 1.09966789413964e-05 5925.08154297
16059068 59.9813425925926 4.69043534343829 4.70794496905959e-05 5571.60156250
16059069 59.9946990740741 4.61894723366307 1.09388597493985e-05 5371.90136719
16060001 60.026724537037 4.60282491106583 1.39694236085048e-05 4934.58984375
16060002 60.048287037037 4.73183904964573 1.28690850476857e-05 4743.43261719
16060003 60.0650694444444 4.72459514221157 1.18211725034428e-05 4671.34863281
16060004 60.0903009259259 4.60983516578417 1.1053811256466e-05 4358.44970703
16060005 60.1153819444444 4.56044725175121 1.48079655151559e-05 4239.37695312
16060008 60.1677083333333 4.3754997442755 1.60049480074301e-05 3857.59765625
16060011 60.1911342592593 4.51360971760934 1.29654272807885e-05 3776.96972656
16060014 60.2174884259259 4.47248547434803 2.05886547493239e-05 3557.51342773
16060016 60.3280324074074 4.73414839197841 2.83604270490054e-05 7618.79687500
16060017 60.3383449074074 4.75961161809407 7.6093445797508e-05 6971.63916016
16060018 60.3402893518519 4.4803337936882 0.00023850919397528 7058.67480469
16060025 60.3574189814815 4.70596421447754 1.22482701987675e-05 6820.52978516
16060026 60.3867708333333 4.59713392154006 3.83902616776329e-05 6260.94091797
16060027 60.3965277777778 4.53636223376725 1.66603512890824e-05 6119.44287109
16060028 60.4184259259259 4.48473172875163 0.00471581895246662 5873.28808594
16060030 60.4258564814815 4.63646967578519 0.000523704639866663 5739.26464844
16060031 60.4284027777778 4.58713428427053 1.71675446198992e-05 5704.02343750
16060032 60.4475462962963 4.67366454399493 8.16564771002256e-05 5541.70019531
16060034 60.456087962963 4.56815327817709 0.0004126766576655 5361.22216797
16060036 60.4647916666667 524.962377421219 4.87872919725557e-05 5248.55712891
16060037 60.4662384259259 4.57293522067113 1.50817314379567e-05 5094.77734375
16060038 60.4917361111111 4.60139144714172 1.12109569645553e-05 4842.74902344
16060039 60.5168865740741 4.39953577305788 1.64017339802633e-05 4520.77246094
16060040 60.5383333333333 4.60262360412012 1.26585328847374e-05 4582.17773438
16060041 60.5603587962963 4.60130958100116 2.69858581763501e-05 4547.47021484
16060042 60.5711689814815 4.43527825995919 7.69946122776406e-05 4310.39355469
16060043 60.5809259259259 0 1.18110938165653e-05 4240.97900391
16060044 60.5844212962963 4.45981883375599 1.34478872463651e-05 4199.86425781
16060045 60.6077777777778 4.39729038203512 1.31922757133176e-05 4083.99536133
16060046 60.6300462962963 4.42332011658054 1.45454475393702e-05 3939.29321289
16060053 60.7572569444444 4.74089299616246 9.72912858184755e-06 5660.77294922
16060054 60.7780787037037 4.66373165569741 1.16195250229909e-05 5434.37451172
16060055 60.7997222222222 4.72631034183951 1.12742843329511e-05 5068.07910156
16060056 60.8230324074074 4.63419069918779 1.19260752073172e-05 4798.96435547
16060057 60.8447800925926 4.55569629197877 3.19820881697624e-05 4390.48681641
16060058 60.8587847222222 4.63939157888935 1.72463957618026e-05 4385.68115234
16060059 60.8758101851852 4.56630317422236 1.09819863551081e-05 4185.44726562
16060060 60.9019907407407 4.51468304478113 1.22843276886242e-05 3857.06347656
16060061 60.9236226851852 4.57697564697065 1.06326566427587e-05 3655.22753906
16060062 60.9522222222222 4.48232747964949 1.15806444654007e-05 3464.60498047
16060063 60.9807060185185 4.55678717405072 3.24715194381326e-05 3344.46411133
16060064 60.990162037037 468.237611216054 4.89502280275918e-08 3177.86962891
16060065 60.9931018518519 4.57674174084755 1.28525774763213e-05 3126.60986328
16061008 61.1722453703704 4.57960781727627 1.11169944684705e-05 7410.02001953
16061009 61.1940509259259 4.51058818508723 1.37767747824106e-05 7100.32421875
16061010 61.2126273148148 4.78138107809114 2.04218637434711e-05 6651.79833984
16061011 61.2227546296296 4.65851912213932 1.2169136207115e-05 6430.74023438
16061012 61.2494907407407 4.49565630548351 2.7940712889635e-05 6122.11230469
16061013 61.2562268518518 4.64035918104525 7.39848473585054e-05 5982.21533203
16061014 61.2677430555556 4.50103030863945 1.2135732667358e-05 5904.25781250
16061015 61.2998148148148 4.62891519848785 1.19688534673897e-05 5452.52929688
16061016 61.3221527777778 4.45323098861653 1.30244946060032e-05 5252.82861328
16061017 61.3439467592593 4.54144243583533 1.18036217067491e-05 4993.32519531
16061018 61.3669444444444 4.55046499326458 1.41873675669955e-05 4924.44482422
16061019 61.3921527777778 4.50665397161941 2.82696417561929e-05 4711.39599609
16061035 61.5154166666667 2.58127962732306 7.38568556487578e-05 6280.69824219
16061037 61.5397337962963 4.61950740353594 1.16137096169511e-05 5764.89453125
16061038 61.5637962962963 4.66294336979029 1.31935599107268e-05 5513.40039062
16061039 61.5863888888889 4.67235795625099 1.19216780582621e-05 5225.59667969
16061041 61.6099884259259 4.61218787933333 2.76037851718283e-05 5038.71142578
16061042 61.6145601851852 4.6934344202313 1.11673175018514e-05 4941.53125000
16061049 61.6477777777778 4.44367707886199 3.53092262483549e-05 4431.06787109
16061060 61.6877893518519 4.47595150357325 3.33384487869261e-05 4276.75390625
16061061 61.6922800925926 4.55983646909109 1.25965240326102e-05 4315.73291016
16061062 61.7143634259259 4.45612217215742 1.66791424209743e-05 4191.85498047
16061075 61.7752430555556 4.49605756619085 1.5690178373723e-05 3641.87890625
16061076 61.7991435185185 4.71521989246506 0.00216694058017978 3493.97265625
16061077 61.8083101851852 4.5735570713386 1.26816558611005e-05 3383.44335938
16061078 61.8313773148148 4.53373681611917 1.73925993803859e-05 3342.86230469
16061083 61.9870717592593 4.67563779847008 1.512505507562e-05 7693.55126953
16061084 61.9995486111111 4.61781613213244 3.01071745557061e-05 7478.36621094
16062001 62.0105787037037 4.73830681178123 0.000162870771332913 7025.03564453
16062002 62.0119212962963 4.76849489261362 8.75598012207712e-05 7107.79931641
16062003 62.0140509259259 4.63324193637131 2.96098178986383e-05 7158.52490234
16062004 62.0216666666667 4.63391606929079 7.05078429184e-05 6956.15429688
16062005 62.0234606481482 4.82354642428149 0.0001356791071533 7012.75439453
16062006 62.0248611111111 4.72621325776657 1.19863307074857e-05 6943.87402344
16062008 62.0750578703704 4.75112490850271 0.0314623168877515 5356.41650391
16062009 62.078275462963 4.71706818734229 0.000723666997232573 5130.55224609
16062010 62.0805439814815 4.5792475446974 1.9520535710791e-05 5128.41650391
16062011 62.1062615740741 4.39237899085593 0.000315139956764794 4648.92236328
16062012 62.1075462962963 4.55376258266866 2.2040800278759e-05 4570.96435547
16062013 62.1151157407407 4.64989072830022 3.62584016819177e-05 4495.67675781
16062014 62.1245601851852 4.69629029706248 0.000297740614250382 3847.45239258
16062015 62.1264236111111 4.53558668713431 1.58836808360219e-05 4292.77294922
16062016 62.1414930555556 4.46681317594669 1.7928044848928e-05 4058.36547852
16062017 62.1572337962963 4.58903948118566 1.2701345038352e-05 3851.72363281
16062018 62.1802199074074 4.4464643441708 1.41987820016281e-05 3809.00732422
16062019 62.2019560185185 4.58773909608859 1.25528497681293e-05 3666.97460938
16062020 62.2235763888889 4.51484382817823 3.3041182390728e-05 3446.45019531
16062021 62.2323842592593 4.64033830218281 5.67463468554587e-05 3319.36865234
16062022 62.2387962962963 4.49786299752835 1.35515509787124e-05 3309.75708008
16062023 62.2605324074074 4.38896270156157 1.39620419474394e-05 3103.64990234
16062024 62.2821875 4.47356547164702 1.25882692397412e-05 3025.15795898
16062025 62.3066782407407 4.51234389473258 2.87243063833203e-05 2872.97998047
16062045 62.663900462963 4.51782359709915 1.36040337761312e-05 5819.89208984
16062046 62.678900462963 4.55648363925412 3.83333702903369e-05 5467.47998047
16062047 62.6832638888889 4.49695078117008 1.20046581291572e-05 5408.21044922
16062049 62.7111689814815 4.37945081660905 1.66913038067613e-05 5000.26660156
16062050 62.7328125 4.67770825495824 4.652648618544e-05 4693.24072266
16062051 62.7368055555556 4.5702030652298 1.2197520874309e-05 4523.97656250
16062052 62.7593055555555 4.44189706635304 2.59715586557623e-05 4391.55419922
16062053 62.770787037037 4.61209440834538 1.34164513906193e-05 4264.47314453
16062054 62.7994560185185 4.51354386064563 1.23428042182393e-05 4050.89038086
16062055 62.8219444444444 4.46874259948207 1.34238076239259e-05 3755.07763672
16062056 62.8427314814815 4.38195102354847 1.20563308719882e-05 3602.89990234
16062057 62.8684953703704 4.42517384866205 1.33450494916587e-05 3448.58642578
16062058 62.8902199074074 4.55286516843043 1.25894592747335e-05 3289.46704102
16062078 62.9877314814815 4.35948036352524 1.51639622390973e-05 6955.62109375
16063001 63.002037037037 4.51571812450158 1.56417468905142e-05 6632.57666016
16063002 63.0206365740741 4.45016167465003 1.87946202509948e-05 6259.87304688
16063003 63.0358680555555 4.4751150806357 1.39283272451023e-05 6105.55957031
16063004 63.0583796296296 4.43357754943548 1.50596985731243e-05 5655.96728516
16063005 63.0816666666667 4.32347790863649 2.59640932676981e-05 5296.61328125
16063006 63.096087962963 4.30739108966556 5.74245181463518e-05 5164.72558594
16063007 63.1010763888889 4.40584656110743 1.4013304863379e-05 5115.60156250
16063091 63.7904513888889 4.55465831712472 1.89679533953773e-05 7066.68457031
16063092 63.7986342592593 4.63816275228724 1.47865471017123e-05 6820.52978516
16063093 63.8175115740741 4.53993044721669 1.30789842176633e-05 6404.57617188
16063094 63.8389467592593 4.49646794216302 1.48679423236531e-05 6024.93212891
16063095 63.8619675925926 4.447672368306 2.83803939125404e-05 5636.74462891
16063096 63.8714351851852 4.52180673120459 0.000345614847404437 5426.89941406
16063097 63.8736574074074 4.40233930279573 0.000476639061827474 5368.69775391
16063099 63.8791319444444 4.46197044576522 0.000275666541282759 5151.37695312
16063100 63.8891087962963 4.40696494251195 1.91452633765831e-05 4995.99511719
16063111 63.9458217592593 4.53600794818281 1.35314508963248e-05 4290.10302734
16063112 63.9654166666667 4.36183096977203 1.31443508070675e-05 4081.32592773
16063113 63.9891319444444 4.2690793256044 1.45085429834661e-05 3870.94677734
16064001 64.0104513888889 4.35880164507654 1.79170043338613e-05 3800.46386719
16064002 64.0255439814815 4.45312982637611 1.97710204016341e-05 3633.86962891
16064006 64.1098032407407 4.58040938045628 2.67725514085117e-05 7351.81787109
16064007 64.1171064814815 4.51598568797856 1.4140010086485e-05 7069.35351562
16064008 64.1425231481482 4.39225321385287 1.39705968981525e-05 6797.56982422
16064009 64.1672800925926 4.36752099946584 1.50292820526563e-05 6301.52197266
16064010 64.1894444444444 4.43589811134458 1.35626701007914e-05 5950.17822266
16064013 64.2146990740741 4.35240121288644 7.79417619491628e-05 5722.71191406
16064014 64.2195949074074 4.32509766177351 0.000101812084467076 5607.91064453
16064016 64.2239699074074 4.27128062227997 2.57069222226768e-05 5665.57861328
16064017 64.2317361111111 4.2859984900446 4.28365966842739e-05 5439.71386719
16064018 64.2382523148148 4.48968745922637 1.46169293272026e-05 5383.64843750
16064019 64.2847685185185 4.33120996435221 2.33912615405682e-05 4762.12109375
16064020 64.2965972222222 4.2126124433632 2.27885080939274e-05 4826.19628906
16066022 66.4352083333333 4.46301815146583 1.72167527381576e-05 5379.25537109
16066023 66.4526388888889 4.46624593931722 1.31773946555227e-05 5080.47900391
16066024 66.4743402777778 4.50223685516014 1.25720176908931e-05 4941.99755859
16066025 66.4987384259259 4.51890540908499 2.55743193209518e-05 4750.25341797
