16064077 64.8970486111111 558.993754435983 1.46651877981078e-11 1415229.12500000
16064078 64.9029513888889 549.603834600387 2.62623939567276e-11 1362370.50000000
16064079 64.9289930555556 546.179085441018 8.75204120488064e-12 1289216.00000000
16064080 64.9525925925926 542.345821385297 1.01332814591649e-11 1175804.25000000
16064081 64.9709722222222 550.978497228276 3.94654689097294e-11 1151047.62500000
16064082 64.9816782407407 551.789766737174 3.96109723697198e-11 1096962.37500000
16065001 65.005162037037 539.741251464982 2.15385148967732e-11 1056370.50000000
16065002 65.0282291666667 545.030888782211 9.89859357401076e-12 983885.18750000
16065003 65.0501041666667 531.156534870358 9.36516415741125e-12 946750.37500000
16065005 65.0744791666667 544.635175895938 9.23976679974268e-12 866570.68750000
16065006 65.1009837962963 527.998509092226 1.02923272057314e-11 863113.68750000
16065007 65.1239351851852 540.678826173717 9.68130519516349e-12 774681.87500000
16065008 65.1466087962963 537.040572550375 9.48827586914991e-12 771782.43750000
16065009 65.1678240740741 535.335454758678 1.11588699328254e-11 743680.68750000
16065010 65.1896296296296 547.031657609786 8.81721699509664e-12 708441.62500000
16065011 65.2114236111111 6611.13786348277 8.7723039215103e-07 687811.25000000
16065012 65.2132407407407 535.428956526333 9.75691057673974e-12 669299.68750000
16065013 65.2365046296296 539.971235014403 9.12451002366176e-12 658482.68750000
16065014 65.2600347222222 538.438779060472 1.25920367022762e-11 620344.43750000
16065015 65.2762037037037 531.49350218452 1.18888575318693e-11 600160.06250000
16065016 65.2954282407407 534.693478880632 1.02819398644081e-11 568824.18750000
16065017 65.3172453703704 542.820690251072 1.11303825276208e-11 576407.25000000
16065018 65.3394675925926 544.930783450519 1.1408388805344e-11 550201.12500000
16065023 65.4300810185185 551.607460728242 9.97913851136851e-12 1885492.12500000
16065024 65.4460763888889 555.691311919325 1.34654826674991e-11 1745316.37500000
16065025 65.4573842592593 546.694365184365 1.04132540421616e-11 1620864.62500000
16065026 65.4824074074074 559.378839208851 1.10736183490932e-11 1477009.00000000
16065027 65.4934259259259 526.100619658117 9.87878420073173e-12 1423927.50000000
16065028 65.5176851851852 533.375226309491 1.14572814979929e-11 1333153.37500000
16065036 65.6069097222222 549.492359721905 9.07459593554636e-12 1698145.25000000
16065037 65.6238888888889 538.132496514944 1.22607163234758e-11 1531317.25000000
16065038 65.6397685185185 537.44516337524 9.41226360042524e-12 1470429.75000000
16065039 65.6635763888889 545.811745225542 1.01160975337373e-11 1371180.37500000
16065041 65.6933680555556 539.963374203549 9.41496178533134e-12 1254311.37500000
16065042 65.7133101851852 547.776255288271 1.08167550930556e-11 1185729.12500000
16065043 65.7327893518518 540.901438483613 7.82649256410758e-11 1114358.87500000
16065044 65.7369328703704 547.808436475596 8.62842557709315e-12 1107556.37500000
16065045 65.7596875 526.348728265037 9.59385086127375e-12 1064065.12500000
16065046 65.7839236111111 537.108994211003 1.02542800340815e-11 994256.12500000
16065047 65.8055555555556 520.098604125731 1.01967762322651e-11 967826.81250000
16065048 65.8272106481482 542.122079753633 1.03854498460647e-11 932141.81250000
16065059 65.8928935185185 546.709922344476 1.01167058884375e-10 855642.18750000
16065060 65.8946064814815 552.399008790391 8.50862631386964e-12 846720.87500000
16065061 65.9165046296296 529.994727527043 9.94748118978877e-12 824194.81250000
16065072 65.9942476851852 543.609759011745 8.53486561503439e-12 1671604.37500000
16066001 66.0158449074074 534.926880193986 1.33469800346769e-11 1503103.75000000
16066002 66.0371759259259 549.955661069094 9.18766319224111e-12 1464965.25000000
16066003 66.0603703703704 546.967096175906 9.00875548474176e-12 1359359.62500000
16066004 66.0834027777778 528.361306143408 1.00851576410212e-11 1256430.37500000
16066005 66.10625 542.355750154162 1.08557610562296e-11 1175246.62500000
16066006 66.1283912037037 530.711956978724 8.98273015087741e-12 1126514.12500000
16066007 66.1528935185185 530.182092527412 9.98774454886012e-12 1028157.06250000
16066008 66.1738425925926 540.351270968999 9.8630101233239e-12 1009645.37500000
16066009 66.1962847222222 535.329942675365 9.88764564153355e-12 979870.56250000
16066011 66.2189930555556 535.071728147852 9.67001945689875e-12 954221.87500000
16066012 66.2407523148148 538.311153649004 1.38181009550015e-11 924558.81250000
16066015 66.3109375 531.796417298641 8.37490115419785e-12 1838878.37500000
16066016 66.3363657407407 548.810724879282 8.8609138932659e-12 1721786.62500000
16066017 66.3602893518518 543.647931263713 9.39317563735875e-12 1556631.37500000
16066018 66.3835416666667 545.246593758366 1.55319184059322e-11 1418686.12500000
16066019 66.3950925925926 535.553811235456 1.47633228425321e-11 1382220.37500000
16066020 66.4070023148148 548.999396661972 1.69266989818775e-11 1313638.00000000
16066021 66.417974537037 542.163434170437 1.24947224926525e-11 1287208.75000000
16066026 66.5050462962963 545.214459008016 9.11101327229387e-12 1032283.12500000
16066027 66.5266319444444 527.171408481019 1.03276720690612e-11 1003400.43750000
16066028 66.5486805555556 0 0.0133584563848402 965708.06250000
16066030 66.552037037037 534.742503159403 2.02105432652556e-11 979647.50000000
16066031 66.5626273148148 538.103716781453 9.5898124876766e-12 958348.00000000
16066032 66.5840162037037 541.591233364028 9.7880588412303e-12 917867.81250000
16066033 66.6055671296296 542.021194210403 9.1468375861302e-12 903816.93750000
16066035 66.6351851851852 536.954646141044 1.02159384576458e-11 892776.81250000
16066046 66.7824537037037 590.198045621294 1.8954992500834e-11 1819140.12500000
16066047 66.788125 562.652797821701 1.0803087100309e-11 1768623.37500000
16066048 66.8092824074074 18830.3504242774 2.94973684949096e-06 1681863.87500000
16066049 66.8121990740741 532.358486752564 1.11719562774908e-11 1587186.75000000
16066050 66.8308912037037 552.551504153037 1.02885632651437e-11 1512136.50000000
16066051 66.8525231481482 536.265047335147 8.71637213092028e-12 1427049.75000000
16066052 66.8809375 543.44912494459 9.82390367053303e-12 1316091.37500000
16066053 66.9028935185185 535.38400856082 1.06484680887022e-11 1291557.87500000
16066054 66.921875 546.101628908443 1.13183344007401e-11 1242713.87500000
16066055 66.9436921296296 537.15321689734 1.03699177171673e-11 1174800.62500000
16066057 66.9650578703704 0 0.00115191689596396 1149932.50000000
16066059 66.9681597222222 547.317463018851 9.47800864164152e-12 1152720.50000000
16066060 66.9897569444444 547.23633558667 8.94087311900211e-12 1109452.25000000
16067001 67.0113194444445 538.828420781581 9.66190098177661e-12 1108225.62500000
16067003 67.0350578703704 523.444722829219 1.07232106986863e-11 1065961.00000000
16067004 67.0573958333333 545.611361510433 9.77236187133072e-12 1038639.50000000
16067005 67.0761921296296 541.795809549322 9.1170773972722e-12 993810.18750000
16067006 67.0989467592593 533.195017864287 2.13721411466809e-11 987676.75000000
16067013 67.3713078703704 549.066495603576 1.08387981672334e-11 1602241.50000000
16067014 67.3866898148148 520.747936970769 1.59877134277671e-11 1459612.50000000
16067015 67.3963773148148 546.621103936472 1.14583511119745e-11 1450691.37500000
16067016 67.417962962963 538.444248557864 9.7582644547494e-12 1391364.62500000
16067017 67.4403356481481 529.305087743293 1.05658381283156e-11 1309623.37500000
16067019 67.4765972222222 518.198578424846 1.08400931039698e-11 1199334.12500000
16067020 67.4983912037037 527.286344037754 1.06068255995244e-11 1184056.50000000
16067021 67.5203009259259 536.624281186267 9.458535725413e-12 1133316.62500000
16067022 67.5418634259259 550.106060060478 1.00601077220993e-11 1079342.87500000
16067039 67.8637847222222 567.987115722678 7.50441142752824e-12 1858393.75000000
16067040 67.8905555555556 542.698250492244 2.03293964882791e-11 1596665.87500000
16067041 67.8948726851852 523.751407478521 1.10892504229932e-11 1598338.37500000
16067042 67.9174189814815 531.341192465034 1.00965410484552e-11 1466638.00000000
16067043 67.9411342592593 530.699062978868 1.07320032237443e-11 1440320.25000000
16067044 67.9627083333333 522.762144342312 2.64466415750593e-07 1354118.37500000
16067045 67.9840046296296 0 0.332790225670601 1304716.75000000
16067046 67.9853125 0 4.41856783996363e-06 1311519.25000000
16067047 67.9907291666667 0 0.29056194236375 1272154.12500000
16068001 68.0031018518518 531.187924976378 1.11043669788883e-11 1268139.50000000
16068003 68.0260185185185 523.951421520822 1.73682539457994e-11 1216619.12500000
16068004 68.0483333333333 526.308564176115 1.1402669373388e-11 1189409.25000000
16068005 68.0675115740741 526.710422517592 1.25864495617172e-11 1138557.87500000
16068006 68.0903125 527.794435741495 1.02461229850589e-11 1142684.00000000
16068007 68.1174537037037 519.664901442626 2.4406290410409e-11 1072094.37500000
16068008 68.1392939814815 515.917531833048 1.02450689459265e-11 1020573.93750000
16068009 68.1621643518518 520.67459506969 1.23834834350979e-11 1021689.12500000
16068010 68.1857638888889 532.605970513031 2.10274839345309e-11 1002954.37500000
16068012 68.246875 573.630815417279 9.17746845059267e-12 1919058.37500000
16068013 68.2663310185185 524.548229148714 3.9059165770968e-11 1619749.50000000
16068014 68.2734027777778 519.1867184602 1.36308321620798e-11 1624210.12500000
16068015 68.2975694444444 525.055267902735 1.25667292549664e-11 1511690.37500000
16068016 68.3195486111111 525.609854004963 1.38791797518455e-11 1448461.12500000
16068017 68.3428935185185 504.30316287956 1.94391786890732e-11 1352445.62500000
16068018 68.3486689814815 526.333598208442 1.15904866938685e-11 1361701.50000000
16068021 68.3798263888889 518.349122455572 1.23656293759751e-10 1297245.12500000
16068022 68.4118518518518 505.916679380842 1.06041996617282e-11 1220856.75000000
16068023 68.4384143518518 526.331995928152 2.00709920776442e-11 1193200.75000000
16068024 68.4461921296296 534.911131064467 1.08240327178265e-11 1163314.37500000
16068025 68.4699537037037 519.667187414095 1.44570304451081e-11 1141234.25000000
16068028 68.4859606481482 522.143978702067 1.54016613692625e-11 1118262.00000000
16068029 68.502349537037 518.282190559283 1.00343945623487e-11 1048453.00000000
16068030 68.5272569444444 516.293029442776 1.12707821490595e-11 1043434.75000000
16068032 68.5526736111111 519.233924999137 1.00897167714848e-11 1027376.37500000
16068034 68.5782291666667 508.998395803838 1.15022329099787e-11 997713.12500000
16068035 68.599837962963 520.059363707498 1.02469158275263e-11 966711.68750000
16068036 68.6297222222222 522.412450426607 9.88799755978353e-12 920321.18750000
16068037 68.6513425925926 520.4034183912 1.30933418396842e-11 898241.12500000
16068038 68.6691319444444 508.187573031636 1.07986148592597e-11 890211.93750000
16068039 68.6912731481481 514.55340553555 1.06146589983141e-11 889431.37500000
16068040 68.7132407407407 534.177658346876 1.96071587783816e-11 862221.56250000
16068042 68.7340162037037 511.307962526167 1.07171491917105e-11 832335.37500000
16068043 68.7550462962963 525.279659708833 4.26739562681147e-11 851293.06250000
16068055 68.9483912037037 606.938716480481 1.07224491696993e-11 1858282.25000000
16068056 68.9699768518519 538.547288261447 1.29372044695181e-11 1504888.00000000
16068057 68.9841898148148 535.37866941591 3.00801111065627e-11 1400732.00000000
16068058 68.99125 540.537165638714 1.057218002285e-11 1466526.50000000
16069001 69.0131597222222 546.850955973767 9.6045152186516e-12 1326239.25000000
16069002 69.0361342592593 533.003548695908 1.02985299459528e-11 1222752.50000000
16069003 69.0579282407407 556.237246031132 1.03981922858473e-11 1217845.75000000
16069004 69.0814699074074 596.741428492824 3.19311861199435e-11 1090829.00000000
16069005 69.0909143518519 540.314700293378 1.58154385029401e-11 902924.75000000
16069006 69.0980208333333 547.959853576549 9.79609770625295e-12 930803.62500000
16069007 69.1196875 540.433094025104 9.87057896640026e-12 891438.62500000
16069008 69.1410763888889 549.147468377746 9.03409657590492e-12 889431.37500000
16069009 69.1627430555556 551.119287660911 9.02245920735365e-12 887201.06250000
16069010 69.1842013888889 545.378672513653 1.21519991872078e-11 857314.87500000
16069011 69.2037731481481 530.805138818133 1.10458702178058e-11 795869.81250000
16069012 69.2254050925926 541.002548773851 9.22569784163249e-12 792858.93750000
16069013 69.2470717592593 547.011898601949 2.57216178458655e-11 779588.56250000
16069014 69.2531597222222 520.367491963738 1.51954912531708e-10 753828.50000000
16069015 69.2615509259259 516.946395938196 1.51006654084616e-10 753270.87500000
16069016 69.2623032407407 531.805314840103 1.30036315715058e-11 747918.18750000
16069024 69.373912037037 539.759480754196 1.98496748225106e-11 1746766.12500000
16069025 69.3819328703704 539.720543953307 1.06933328980146e-11 1698256.75000000
16069026 69.4041435185185 526.314413624937 1.17441128762086e-11 1534216.75000000
16069027 69.4257523148148 542.50016612015 1.06844913688654e-11 1449130.00000000
16069028 69.4475 532.646726194059 1.05908524784639e-11 1313415.00000000
16069029 69.4692361111111 539.196068707509 1.67247743181614e-11 1204463.87500000
16069030 69.4827199074074 549.243290525643 1.28804384322371e-11 1192420.12500000
16069031 69.5024537037037 534.601937298675 1.65390165321014e-11 1137442.75000000
16069032 69.5130092592593 524.122383095643 2.22917935231722e-11 1095066.62500000
16069033 69.5209606481481 540.322854634527 1.50248894934495e-11 1097743.00000000
16069034 69.5343981481482 528.198641139525 1.04533541267756e-11 1061388.75000000
16069035 69.5563773148148 541.594413693206 1.00420805841619e-11 1072875.00000000
16069036 69.578599537037 549.954304600831 9.59524959827656e-12 1013548.43750000
16069037 69.6068518518519 530.389308726973 3.86467243324861e-11 974963.87500000
16069038 69.6149305555556 552.271494158229 2.46893788999132e-11 968049.87500000
16069039 69.6199652777778 536.005549254267 1.07646146738951e-11 951768.56250000
16069040 69.640162037037 544.233576571145 2.45056650382377e-11 970057.25000000
16069041 69.6436574074074 536.173423753697 9.61036408165923e-12 949984.31250000
16069042 69.6658217592593 534.499695148908 9.67492184393025e-12 900248.43750000
16069045 69.7399537037037 1713.45349876955 3.04188644025326e-11 2129823.75000000
16069049 69.7549537037037 552.99462129971 1.65443739070054e-11 1826165.62500000
16069050 69.7623148148148 785.495581297451 1.53065791427924e-11 1755910.50000000
16069052 69.7661921296296 0 0.000274740010026757 1735949.12500000
16069053 69.7671875 550.082622352587 9.9533948261292e-12 1728366.00000000
16069054 69.7823611111111 540.360893946339 1.0746543171527e-11 1526522.00000000
16069055 69.8032291666667 548.380907651133 1.87125841625978e-11 1384562.12500000
16069060 69.8327083333333 529.55857988863 8.43109851308762e-12 1281409.87500000
16069061 69.8701851851852 538.174985332211 2.63211602080426e-11 1205356.00000000
16069062 69.8764583333333 538.855596753636 9.9317726018161e-12 1190635.87500000
16069063 69.8999305555555 531.681849067622 1.34291642592531e-11 1138446.37500000
16069064 69.9148263888889 531.082659969179 1.03883363701569e-11 1117369.75000000
16069065 69.9369097222222 541.354019380792 9.51380058384959e-12 1113578.37500000
16069066 69.9580902777778 526.045451585229 1.17848441687898e-11 1063953.62500000
16069067 69.9803703703704 530.617965962294 1.47716380750992e-11 1039308.62500000
16070003 70.0367592592593 575.137810975008 8.32476500907649e-12 2049643.75000000
16070004 70.0633449074074 540.078942565932 1.16710000435154e-11 1722678.75000000
16070005 70.0850925925926 533.795982505267 1.15708673099405e-11 1562095.62500000
16070006 70.106724537037 535.205275465947 1.10042195860108e-11 1494293.87500000
16070008 70.1313657407407 540.087120880109 9.91562396836121e-12 1442439.00000000
16070009 70.1621064814815 522.513788175051 1.1014097413171e-11 1354229.87500000
16070010 70.1884490740741 536.795791281178 1.01180600795544e-11 1272823.12500000
16070011 70.2109606481481 8775.58086948899 1.21497218988988e-06 1211489.37500000
16070012 70.2146759259259 539.93653764335 1.00175625279237e-11 1249962.37500000
16070013 70.2363888888889 545.234034909363 9.87782293407174e-12 1161307.12500000
16070014 70.258287037037 519.537935056907 6.11757631655888e-11 1112240.12500000
16070015 70.2639467592593 542.293364669369 1.86638350622474e-11 1075885.87500000
16070035 70.9882060185185 439635.354840807 8.84509796922186e-05 1712419.25000000
16070039 70.9987384259259 552.312792611214 7.98428243507761e-12 1644171.50000000
16071001 71.0191319444445 545.830975276539 1.190118901653e-11 1507118.25000000
16071002 71.0339236111111 533.244218215963 1.38262586149234e-11 1433517.75000000
16071003 71.068287037037 541.939063104827 3.48480676657307e-11 1331257.50000000
16071004 71.0716087962963 584.713179285646 1.1624010731709e-08 1334714.62500000
16071005 71.0737037037037 534.107478540464 1.33206034128788e-10 1314976.12500000
16071006 71.0756944444444 540.952329741991 2.27821305016591e-11 1313303.50000000
16071007 71.0863194444444 538.404750552109 1.42446521586685e-11 1290108.12500000
16071010 71.1229166666667 546.546428090504 1.62794360210974e-11 1170563.00000000
16071014 71.1386342592593 1348034.81408574 4.12048801997464e-06 1141345.75000000
16071016 71.1455671296296 537.596033742449 1.12151626861837e-11 1132424.62500000
16071018 71.1668981481481 529.269523833124 1.72908681518554e-11 1106106.75000000
16071020 71.1765277777778 537.413059571862 5.52125596192402e-11 1084472.62500000
16071021 71.1777893518518 529.208047842844 9.95329821346348e-12 1082911.37500000
16071022 71.2003240740741 551.263784452697 9.21986369936822e-12 1024142.50000000
16071023 71.2225462962963 542.514145382817 1.39301777168918e-11 1016447.81250000
16071024 71.2375231481482 540.646243522325 1.12597812415392e-11 977417.25000000
16071025 71.2591782407407 526.085270301484 1.17500339715059e-11 945412.18750000
16071026 71.2811226851852 536.766686685986 9.84250962849952e-12 922886.00000000
16071027 71.3009259259259 528.880278139319 1.16537372208716e-11 880844.68750000
16071042 71.5155787037037 590.969856402619 1.08636552875001e-11 2130046.75000000
16071043 71.5372106481481 568.432777058691 4.5407218430733e-11 1901662.00000000
16071044 71.5414930555556 554.296748181045 1.69238058190795e-11 1858505.25000000
16071045 71.550787037037 546.450411564042 1.95301794161091e-11 1783455.00000000
16071046 71.5577777777778 525.837245147162 2.30045702522869e-11 1737956.37500000
16071050 71.6122453703704 531.369515719522 1.75729106954457e-11 1248847.12500000
16071051 71.6193402777778 542.649220463263 1.27607310022803e-11 1261560.00000000
16071052 71.6387384259259 516.97474729139 1.16529489011222e-11 1171566.75000000
16071053 71.6634259259259 523.198971720516 1.09419693953269e-11 1137777.25000000
16071054 71.6854976851852 534.550134339502 9.80961473646309e-12 1088041.12500000
16071055 71.7071643518519 537.106890891157 8.72091142461275e-12 1049791.25000000
16071056 71.7329050925926 528.119559785199 9.36349402203798e-12 1052467.62500000
16071058 71.7631134259259 523.353343089254 1.12075434417172e-11 1000612.50000000
16071059 71.7852893518519 533.940070730385 1.56870467892723e-10 964146.81250000
16071060 71.8067939814815 530.346259813624 2.13625432343677e-11 938275.18750000
16071061 71.8167592592593 520.64950657483 9.14023981176888e-12 888985.31250000
16071062 71.8456828703704 527.521659262659 2.37906521867678e-11 829547.50000000
16071076 71.940474537037 544.481082507468 2.31629484512e-11 1593766.25000000
16071077 71.9459375 543.846994303296 1.17729239114077e-11 1555070.12500000
16071078 71.9664236111111 534.831904862298 1.14389288387897e-11 1431733.37500000
16071079 71.9878472222222 541.946955869036 1.02901666749348e-11 1354006.75000000
16072001 72.0112615740741 534.18646378884 1.03854493533602e-11 1272711.62500000
16072002 72.032962962963 531.239019253711 1.23210546010319e-11 1203125.75000000
16072003 72.0580439814815 531.962829383026 1.06842281900975e-11 1161864.87500000
16072006 72.0842361111111 545.220555403829 1.32788359341617e-11 1074547.75000000
16072007 72.0978819444444 533.79703913222 9.28014434625577e-12 1073098.00000000
16072008 72.1255324074074 538.674672914237 9.07006575452777e-12 1038081.93750000
16072009 72.1514467592593 534.235820734752 9.7624487685509e-12 1002508.37500000
16072010 72.1761689814815 530.304232065605 1.1125069337219e-11 978866.93750000
16072012 72.1984953703704 533.572784048165 9.95639632637851e-12 950876.43750000
16072013 72.2226157407407 514.128964192646 1.07229162005341e-11 943851.00000000
16072014 72.2442592592593 512.991084884658 1.48333965567795e-11 883409.56250000
16072021 72.3665509259259 600.486186506034 9.54432052618564e-12 2212234.00000000
16072022 72.3900347222222 568.846303441665 1.39648142991284e-11 1722790.25000000
16072023 72.3971064814815 544.910645713323 1.09250545102369e-11 1635138.62500000
16072024 72.4189467592593 527.940954658543 1.18342991632479e-11 1461731.25000000
16072025 72.4406134259259 536.236301448902 1.09362518183901e-11 1334157.12500000
16072026 72.4623726851852 541.588330897875 9.63568974168475e-12 1303824.62500000
16072027 72.495162037037 527.302319764224 2.0951659141619e-11 1167217.50000000
16072033 72.5346064814815 493.919434332612 1.20738363994616e-11 1064734.37500000
16072034 72.5546643518519 492.001120370296 1.50224207005479e-11 1052244.50000000
16072035 72.5764467592593 518.784935053251 1.32479235826446e-11 993141.00000000
16072036 72.5982407407407 506.159492334951 1.70661780564728e-11 980093.56250000
16072038 72.6175694444444 498.046969629467 1.10783583352206e-11 952549.18750000
16072039 72.6406481481481 512.384377132245 1.10038426024109e-11 911957.50000000
16072040 72.6620023148148 498.767833044787 1.03544163041896e-11 901586.56250000
16072041 72.6885185185185 509.448546235387 1.08649384728363e-11 850289.37500000
16072042 72.7110416666667 499.729132709202 1.13531674108581e-11 819511.12500000
16072043 72.7334027777778 506.544445679202 3.31548054565037e-11 813043.25000000
16072046 72.778912037037 527.160188690127 5.20283842842344e-11 141719.70312500
16072047 72.7818055555556 515.637980256266 1.12939558748588e-11 136924.53125000
16072056 72.8738657407407 678.076054683881 3.45707213049045e-11 2303677.25000000
16072057 72.8804166666667 585.144341900226 1.05531047908334e-11 2244685.25000000
16072058 72.9048611111111 541.843994681695 1.4472079568095e-11 1952067.12500000
16072059 72.9256018518519 534.575080895214 1.12596380812457e-11 1855382.87500000
16072060 72.9476273148148 532.977076122517 1.51308947378603e-11 1780332.50000000
16072061 72.9620833333333 515.26753393768 1.0806557169531e-11 1709631.37500000
16072062 72.9953587962963 518.579080642644 1.22060289507987e-11 1623094.87500000
16073001 73.0159953703704 520.881182115208 1.65876045408195e-11 1526522.00000000
16073004 73.0294328703704 1346.17760846904 2.82336237041135e-11 1506226.12500000
16073007 73.0367476851852 1401.1431987155 2.92995213439041e-11 1515593.50000000
16073010 73.0430439814815 531.470847168588 1.14176632588579e-11 1513140.12500000
16073011 73.0634490740741 529.490787982475 1.41196664213487e-10 1467641.62500000
16073012 73.0663194444444 519.520566557176 1.56862519719972e-11 1420693.37500000
16073013 73.0884606481481 526.383127087035 1.47859951437501e-11 1409095.75000000
16073015 73.1042361111111 0 0.000875631895803575 1389691.87500000
16073017 73.1074421296296 511.679356959418 2.10867350275248e-11 1392256.75000000
16073018 73.1199074074074 522.589581897555 1.31662645129464e-11 1344528.00000000
16073019 73.1414814814815 534.927799393552 1.20587178350847e-11 1325124.25000000
16073020 73.1632407407407 517.380745989782 1.25576384779916e-11 1282525.00000000
16073021 73.1809143518519 523.149176805359 1.5288004961897e-11 1294680.25000000
16073029 73.2650578703704 551.805834297038 1.01492736640483e-11 2252603.00000000
16073030 73.2868981481482 526.605766435335 1.04798004799036e-11 2036484.75000000
16073031 73.3103703703704 526.913977504637 1.24891033750541e-11 1932551.75000000
16073032 73.3321180555556 531.853421367797 1.68136595090087e-11 1846127.00000000
16073033 73.3457175925926 524.700406925489 1.28454371788447e-11 1761151.75000000
16073034 73.367650462963 523.467790798025 4.67585581528666e-11 1747658.25000000
16073035 73.3754166666667 515.994324196089 2.22692381001323e-11 1655769.12500000
16073037 73.3894097222222 523.855671537329 1.42825231812314e-11 1681863.87500000
16073038 73.413275462963 526.560255806484 1.33342297144519e-11 1588748.00000000
16073039 73.4350347222222 523.346606679278 1.92489762790388e-11 1558638.75000000
16073040 73.4460648148148 520.954574771759 2.93933437258478e-11 1514032.50000000
16073045 73.4592824074074 517.564355106863 1.23922115025777e-11 1487045.37500000
16073046 73.4810416666667 531.741680534588 1.30392460058783e-11 1461954.25000000
16073047 73.5001157407408 510.005676406429 1.25422053962939e-11 1392925.87500000
16073048 73.5217476851852 522.309956504083 1.171344561612e-11 1332372.75000000
16073049 73.5427777777778 519.246188265259 1.27664279985915e-11 1300367.50000000
16073050 73.5614583333333 513.220747151152 1.72912090604441e-11 1303490.12500000
16077019 77.3125810185185 535.20851578544 1.36382954820594e-11 1280294.75000000
16077020 77.3284722222222 535.952980895928 1.72840908174334e-11 1194762.00000000
16077021 77.3367476851852 507.723301857437 1.94275563678964e-11 1155731.37500000
16077027 77.4984722222222 555.621270176028 1.15243540022441e-11 1989425.00000000
16077028 77.5122916666667 557.849418498192 1.52840496412747e-11 1827615.25000000
16077029 77.5204050925926 545.22945118685 1.82620210970909e-11 1751115.37500000
16077030 77.5309490740741 525.293229319991 1.19693466416689e-11 1706508.87500000
16077031 77.5531597222222 528.963470691162 1.13995611655969e-11 1505668.62500000
16077032 77.5753125 524.295249154403 1.1709663250391e-11 1405081.12500000
16077033 77.5981481481481 534.436431242908 1.17382482482466e-11 1358356.00000000
16077034 77.6201388888889 524.522779896803 9.53001209557056e-12 1308173.75000000
16077036 77.665625 525.781654071724 2.1240826820187e-11 1212493.00000000
16077037 77.6726273148148 540.099386420557 1.75082787243438e-11 1213273.62500000
16077038 77.6788310185185 520.803902323289 1.15407478532622e-11 1206582.62500000
16077039 77.7011226851852 530.89583367278 9.88325926618916e-12 1170005.37500000
16077040 77.7228472222222 525.532421038914 1.08058779319016e-11 1144579.87500000
16077041 77.7502777777778 534.375845280868 1.07368662630018e-11 1081573.25000000
16077043 77.7760185185185 536.453654269652 1.1829480699109e-11 1054251.75000000
16077044 77.7921064814815 519.981744311813 1.07245482095934e-11 1033955.87500000
16077045 77.814537037037 527.327883844832 1.03623000430199e-11 984442.75000000
16077046 77.8343518518518 521.147657380864 9.913085452601e-12 956117.68750000
16077047 77.8620717592593 535.19930328026 1.01732552531213e-11 924447.31250000
16077054 77.9684953703704 552.776676253845 8.68473710303176e-12 2293417.75000000
16077055 77.9963657407407 548.436038996541 1.25253987041072e-11 1993997.25000000
16078001 78.0084143518519 556.698341713047 1.03901263787841e-11 1903669.25000000
16078002 78.0325231481481 532.425160063148 1.19308952606402e-11 1724797.50000000
16078003 78.0543634259259 550.173966866464 1.73777377021621e-11 1682086.87500000
16078004 78.0697453703704 543.928924681471 1.02877032835276e-11 1625659.75000000
16078005 78.0961805555556 529.588536522407 1.07429385249118e-11 1547487.12500000
16078006 78.1180787037037 540.791359307742 1.07935370528614e-11 1485595.75000000
16078007 78.140150462963 556.313025538421 9.53405878691011e-12 1432291.12500000
16078008 78.1641666666667 523.278383241866 1.64465351416643e-11 1349323.12500000
16078009 78.1745601851852 543.476445108063 1.02652825154505e-11 1323786.00000000
16078010 78.1967824074074 534.301301651376 2.44448803821606e-09 1288101.00000000
16078011 78.2253356481481 547.299938367794 9.64669580072694e-12 1216842.12500000
16078012 78.2473958333333 545.936244819651 9.16585551511966e-12 1192977.62500000
16078013 78.27125 531.43552515348 8.81760923368463e-12 1149821.00000000
16078014 78.3001967592593 544.310041645179 1.33704517762161e-11 1144133.62500000
16078024 78.4903009259259 625.390612177529 3.34472593772495e-11 2521244.75000000
16078025 78.4957407407407 582.770826400636 3.13436172809657e-11 2373597.75000000
16078027 78.5023611111111 554.381971661134 1.37202687288063e-11 2361108.00000000
16078028 78.5210532407407 526.831907414909 1.20498961358935e-11 2135288.00000000
16078029 78.5432175925926 507.482992019787 9.54174701413804e-12 2046075.25000000
16078030 78.5721296296296 501.710959395094 1.65102481110385e-11 1891514.00000000
16078031 78.5840856481481 503.272307382894 1.24095838451744e-11 1880919.87500000
16078032 78.6130208333333 500.101211964771 5.02930405039562e-11 1752676.50000000
16078033 78.6198148148148 508.826325348487 1.5036187290108e-11 1729927.25000000
16078034 78.6427546296296 508.652994014161 1.26759561016927e-11 1664913.37500000
16078035 78.6648148148148 504.097801164031 1.3902165193883e-11 1626328.87500000
16078036 78.6878009259259 497.464431615734 1.37510734193303e-11 1591759.12500000
16078037 78.7097685185185 515.755330709134 1.19737255995693e-11 1548602.25000000
16078038 78.7319675925926 516.574459109953 1.76958005833701e-11 1534105.25000000
16078039 78.7490162037037 503.864080352771 1.31063858457118e-11 1454817.25000000
16078040 78.7704861111111 509.949060887658 1.21668967103571e-11 1402850.87500000
16078041 78.7941550925926 503.892531864058 1.19698528893293e-11 1400174.37500000
16078042 78.8160300925926 514.062250178749 1.17409507304604e-11 1369173.00000000
16078055 78.9542592592593 549.570698406108 1.29936329758564e-11 2456677.00000000
16078056 78.9807175925926 524.097924308173 1.53613144693883e-11 2154580.25000000
16079001 79.0039814814815 522.64654048821 1.3136345385219e-11 1965560.75000000
16079002 79.0265625 511.408759505018 1.57318511737883e-11 1844008.12500000
16079010 79.161099537037 518.511393581843 1.88856811238153e-11 2137741.25000000
16079011 79.1699768518518 524.905989030467 1.54815228142881e-11 1964333.87500000
16079013 79.1864236111111 527.38351066984 1.35396382940652e-11 1918500.87500000
16079014 79.2081828703704 521.612271637058 1.3300228851972e-11 1812003.12500000
16079015 79.2302314814815 518.62470765965 1.17445021770212e-11 1696807.00000000
16079016 79.252650462963 521.516147381333 1.27940042621711e-11 1638707.25000000
16079017 79.277025462963 518.702549090486 9.03438412288885e-12 1577596.37500000
16079018 79.321724537037 519.053972990543 8.92609250549194e-12 1408315.12500000
16079019 79.3553935185185 522.09845950645 9.7966629239498e-12 1356348.62500000
16079020 79.3863310185185 524.161183104486 2.01679221557275e-11 1416009.75000000
16079021 79.3991435185185 520.832516508629 3.16537273578091e-11 1390472.50000000
16079022 79.4054166666667 531.954802994341 8.87381370339196e-12 1335272.12500000
16079023 79.4372916666667 525.633673782293 1.01511984579595e-11 1287097.25000000
16079024 79.4704976851852 513.558003079922 1.58392083889847e-11 1272823.12500000
16079026 79.4848263888889 521.125685714642 5.53401278940116e-11 1245055.75000000
16079027 79.486099537037 513.769630967063 1.46094815867596e-11 1207809.37500000
16079028 79.5062847222222 531.834127021527 2.1309400419908e-11 1193200.75000000
16079029 79.5121180555555 517.750478432752 2.27084370347881e-11 1196323.25000000
16079030 79.5227083333333 524.388070777863 2.06885133361083e-11 1165544.75000000
16079031 79.5289814814815 516.064791200594 9.2116333685255e-12 1157515.62500000
16079032 79.5596296296296 531.59743311799 8.2471019268144e-12 1121942.00000000
16079033 79.5934375 529.252369354838 1.27222337212585e-11 1086368.50000000
16079034 79.6127430555556 513.161711885665 1.00490365954367e-11 1093951.50000000
16079035 79.6401851851852 516.005492625845 2.20953090993431e-11 1031725.50000000
16079036 79.6483912037037 516.535509309232 1.10469581256103e-11 1048341.50000000
16079037 79.6700578703704 521.460499457148 6.7668124458089e-11 1029606.75000000
16079045 79.7554861111111 554.119174255805 1.73905827079209e-11 2105401.50000000
16079046 79.7661689814815 532.256016351786 1.51511172390604e-11 1981061.25000000
16079047 79.78125 517.32599490506 1.42179205264554e-11 1882704.25000000
16079048 79.8030324074074 511.271888224669 1.37819821649858e-11 1740298.25000000
16079049 79.824212962963 523.742671101786 2.48838107016515e-11 1640825.87500000
16079051 79.8349768518518 520.572355214646 5.69218174605636e-11 1626552.00000000
16079052 79.8369328703704 533.245458627518 1.16164266217347e-11 1597000.12500000
16079054 79.8617013888889 517.062329358785 1.51799971759829e-11 1537562.12500000
16079057 79.8938773148148 521.026223956376 4.41576457410171e-11 1444223.25000000
16079058 79.8996875 520.074374201856 2.99733450011308e-11 1438759.12500000
16079059 79.9031944444445 505.271614140904 1.2765286093237e-11 1422589.12500000
16079060 79.9286226851852 508.788533008134 1.21332659350366e-11 1383000.87500000
16079061 79.9519097222222 515.480164592574 1.15964146216405e-11 1332930.25000000
16079062 79.9733101851852 521.158501434884 1.2006624691119e-11 1313972.50000000
16079063 79.9921759259259 509.469121030064 1.81353052083139e-11 1258772.25000000
16080001 80.0058680555556 516.218452984313 2.38125012869954e-11 1256207.25000000
16080002 80.010787037037 521.50908310617 1.47795360020787e-11 1238587.75000000
16080003 80.0231365740741 530.04282516284 1.40518209305625e-11 1221191.25000000
16080004 80.0362152777778 527.618824930982 1.05113326797806e-11 1206471.12500000
16080005 80.0584953703704 507.022752525283 1.33135371082829e-11 1153389.50000000
16080006 80.075787037037 526.02569952705 1.67198869525977e-11 1155619.87500000
16080012 80.133275462963 521.834960146946 1.98866974006628e-11 2066148.00000000
16080013 80.1399768518519 514.53415007384 1.54600751782088e-11 2014181.62500000
16080014 80.1565972222222 509.406783889075 1.41758780645111e-11 1875232.62500000
16080015 80.1792824074074 511.794219223928 1.35760299614344e-11 1723013.50000000
16080016 80.2011226851852 520.455445987929 1.52791024591967e-11 1640268.37500000
16080020 80.3021180555556 541.67878929656 9.68087241437565e-12 2386645.00000000
16080021 80.3320486111111 532.840062055183 1.17054821111658e-11 2126812.75000000
16080022 80.3640509259259 532.835792758856 1.40647949523011e-11 1896643.75000000
16080023 80.3832407407407 530.48460544021 1.32071932423186e-11 1833302.62500000
16080024 80.4079976851852 524.173372270337 1.112858777218e-11 1755910.50000000
16080025 80.434375 533.382934759989 2.05450713997601e-11 1684205.62500000
16080026 80.4452083333333 531.959095909157 1.13984446823843e-11 1620195.50000000
16080027 80.4693981481481 531.005041767843 1.25564313244905e-11 1526410.50000000
16080028 80.4922337962963 538.429636990253 1.01906252905783e-11 1469314.37500000
16080029 80.5165509259259 520.82960344266 1.08625656198423e-11 1456824.62500000
16080030 80.541412037037 529.529252839383 2.25960300222961e-11 1385900.37500000
16080031 80.5501157407407 530.075525300717 1.04284590919332e-11 1399616.87500000
16080032 80.5747800925926 535.208586639519 9.38970792869836e-12 1341517.25000000
16080033 80.6019444444444 524.162157120736 1.00089333697139e-11 1321109.62500000
16080043 80.7475694444444 538.867481212291 1.71912926950677e-11 2374489.75000000
16080044 80.7587152777778 522.059475379447 1.26373846571523e-11 2235541.00000000
16080045 80.775474537037 524.82132343271 1.72960262927362e-11 2133057.75000000
16080046 80.7978935185185 522.378786195128 1.35270764462611e-11 1962215.12500000
16080047 80.8195138888889 514.06044306518 1.53732727089972e-11 1843673.62500000
16080048 80.8414467592593 523.129396500044 1.2856997507921e-11 1795721.75000000
16080049 80.8633564814815 508.070477001491 1.58345246131355e-11 1703163.37500000
16080050 80.8837152777778 517.348348366515 1.16100997288683e-11 1601795.37500000
16080051 80.9089814814815 521.403576923256 1.07931143979206e-11 1573804.87500000
16080052 80.9353356481482 513.37200527201 1.15465401542219e-11 1537673.62500000
16080053 80.9591203703704 509.931062693862 1.19603267519738e-11 1475001.87500000
16080054 80.9812847222222 516.462961828806 1.60749991070769e-11 1398390.25000000
16080055 80.9988657407407 516.734962855538 1.17632391165334e-11 1362259.00000000
16081001 81.0212731481482 514.668553792562 1.13257775922114e-11 1328023.62500000
16081002 81.0451041666667 517.202537783732 1.2636436304369e-11 1277395.25000000
16081003 81.0643171296296 510.536309468936 1.47130639172113e-11 1275834.12500000
16081012 81.1566666666667 522.195981512467 1.26299548176147e-11 2167404.50000000
16081013 81.177337962963 527.61800438176 1.60373021017366e-11 1979277.12500000
16081015 81.1964583333333 535.052932953171 1.20514147872008e-11 1890956.37500000
16081016 81.2190740740741 538.484467732915 1.16968141034087e-11 1752565.00000000
16081017 81.241875 538.833961321481 1.16279647527251e-11 1637926.75000000
16081018 81.2650694444444 540.78935838804 1.42617796647608e-11 1547821.62500000
16081019 81.2797569444445 522.612913756694 1.22574099883175e-11 1438424.37500000
16081020 81.3002777777778 526.184992174806 3.27382781350977e-11 1383781.62500000
16081021 81.3213194444444 544.886340362901 1.07468433696585e-11 1314195.62500000
16081022 81.3349537037037 537.290478510742 9.8194373890169e-12 1265351.62500000
16081023 81.3618171296296 521.514252515096 1.73213506477922e-11 1208924.50000000
16081024 81.3775694444444 533.66840852581 2.0034148341386e-11 1155062.25000000
16081025 81.3835185185185 534.561340184983 1.48919225436419e-11 1156400.37500000
16081036 81.4623148148148 533.067882951898 1.29004757940482e-11 2431809.00000000
16081037 81.4871296296296 494.36508576885 1.68226638631412e-11 2161828.75000000
16081048 81.7198958333333 521.839224813261 1.75321083730124e-11 2173984.00000000
16081049 81.7318287037037 500.78030053062 1.55616228745404e-11 2094919.25000000
16081050 81.7538078703704 523.568916183098 1.27011873105422e-11 1971024.87500000
16081051 81.7770949074074 529.558372193552 2.93639717138608e-09 1821147.37500000
16081052 81.7804513888889 523.98604188963 1.24351132634931e-11 1829957.12500000
16081053 81.8018865740741 520.42007483181 1.28934112627653e-11 1723905.50000000
16081054 81.8239699074074 513.056910668427 1.81763669040108e-11 1682644.50000000
16081055 81.8399884259259 517.58697195406 1.22345961704373e-11 1591870.37500000
16081056 81.8627430555556 515.694554360237 1.23917049882287e-11 1513363.12500000
16081057 81.8848726851852 517.490388152251 1.07816767822192e-11 1481358.12500000
16081058 81.909375 520.337574580001 1.01656244986913e-11 1442327.50000000
16081059 81.9372337962963 524.988359910691 1.02009611851215e-11 1364489.37500000
16081060 81.963912037037 500.663379637247 1.21041452829656e-11 1315310.75000000
16081061 81.9871643518518 502.706826586097 1.12744394375897e-11 1292450.00000000
16082001 82.0090625 514.056283458506 1.05246220189285e-11 1242936.87500000
16082002 82.0324189814815 508.770443417234 2.25675442431001e-11 1213273.62500000
16082011 82.1034606481482 555.54547724798 1.89928445091578e-11 2433258.75000000
16082012 82.1198032407407 511.896442745636 9.54578807395101e-12 2195172.00000000
16082013 82.1485069444444 508.330968463325 1.2680308188706e-11 2078191.62500000
16082014 82.172962962963 489.54842838848 2.12971370630568e-10 1928202.75000000
16082017 82.1808449074074 501.613584298805 3.7370854853596e-11 1894636.37500000
16082018 82.1838541666667 512.087633076571 1.26639913327137e-11 1902331.00000000
16082019 82.2064699074074 508.171840437371 1.26826584976397e-11 1806315.62500000
16082022 82.2534953703704 496.346161718943 1.36635038195619e-11 1669820.12500000
16082023 82.276400462963 507.934224097496 1.05745087737339e-11 1563880.00000000
16082024 82.3076041666667 428.183822977384 2.13893792611218e-11 1481135.12500000
16082025 82.3281365740741 504.299978650609 1.04838809968244e-11 1475559.25000000
16082026 82.359849537037 510.307028742414 1.08260990431879e-11 1398836.25000000
16082027 82.3911689814815 512.440660232491 1.51649770290033e-11 1281075.25000000
16082028 82.4057638888889 519.505654687256 1.10442406421162e-11 1241041.12500000
16082029 82.4275115740741 525.293742401578 2.26447808202372e-11 1235353.75000000
16082039 82.621412037037 535.094428182485 1.27229178761169e-11 2290183.75000000
16082040 82.6397106481482 535.473295297427 1.56270045459459e-11 2036484.75000000
16082041 82.6611111111111 515.45838224254 1.43970716591953e-11 1923630.75000000
16082042 82.6828356481482 518.913509036366 1.54589539259917e-11 1806538.87500000
16082043 82.7045717592593 529.239984019023 2.64098511050597e-11 1725243.62500000
16082044 82.71125 525.831830554588 1.9745910874565e-11 1708070.12500000
16082045 82.7234606481482 528.15052934723 2.5528858435315e-11 1675507.50000000
16082046 82.7298032407407 522.359999384264 1.30784984501547e-11 1634135.00000000
16082047 82.749375 508.621929096914 1.32705080471038e-11 1548156.12500000
16082048 82.7712152777778 516.380980789654 1.26938677621184e-11 1522507.50000000
16082049 82.7919907407407 516.073819618885 1.11517233217344e-11 1497862.50000000
16082050 82.8135185185185 520.077364249646 1.159554649338e-11 1408315.12500000
16082051 82.8350231481482 519.007114860663 1.20570363229771e-11 1389803.37500000
16082052 82.8565162037037 524.310927274047 1.26530836265306e-11 1325681.75000000
16082053 82.8749189814815 527.914130609395 1.06338385549915e-11 1308062.25000000
16082054 82.8966087962963 516.974307833836 1.46671887182198e-11 1253419.37500000
16082055 82.9166435185185 516.823027424815 1.12217984006871e-11 1226098.00000000
16082056 82.9383796296296 514.416268074613 1.138252723115e-11 1224202.12500000
16082057 82.9598032407407 513.123140982566 1.45803518273737e-11 1161195.62500000
16083003 83.0430208333333 710.925388650603 2.12790721989551e-10 2273344.75000000
16083004 83.0469328703704 571.817383018407 1.39317379112047e-11 2287396.00000000
16083005 83.0689467592593 536.12030823088 1.22111370583265e-11 2112650.25000000
16083006 83.0842939814815 521.002762058803 1.39382519860158e-11 2066705.75000000
16083007 83.1060069444444 515.729026104314 1.44398540860234e-11 1934559.25000000
16083008 83.1292476851852 513.797429941662 1.34685822674944e-11 1843004.50000000
16083009 83.1507291666667 525.835425981486 1.76363690997421e-11 1766727.75000000
16083010 83.1695949074074 514.923749766991 1.34122949662387e-11 1704167.00000000
16083011 83.1912731481481 507.889406603083 1.30104436004887e-11 1613170.00000000
16083012 83.2131481481482 514.940200076416 1.32198536910216e-11 1584621.87500000
16083013 83.2354166666667 532.72567897622 1.17797629844595e-11 1484369.00000000
16083014 83.2569675925926 520.207860492215 1.17885442619321e-11 1449687.50000000
16083015 83.2808564814815 525.674578721263 1.94129006074194e-11 1450802.87500000
16083016 83.2913194444444 511.463950880712 1.23857933930606e-11 1437309.25000000
16083017 83.3146527777778 514.1295316253 1.69327018813004e-11 1362928.00000000
16083018 83.3250347222222 518.590508407414 1.22228228078366e-11 1380882.25000000
16083019 83.3465972222222 506.939637997194 3.38100024326624e-11 1314418.62500000
16083041 83.4663194444444 590.051660875862 2.3654810405634e-11 2577114.25000000
16083042 83.4889236111111 541.731281990732 1.3621516529017e-11 2299105.00000000
16083043 83.5106365740741 520.552421998796 1.39184428822456e-11 2123356.00000000
16083044 83.5258217592593 537.626913634414 5.2280464449424e-11 2048417.00000000
16083045 83.5339467592593 517.83822563518 1.88486734616049e-11 2040945.50000000
16083046 83.5475115740741 513.767659943843 1.48818827866986e-11 1987194.75000000
16083048 83.5760416666667 519.476756774293 3.10080776476144e-11 1858059.25000000
16083049 83.5851273148148 521.364170325753 2.01424380353938e-11 1801632.12500000
16083050 83.5954050925926 525.21319614865 1.76899169281708e-11 1775425.87500000
16083052 83.6120717592593 527.032742353841 1.39281092649826e-11 1725689.62500000
16083053 83.6337615740741 512.846762378121 1.27896510850183e-11 1678741.37500000
16083054 83.655474537037 557.257090759771 2.51012976108763e-11 1641272.12500000
16083055 83.6730439814815 511.267747772277 1.17082097332769e-11 1443219.62500000
16083056 83.6976736111111 530.446294166752 2.11602352378462e-11 1429949.25000000
16083057 83.7101851851852 518.952655332713 1.1530401537511e-11 1365492.87500000
16083058 83.731875 520.58623995314 1.21376927674707e-11 1381328.25000000
16083059 83.754224537037 522.020462411276 1.12866520838435e-11 1358690.37500000
16083060 83.7759837962963 515.177249041864 1.27766555205637e-11 1319325.25000000
16083068 83.8618171296296 0 0.00113560636625711 2278474.50000000
16084003 84.0044212962963 524.726265788 7.12410140062622e-11 1935005.12500000
16084004 84.0061689814815 535.77605843024 1.17290323030753e-11 1900435.25000000
16084005 84.0299884259259 530.322590114168 8.60590921260561e-11 1797394.50000000
16084006 84.0311574074074 517.60019523842 1.39532946799179e-11 1807765.37500000
16084007 84.0559375 531.814651398788 1.28477819163182e-11 1738848.62500000
16084008 84.0781944444444 532.496844490444 1.19391491554127e-11 1639599.25000000
16084009 84.102037037037 527.434746982903 1.31372693405358e-11 1595327.50000000
16084010 84.1238541666667 521.612819984445 1.48397159231714e-11 1533659.00000000
16084011 84.1412037037037 539.421901034323 1.5472009836664e-11 1506560.62500000
16084012 84.1525 526.342459794246 1.3891440436859e-11 1482473.50000000
16084013 84.1769097222222 521.533201285068 1.20907807977632e-11 1448461.12500000
16084014 84.1984722222222 520.755130266848 1.05822612406684e-11 1410880.00000000
16084015 84.2259490740741 523.716838009559 1.05174649077709e-11 1381551.25000000
16084016 84.2488657407407 530.443095361754 5.88193266551438e-11 1323562.87500000
16084017 84.2500694444444 577.178795039207 1.08177423021808e-10 1331926.87500000
16084018 84.2529282407407 519.563556309627 1.21397917854381e-11 1329138.75000000
16085005 85.0508449074074 558.340225100916 3.31674376202281e-11 2676475.00000000
16085006 85.0545023148148 534.264016519509 1.27216534144856e-11 2575330.25000000
16085007 85.0761921296296 521.086757194083 8.96701980424569e-11 2341035.00000000
16085008 85.0851388888889 512.15760264579 4.03669640977937e-11 2201863.00000000
16085009 85.0900578703704 514.636043715067 1.19081427168158e-11 2189484.75000000
16085011 85.1213888888889 518.614525256155 1.34514364421943e-11 2022879.87500000
16085012 85.1419907407407 520.84357582685 1.50471992276282e-11 1943145.87500000
16085013 85.1530671296296 506.202837168724 1.64361105992862e-11 1900546.75000000
16085014 85.1725 510.017455879485 1.85483044923899e-11 1805758.12500000
16085023 85.2619907407407 552.856072730797 9.22155687699582e-12 2489685.75000000
16085024 85.2845023148148 526.494807022695 1.15881083455645e-11 2191603.75000000
16085025 85.3102893518518 529.250725638069 1.44309602310191e-11 2005037.12500000
16085026 85.3322453703704 525.171361013478 1.36063523903999e-11 1903669.25000000
16085027 85.354375 535.836900725527 1.40315043465311e-11 1826611.62500000
16085028 85.3742476851852 522.666878624851 1.23029924855725e-11 1737622.12500000
16085029 85.3967592592593 511.863671185327 1.34061824929855e-11 1643837.00000000
16085030 85.4189351851852 530.871576494509 1.45107932487878e-11 1587521.25000000
16085031 85.4328587962963 528.533915969514 1.19823183639299e-11 1590420.75000000
16085032 85.4546759259259 527.698819823735 1.09451258924223e-11 1545591.50000000
16085033 85.4768981481482 530.186871230911 1.2646381977421e-11 1467195.50000000
16085034 85.4939699074074 534.274789632537 4.25010463115211e-11 1439762.62500000
16085035 85.4992592592593 523.487225661549 1.21309221780081e-11 1417571.00000000
16085036 85.5209259259259 523.499899763112 9.65842832349814e-12 1401958.62500000
16085037 85.553900462963 533.355648343229 1.12984506889961e-11 1344304.87500000
16085051 85.6834259259259 506.97550532045 1.16858719194895e-11 2328656.75000000
16085052 85.7092013888889 525.540209028276 4.18505946555736e-11 2018307.75000000
16085053 85.7120833333333 529.789057516655 1.09347625726032e-10 2025333.25000000
16085054 85.7141319444444 522.277163972023 1.41253325543543e-11 2048863.00000000
16085055 85.7362962962963 511.874803766113 1.65124481412585e-11 1932328.75000000
16085056 85.7546180555556 492.091843253575 1.6074787628516e-11 1814791.00000000
16085057 85.7764351851852 483.452813077937 1.34181215502094e-11 1777210.00000000
16085058 85.8017592592593 494.379865968979 2.10589590407917e-11 1693238.50000000
16085061 85.8581134259259 513.793626931868 1.15149321832181e-11 2499164.75000000
16085062 85.8828125 514.17902069651 1.18884142028394e-11 2194726.00000000
16085065 85.9095023148148 520.080855320222 1.62211140395273e-11 1962995.75000000
16085067 85.9207523148148 517.951467848806 2.9672753487126e-11 1908018.25000000
16085069 85.9256018518519 523.817816523044 2.89851946986498e-11 1871218.00000000
16085070 85.9292939814815 510.999271758273 2.69773929728537e-11 1860289.50000000
16085071 85.9443402777778 505.202079304619 2.84409392671614e-11 1835756.00000000
16085072 85.9482175925926 516.472463065807 1.254857903199e-11 1807207.87500000
16085073 85.9722685185185 514.342858732975 2.05227223530899e-11 1719667.75000000
16085074 85.9876736111111 515.943677586511 1.27939371067691e-11 1668370.50000000
16086001 86.0101157407407 512.174907666315 1.2584860546596e-11 1595216.00000000
16086002 86.0327314814815 527.190872851456 1.14298056195448e-11 1560200.12500000
16086003 86.0542939814815 508.48382322437 1.26165278533567e-11 1498643.12500000
16086004 86.0763773148148 523.353072677969 1.2116856506215e-11 1464073.12500000
16086005 86.0994560185185 507.080646066859 2.28283014930837e-11 1426938.25000000
16086006 86.1127546296296 514.183491927196 1.26837273833104e-11 1376979.12500000
16086007 86.1345601851852 499.027546892553 1.48018819181878e-11 1364935.37500000
16086008 86.15625 508.083699166958 1.4349725954716e-11 1325124.25000000
16086009 86.1796759259259 1605745.00205813 4.65538917156605e-06 1276726.25000000
16086010 86.1805671296296 693100.391170487 2.26526048219254e-05 1281186.87500000
16086024 86.23875 561.030226178796 1.2816845807891e-11 2624954.75000000
16086025 86.2619328703704 513.305840927957 1.02025583481167e-11 2307245.75000000
16086026 86.2880671296296 518.378787407577 1.3748571409352e-11 2056000.12500000
16086027 86.3108101851852 525.189395156102 1.54443106885577e-11 1980280.75000000
16086028 86.3333796296296 514.933910860208 1.45969050616489e-11 1889618.37500000
16086029 86.3596180555556 513.104125739048 6.51550963719011e-11 1753345.62500000
16086030 86.3613541666667 531.769437328889 1.12982787237815e-11 1785908.25000000
16086031 86.384375 517.595145549026 1.23686854223029e-11 1732046.12500000
16086032 86.4063888888889 525.773797290287 1.17824023436538e-11 1646624.87500000
16086033 86.428900462963 511.67696745537 1.44983119961068e-11 1598784.37500000
16086034 86.4521643518519 519.033156399117 1.30070382714053e-11 1547487.12500000
16086035 86.4721412037037 531.226850599934 1.71910633377814e-11 1490056.25000000
16086036 86.4859375 529.211450047237 1.10029793086162e-11 1496970.50000000
16086037 86.5077546296296 505.864071233001 1.67513373653418e-11 1394487.12500000
16086038 86.5235532407407 521.800531914153 1.17633509428844e-11 1393372.00000000
16086039 86.5380208333333 526.016125599328 1.18963138681391e-11 1357463.75000000
16086040 86.5599537037037 522.084695860356 1.11687592979425e-11 1338283.00000000
16086041 86.5840509259259 531.284902129267 1.06479286297578e-11 1313526.50000000
16086042 86.6088425925926 531.985883304279 1.65812027273312e-11 1302820.87500000
16086050 86.9105208333333 578.671760245059 1.60753155040468e-11 2116330.25000000
16086051 86.9321296296296 513.553682114631 1.77850180642325e-11 1798621.12500000
16086052 86.9535995370371 510.359886900722 4.92538605856562e-11 1714984.12500000
16086053 86.9650694444444 508.791449547254 1.40217352195311e-11 1672608.00000000
16086054 86.9868055555556 516.280953335749 1.29815091478811e-11 1587744.37500000
16087001 87.009212962963 519.724429162478 1.17171063974796e-11 1575031.50000000
16087002 87.0399768518518 521.303078911968 1.22866083705847e-11 1480242.87500000
16087003 87.0614814814815 509.914284974361 1.7362912752569e-11 1457828.12500000
16087004 87.0741666666667 507.337121941997 1.2458864952461e-11 1403073.87500000
16087005 87.0957407407407 503.433310050369 1.36332311962317e-11 1375418.12500000
16087006 87.1181365740741 503.30231640283 1.1838260822525e-11 1345643.12500000
16087007 87.1391898148148 516.237062498657 1.34349673052548e-11 1325681.75000000
16087008 87.1603356481481 517.441674499307 1.20790716797209e-11 1269031.62500000
16087009 87.182974537037 510.490904821804 1.22055337418584e-11 1231562.25000000
16087010 87.2063194444444 511.743664167446 1.23809483991739e-11 1206582.62500000
16087011 87.2252546296296 506.406718947516 2.1966354755616e-11 1197772.87500000
16087018 87.2917939814815 684.80753723319 4.17459103961838e-10 2580683.00000000
16087019 87.2953935185185 516.274363935803 1.59019952540699e-11 2470839.75000000
16087020 87.3177314814815 517.999088139869 1.88727357786191e-11 2086555.50000000
16087021 87.3277314814815 513.68434831179 1.56141282200225e-11 2040833.87500000
16087022 87.3495833333333 507.840610730535 1.45859397690017e-11 1921177.25000000
16087023 87.3713425925926 512.265716724722 1.38261510141977e-11 1789699.87500000
16087024 87.3930092592593 506.247534352117 1.54846680668203e-11 1694576.75000000
16087025 87.4127430555556 508.05730358602 1.29130178792043e-11 1654207.87500000
16087026 87.4343402777778 518.805209193187 1.27952010856481e-11 1558081.00000000
16087027 87.4560185185185 503.879433180147 1.25616606664809e-11 1532655.50000000
16087028 87.4784375 510.019273998851 1.45761621261213e-11 1448906.87500000
16087029 87.4975694444444 518.199177213852 1.23780828158374e-11 1455598.12500000
16087030 87.5192708333333 503.692026341156 1.30583447545592e-11 1400843.50000000
16087031 87.5422685185185 522.547217759934 1.12994523366661e-11 1332038.12500000
16087032 87.5639351851852 518.595488353549 1.17658481182413e-11 1262898.25000000
16087033 87.5894212962963 511.690049425237 1.00978414202066e-11 1254757.62500000
16087041 87.6864467592593 547.378593898795 1.67817647904472e-11 2518011.00000000
16087042 87.7082986111111 518.211814135165 1.13169367779462e-11 2136291.50000000
16087043 87.7299537037037 516.881719933683 1.55979149752656e-11 1959650.25000000
16087044 87.7521527777778 514.920720127627 1.82764662202994e-11 1836759.62500000
16087045 87.7679282407407 511.389709807699 1.45584057367122e-11 1792264.75000000
16087046 87.7913194444445 510.394660555284 1.22262620721231e-11 1712976.87500000
16087047 87.8156828703704 514.628555671801 2.3116174327342e-11 1571797.50000000
16087048 87.8261342592593 520.28216746064 1.2406215007856e-11 1532990.00000000
16087049 87.847662037037 515.718651292313 1.19483298483219e-11 1513251.62500000
16087050 87.870162037037 512.214589146557 1.32240604363752e-11 1408426.62500000
16087051 87.8916782407407 512.703611943412 1.23341261068671e-11 1374748.75000000
16087052 87.9145023148148 500.186533472274 1.45389084363106e-11 1327912.12500000
16087053 87.9393055555556 509.673767980128 1.29164442019516e-11 1270704.25000000
16087054 87.9609606481482 521.196783877642 1.23976435175062e-11 1206359.62500000
16087055 87.9818171296296 514.115797249915 1.16421217710499e-11 1217288.12500000
16088001 88.003587962963 515.340005096292 1.59073490365641e-11 1162310.87500000
16088013 88.3799305555556 519.467067983019 1.59209228145806e-11 1689670.00000000
16088014 88.3950694444444 516.830633466953 1.00185428683243e-10 1641829.62500000
16088015 88.3965740740741 542.458888384943 1.42253514373996e-10 1621868.25000000
16088016 88.3977314814815 514.401346354692 1.32700966307573e-11 1642275.62500000
16088017 88.4197916666667 525.056588342246 1.14750094531596e-11 1521726.87500000
16088018 88.4418402777778 511.274182913625 1.28002051897669e-11 1423369.75000000
16088019 88.4633912037037 506.915063708798 1.38560022805054e-11 1385008.25000000
16088020 88.4852083333333 514.404660903931 1.42219955739431e-11 1308508.25000000
16088021 88.5044328703704 525.227495625328 1.11624304771146e-11 1215392.37500000
16088022 88.5260532407407 505.393515910269 1.21208520663084e-11 1153501.00000000
16088023 88.5485416666667 512.915555427658 1.28435047999058e-11 1114247.37500000
16088024 88.570150462963 521.940857589866 7.81461894923534e-11 1032506.18750000
16088025 88.5721527777778 507.406138328203 1.13439678105851e-11 1070644.62500000
16088026 88.5938657407407 500.173326385394 1.21008257026386e-11 1019570.25000000
16088027 88.6144907407407 506.311535049284 1.77803845948526e-11 1001839.18750000
16088028 88.625775462963 522.588756314455 1.03581536378117e-11 985446.37500000
16088029 88.6472685185185 506.776031535047 1.16622585366429e-11 958682.56250000
16088030 88.6690740740741 529.500065661892 1.01611535297264e-11 903147.81250000
16088031 88.6906944444444 509.46473454196 1.22988074658264e-11 903370.81250000
16088039 88.7539583333333 660.218851830174 3.28248560035071e-11 2437830.75000000
16088040 88.7814236111111 531.554231574789 1.44326909429733e-11 1859397.25000000
16088041 88.802962962963 521.23825889684 1.38889123032493e-11 1730707.87500000
16088042 88.8244791666667 523.225451001606 1.42203638976318e-11 1602353.00000000
16088043 88.8459259259259 513.063886141782 1.3354872965312e-11 1522061.50000000
16088044 88.8673379629629 518.974258223574 2.44908084508402e-11 1478012.50000000
16088045 88.8791087962963 526.393083052144 1.14758675224065e-11 1438424.37500000
16088046 88.9006828703704 502.657681912488 1.2945779269485e-11 1332818.75000000
16088047 88.9221412037037 513.316580054761 1.16831277172246e-11 1312634.25000000
16088048 88.9438078703704 513.975147721349 1.15387623949915e-11 1260333.37500000
16088049 88.9654398148148 519.582144230383 2.02773023417528e-11 1192643.12500000
16088050 88.9773148148148 506.45229803479 1.13769623670967e-11 1215615.50000000
16089001 89.0055324074074 530.939588351502 7.02082839438572e-11 1142238.00000000
16089002 89.0197106481481 691.27374776898 0.00183978292114432 1110121.25000000
16089003 89.0243055555556 522.040477731324 1.3513466272413e-11 1103876.37500000
16089004 89.0337615740741 512.665349645112 1.08642490718283e-11 1085922.25000000
16089005 89.056724537037 509.90597541889 1.19638414716894e-11 1046668.62500000
16089014 89.2633564814815 684.051540653852 4.16617155667376e-11 2449206.00000000
16089015 89.2849652777778 545.969353245648 1.34086254093698e-11 1986525.62500000
16089016 89.2992939814815 528.232667671057 1.37268145619599e-11 1842669.87500000
16089017 89.3209490740741 539.145326013981 1.22281921332375e-11 1653761.87500000
16089018 89.342662037037 519.215935785919 1.24210535620067e-11 1568452.12500000
16089019 89.3645023148148 526.105739659614 1.35894229352403e-11 1470541.00000000
16089020 89.3850462962963 529.612577507346 1.19117210826937e-11 1423927.50000000
16089021 89.4067245370371 588.024419963674 9.9666552315086e-11 1325458.75000000
16089023 89.4117476851852 540.988490573008 8.53598589287924e-11 1327354.50000000
16089024 89.4138078703704 543.97870692642 1.07549757328475e-11 1337948.50000000
16089026 89.4514699074074 527.402997255816 1.08818497754889e-11 1227547.62500000
16089027 89.4737615740741 531.394510768382 1.08692807862198e-11 1184056.50000000
16089028 89.4954398148148 534.365645100861 1.20709142926349e-11 1127183.25000000
16089029 89.5146643518519 525.21838157062 1.35844621464218e-11 1110232.75000000
16089030 89.5409490740741 527.472517913575 1.08761588048223e-11 1055813.00000000
16089031 89.562662037037 527.293929682019 9.26016854893074e-12 1032617.68750000
16089041 89.7601157407407 502.479529834818 1.2485365339003e-11 2519572.50000000
16089042 89.7815856481482 512.532966102579 1.18358141092054e-11 2146216.50000000
16089043 89.803125 515.71015141851 3.18470148945293e-11 2046298.25000000
16089044 89.8085069444444 510.424420896541 1.95086370831928e-11 2008048.12500000
16089045 89.8255787037037 530.092705470553 1.169841876665e-11 1895863.00000000
16089046 89.8473263888889 507.10353611049 1.45029908351428e-11 1768957.87500000
16089047 89.868900462963 513.143451075035 3.75045546429773e-11 1676288.12500000
16089048 89.871724537037 504.92071491396 2.24672884900705e-11 1639822.37500000
16089049 89.8824884259259 509.59072832065 1.29556909636775e-11 1623318.12500000
16089050 89.9043287037037 522.235065161531 1.23464919126505e-11 1535554.87500000
16089051 89.924224537037 519.552729611211 1.21250399181956e-11 1453144.75000000
16089052 89.9481018518518 526.069932665327 1.06568898019058e-11 1412218.12500000
16089053 89.9701851851852 505.223891256005 1.28090775247028e-11 1338729.12500000
16089054 89.9930555555556 508.518259452735 2.16757802214197e-11 1286985.62500000
16090001 90.0078009259259 509.27346994642 1.53925782647073e-11 1232677.37500000
16090002 90.0197222222222 509.065623637107 1.1245616563795e-11 1217288.12500000
16090003 90.0422685185185 509.031785491872 1.13358742379952e-11 1164652.62500000
16090004 90.0648263888889 518.980582741569 1.1171820431782e-11 1130305.87500000
16090005 90.0859490740741 510.742126102109 2.7626315370142e-11 1076443.50000000
16090015 90.1456828703704 524.539378562903 9.87755722818416e-12 2306130.50000000
16090016 90.1723958333333 513.644042143044 2.31797444070441e-11 2050424.37500000
16090017 90.1801851851852 521.68022292365 1.52705625631673e-11 1965895.12500000
16090018 90.2026504629629 528.24487308213 1.18571875173924e-11 1829288.00000000
16090019 90.2256018518519 519.122803270399 1.39142650912599e-11 1712307.75000000
16090020 90.2484837962963 520.089137526945 1.54344176554078e-11 1609490.00000000
16090021 90.2669444444444 521.023237074045 1.18498307474326e-11 1528306.25000000
16090022 90.2896990740741 534.217479040676 1.21353615686927e-11 1475782.37500000
16090023 90.3111458333333 516.238592334503 1.28793973451664e-11 1416009.75000000
16090024 90.3327083333333 518.658007042775 1.1507969833451e-11 1364712.37500000
16090025 90.3543055555555 534.278517623157 1.08553909617914e-11 1283863.25000000
16090026 90.3758564814815 504.731012607404 1.39770943557222e-11 1291000.25000000
16090027 90.3932291666667 522.21069417158 1.31104607989553e-11 1237695.62500000
16090028 90.4147685185185 524.714795171825 1.15905458124279e-11 1211600.87500000
16090029 90.4363657407408 532.264752157779 1.02001473562908e-11 1143018.50000000
16090030 90.458287037037 536.12506884382 1.35267429928752e-11 1129859.62500000
16090038 90.5326041666667 541.565917961799 1.10848511523392e-11 2474742.75000000
16090039 90.5517939814815 514.711481180608 1.81805431104124e-11 2096926.37500000
16090041 90.7018634259259 528.759490732219 9.92076261413165e-12 2667219.50000000
16090042 90.736099537037 529.335504091573 1.34003964979019e-11 2037488.50000000
16090044 90.7599537037037 514.827920797282 1.5694847167982e-11 1848245.75000000
16090045 90.7753703703704 527.692324023946 1.20107354272084e-11 1750334.62500000
16090046 90.8015277777778 523.618360226266 1.04903968865827e-11 1613504.50000000
16090047 90.8346412037037 541.619023483693 1.18475509154358e-11 1502880.75000000
16090048 90.8560648148148 501.387781342069 1.19304705326902e-11 1410099.37500000
16090049 90.8776736111111 497.49930954448 1.49095878173533e-11 1344528.00000000
16090050 90.8950347222222 506.889987536866 1.0627013964895e-11 1306278.00000000
16090051 90.9168865740741 523.644664084027 1.1463581440816e-11 1240483.50000000
16090052 90.9387615740741 524.909531337687 1.21302884500699e-11 1152608.87500000
16090053 90.9559259259259 524.135823490722 1.40642737973868e-11 1134654.75000000
16091003 91.0219212962963 511.709762755133 1.30026887329953e-11 2535742.00000000
16091004 91.0440972222222 511.573361042461 1.14440515562011e-11 2240559.00000000
16091005 91.0663773148148 513.845677433046 1.55253817881254e-11 2036484.75000000
16091006 91.0887268518518 514.677596021232 1.28208640190586e-11 1869991.37500000
16091007 91.1104976851852 507.267576162728 1.41228354662783e-11 1701156.37500000
16091008 91.1320949074074 510.228676794448 1.76145815815398e-11 1588971.00000000
16091009 91.1475462962963 513.918524271581 1.38443972586298e-11 1528529.37500000
16091010 91.1702083333333 513.434894441255 1.18699117987815e-11 1412775.75000000
16091011 91.1918171296296 511.644210957314 1.23050823886147e-11 1319325.25000000
16091012 91.2134375 515.58689418038 1.14118264520121e-11 1260556.37500000
16091013 91.235474537037 517.28142457468 1.14450105158498e-11 1196434.75000000
16091014 91.2571296296296 523.512337369568 1.25835788473819e-11 1139561.50000000
16091036 91.7921412037037 54522.9486872238 0.0189154181565748 1981172.75000000
16091037 91.7934143518518 501330.572340479 7.39542806063915e-05 1905565.00000000
16091038 91.7959953703704 675037.761652632 4.00386757814209e-05 1883038.75000000
16091039 91.8009606481481 518.321016742623 1.43457745576604e-11 1797506.00000000
16091040 91.8166782407407 531.229869064424 4.46422154081034e-09 1668928.00000000
16091042 91.8203240740741 530.75101800732 2.46955258207432e-09 1610716.62500000
16091049 91.8978125 566.174035674414 4.12624289506777e-10 2596072.00000000
16091050 91.9022800925926 537.06008469783 3.55865638923127e-10 2441511.00000000
16091051 91.904837962963 552.953198429068 7.36946595999093e-10 2365345.50000000
16091052 91.9058564814815 528.978452690247 9.78386288613818e-11 2388763.75000000
16091053 91.9147569444444 523.69523061734 8.52688916051237e-11 2242454.75000000
16091054 91.9225694444444 523.924752434138 1.60767117228055e-10 2128151.00000000
16091055 91.9256944444444 506.712763374746 4.43205591526024e-11 2112650.25000000
16091056 91.9357523148148 537.607430932553 2.80477827073584e-11 2025110.12500000
16091057 91.9403587962963 531.604820313853 2.89156459587405e-11 1934893.62500000
16091060 91.9528819444444 533.347465701813 2.09647074519943e-11 1840439.62500000
16091061 91.9614236111111 517.749961340858 1.73829568438812e-11 1789811.37500000
16091062 91.9726388888889 522.418730340687 1.27121834063003e-11 1727139.37500000
16091063 91.9960416666667 526.628536875553 1.31094296105022e-11 1571463.00000000
16092001 92.0225694444444 509.521498090021 1.17308254333737e-11 1462511.87500000
16092002 92.0446064814815 535.779037059192 1.58685536663778e-11 1380213.25000000
16092003 92.0581597222222 504.449194706681 2.39155675973907e-11 1337279.50000000
16092014 92.1361111111111 518.741174186502 1.20159977428219e-11 2611684.75000000
16092015 92.158287037037 522.138218159204 1.25152264254403e-11 2186808.25000000
16092016 92.1740393518518 520.644317225335 1.51233254283503e-11 2023102.87500000
16092017 92.1965972222222 518.907346899382 1.31340934301793e-11 1861516.12500000
16092018 92.2184722222222 504.691071616923 1.37130538501664e-11 1718329.50000000
16092019 92.2409606481481 519.256769020001 1.56821375297281e-11 1594993.00000000
16092020 92.2596875 518.788971915105 1.36552689820572e-11 1553620.50000000 
16092021 92.2790625 519.798815364413 1.3193909359598e-11 1447568.75000000
16092022 92.3015972222222 516.633431426937 1.29073610463347e-11 1365939.25000000
16092023 92.3237847222222 512.869782073095 1.88223571459903e-11 1309958.12500000
16092031 92.4337037037037 509.074304285564 1.42843271393068e-11 2707476.75000000
16092033 92.4577199074074 519.764988319384 1.26579243838987e-11 2327876.50000000
16092034 92.4738078703704 506.258855837177 1.4625301626411e-11 2069605.12500000
16092035 92.4953472222222 509.408702435957 1.33499287724416e-11 1900100.75000000
16092036 92.5170486111111 511.365765161034 1.58172483958576e-11 1742417.25000000
16092037 92.5385300925926 506.336809169544 1.30108610368299e-11 1559642.37500000
16092040 92.5652662037037 588.774936859673 7.95065899816845e-11 1452252.37500000
16092042 92.5755671296296 501.996264482697 1.41776379925595e-11 1369284.50000000
16092044 92.5975462962963 517.083307102032 1.41490379665615e-11 1283417.12500000
16092048 92.6213425925926 518.891600438569 1.44286473746955e-11 1194427.37500000
16092049 92.6358333333333 511.29131255366 1.1326971055595e-11 1172124.25000000
16092050 92.6573263888889 506.080667902722 1.21450837616741e-11 1098858.25000000
16092051 92.6786111111111 512.460789115397 2.0839658360506e-11 1068860.37500000
16092052 92.6879282407407 502.171909965797 1.17229399166514e-11 1051240.87500000
16092053 92.7093402777778 530.611851292253 1.07258187344652e-11 1050571.75000000
16092054 92.7313310185185 500.883026358234 1.15554998507624e-11 997713.12500000
16092055 92.7528356481482 506.888239107201 2.05640152952536e-11 951545.56250000
16092063 92.826724537037 520.250331976538 1.33208298948186e-11 2656960.00000000
16092064 92.8487268518518 517.939643260704 1.33944641250869e-11 2278363.00000000
16092065 92.8671296296296 523.016779639484 1.48145830907986e-11 2087670.50000000
16092066 92.8886458333333 526.701523149122 2.46201890373345e-11 1965672.12500000
16092067 92.9107986111111 520.257165639733 1.33241493677238e-11 1848580.37500000
16092068 92.9323726851852 510.156417533766 1.55570620425289e-11 1754126.25000000
16092069 92.9539583333333 528.417056818714 1.22304408237943e-11 1657664.87500000
16092070 92.975787037037 516.929041439795 1.36571073831484e-11 1565329.62500000
16092071 92.9980208333333 520.273410972953 1.25389393590619e-11 1512248.12500000
16093001 93.0199189814815 523.545754069075 1.1761421108123e-11 1459835.50000000
16093002 93.0420486111111 518.369335834173 1.21815278735796e-11 1406084.75000000
16093003 93.0641319444445 530.797285995132 1.9308063408962e-11 1370399.62500000
16093004 93.0766087962963 508.339792758565 1.44403871579152e-11 1329584.75000000
16093010 93.1431597222222 515.233105673347 1.34519834536882e-11 2812413.25000000
16093011 93.1666319444445 515.569023740711 1.02068887698333e-11 2369917.75000000
16093012 93.1933217592593 514.058501526611 1.68511779868584e-11 2052877.75000000
16093013 93.2156481481481 520.637568763854 1.48033859580666e-11 1948387.12500000
16093014 93.2382986111111 528.346546299191 1.2342534304403e-11 1795945.00000000
16093015 93.2603703703704 513.02554187101 5.04781132013637e-11 1692011.75000000
16093016 93.268912037037 529.988522118504 1.17676497405659e-11 1630120.37500000
16093017 93.2940856481482 524.690929173612 1.24685205240303e-11 1586740.62500000
16093018 93.3157523148148 512.655382899877 1.4139854524202e-11 1491840.62500000
