16064077 64.8970486111111 0.00127002807745481 4.2665686702741e-06 1.00000000
16064078 64.9029513888889 0.0012592068875639 2.32510606915319e-06 1.00000000
16064079 64.9289930555556 0.00123090499698637 2.17135253585616e-06 1.00000000
16064080 64.9525925925926 0.00122021053031599 2.5859946348908e-06 1.00000000
16064081 64.9709722222222 0.00120951446026226 7.96165198650958e-06 1.00000000
16064082 64.9816782407407 0.00118720890581013 4.03882238198666e-06 1.00000000
16065001 65.005162037037 0.00118139597966656 2.67715510524081e-06 1.00000000
16065002 65.0282291666667 0.00116567570005225 2.57553315029306e-06 1.00000000
16065003 65.0501041666667 0.00115310189777931 2.57263307657232e-06 1.00000000
16065005 65.0744791666667 0.00113485016552404 2.63272864063215e-06 1.00000000
16065006 65.1009837962963 0.00112822769315002 2.67206607878974e-06 1.00000000
16065007 65.1239351851852 0.00111858284979233 2.7685800622414e-06 1.00000000
16065008 65.1466087962963 0.00111412070383869 2.8710702741932e-06 1.00000000
16065009 65.1678240740741 0.00111621291454651 2.96536107050291e-06 1.00000000
16065010 65.1896296296296 0.00110125929976604 2.9276907189177e-06 1.00000000
16065011 65.2114236111111 0.899748457341294 0.0109040215366202 1.00000000
16065012 65.2132407407407 0.00109172652509372 2.91190587340523e-06 1.00000000
16065013 65.2365046296296 0.00109048761419727 2.99019831855453e-06 1.00000000
16065014 65.2600347222222 0.00108508509688065 3.84294529271635e-06 1.00000000
16065015 65.2762037037037 0.00107850857222778 3.43218339314465e-06 1.00000000
16065016 65.2954282407407 0.00107216278051785 3.25605814577828e-06 1.00000000
16065017 65.3172453703704 0.00106715577594324 3.34009342046329e-06 1.00000012
16065018 65.3394675925926 0.00106290284204667 4.1253626000302e-06 1.00000000
16065023 65.4300810185185 0.00134345057154686 2.1949372578237e-06 1.00000000
16065024 65.4460763888889 0.00130823796855819 2.8712478762604e-06 1.00000000
16065025 65.4573842592593 0.00128577093418097 2.05749442390874e-06 1.00000000
16065026 65.4824074074074 0.00126392754864462 3.03615794937589e-06 1.00000000
16065027 65.4934259259259 0.00123581870227839 2.07187553991907e-06 1.00000000
16065028 65.5176851851852 0.00121625572735687 2.4615076213575e-06 1.00000000
16065036 65.6069097222222 0.00131452914040217 2.18474203488479e-06 1.00000000
16065037 65.6238888888889 0.00128545387035413 2.4109890503486e-06 1.00000000
16065038 65.6397685185185 0.0012589798103578 2.04697589797349e-06 1.00000000
16065039 65.6635763888889 0.00123701142604221 2.40131274356692e-06 1.00000000
16065041 65.6933680555556 0.00120511525605881 2.35087897506935e-06 1.00000000
16065042 65.7133101851852 0.00119670569111568 2.85308105271291e-06 1.00000000
16065043 65.7327893518518 0.00117078386021315 9.33542134587276e-06 1.00000000
16065044 65.7369328703704 0.00117315516687837 2.34716666427229e-06 1.00000000
16065045 65.7596875 0.00116423349397875 2.34026590255889e-06 1.00000000
16065046 65.7839236111111 0.00115802372671462 2.53524703985248e-06 1.00000000
16065047 65.8055555555556 0.00114989928976338 2.5448394530943e-06 1.00000000
16065048 65.8272106481482 0.00114720278474294 2.62138567563578e-06 1.00000000
16065059 65.8928935185185 0.0010682954941394 3.20489910595069e-05 1.00000000
16065060 65.8946064814815 0.00112453757306691 2.67732767397127e-06 1.00000000
16065061 65.9165046296296 0.0011249218577765 2.83076741754714e-06 1.00000000
16065072 65.9942476851852 0.00130894114819265 1.95079879355732e-06 1.00000000
16066001 66.0158449074074 0.00127322670776054 2.1714122765967e-06 1.00000000
16066002 66.0371759259259 0.00125175870653321 2.08282071964505e-06 1.00000000
16066003 66.0603703703704 0.00122424391029198 2.1771600488573e-06 1.00000000
16066004 66.0834027777778 0.00121119449126669 2.2456989490757e-06 1.00000000
16066005 66.10625 0.00119781151612384 2.65998427299444e-06 1.00000000
16066006 66.1283912037037 0.00117941562967238 2.29526773021494e-06 1.00000000
16066007 66.1528935185185 0.00117302575952331 2.56104390295166e-06 1.00000000
16066008 66.1738425925926 0.00115672443417618 2.48552149258745e-06 1.00000000
16066009 66.1962847222222 0.00115415394853316 2.54890885691937e-06 1.00000000
16066011 66.2189930555556 0.0011444147425432 2.57700749086751e-06 1.00000000
16066012 66.2407523148148 0.00114102740557163 3.85084018622703e-06 1.00000000
16066015 66.3109375 0.00133459378013257 1.75074368908314e-06 1.00000000
16066016 66.3363657407407 0.00128509341684459 2.1069968423233e-06 1.00000000
16066017 66.3602893518518 0.00125510197777282 2.03914790509121e-06 1.00000000
16066018 66.3835416666667 0.00123078365164576 3.09324616327144e-06 1.00000000
16066019 66.3950925925926 0.00122469078399604 3.15248571859855e-06 1.00000000
16066020 66.4070023148148 0.0012083636683246 4.13485120915004e-06 1.00000000
16066021 66.417974537037 0.0011934681840997 2.97317046533837e-06 1.00000000
16066026 66.5050462962963 0.00113276630717241 2.4607729092488e-06 1.00000000
16066027 66.5266319444444 0.00112704917676275 2.48076973376279e-06 1.00000000
16066028 66.5486805555556 1.16536984845499 0.0168880273563307 1.00000000
16066030 66.552037037037 0.00111820456512025 5.62268870256296e-06 1.00000000
16066031 66.5626273148148 0.00111272222082784 2.57893232720976e-06 1.00000000
16066032 66.5840162037037 0.00110137666336211 2.82525685371381e-06 1.00000000
16066033 66.6055671296296 0.00109380764797221 2.67742726901885e-06 1.00000000
16066035 66.6351851851852 0.00108821193629704 2.88108450731924e-06 1.00000000
16066046 66.7824537037037 0.00132276878661865 3.82734969129289e-06 1.00000000
16066047 66.788125 0.00128456878934843 1.96594241875389e-06 1.00000000
16066048 66.8092824074074 0.835373249232597 0.00995796109390773 1.00000000
16066049 66.8121990740741 0.00124100092119532 2.1867882604019e-06 1.00000000
16066050 66.8308912037037 0.00122777618114698 2.10612395770846e-06 1.00000000
16066051 66.8525231481482 0.0012005529332068 1.867784188048e-06 1.00000000
16066052 66.8809375 0.00118466204116683 2.19156811388503e-06 1.00000000
16066053 66.9028935185185 0.00117705443442685 2.4084359637811e-06 1.00000000
16066054 66.921875 0.00116979401585764 2.69896576853514e-06 1.00000000
16066055 66.9436921296296 0.00115486319534055 2.47561525177789e-06 1.00000000
16066059 66.9681597222222 0.00114591153990314 2.38071032131621e-06 1.00000000
16066060 66.9897569444444 0.00113821149969479 2.40238123502174e-06 1.00000000
16067001 67.0113194444445 0.00113185485799837 2.39058467645721e-06 1.00000000
16067003 67.0350578703704 0.00112609659254525 2.44060684620879e-06 1.00000000
16067004 67.0573958333333 0.00111884756393351 2.67896662502137e-06 1.00000000
16067005 67.0761921296296 0.00110954126626643 2.44508189141942e-06 1.00000000
16067006 67.0989467592593 0.00111021752983296 5.2593467056325e-06 1.00000000
16067013 67.3713078703704 0.00127192526507407 2.39071614761809e-06 1.00000000
16067014 67.3866898148148 0.00124243630271549 3.20298681377483e-06 1.00000000
16067015 67.3963773148148 0.0012259587519313 2.16461375290682e-06 1.00000000
16067016 67.417962962963 0.00122360561272254 2.13596680805739e-06 1.00000000
16067017 67.4403356481481 0.00119779707706457 2.217465860843e-06 1.00000000
16067019 67.4765972222222 0.00116937327003504 2.28871016766016e-06 1.00000000
16067020 67.4983912037037 0.00115751939690994 2.33133034672193e-06 1.00000000
16067021 67.5203009259259 0.00114517126657339 2.3486542823408e-06 1.00000000
16067022 67.5418634259259 0.00113833587200335 2.51892987360657e-06 1.00000000
16067039 67.8637847222222 0.00128090846867721 1.70559435472812e-06 1.00000000
16067040 67.8905555555556 0.00125071055319726 4.78837801830751e-06 1.00000000
16067041 67.8948726851852 0.00122543053710847 2.02762228234535e-06 1.00000000
16067042 67.9174189814815 0.00120357525345285 2.02120560790017e-06 1.00000000
16067043 67.9411342592593 0.00118698345012543 2.17100518031195e-06 1.00000000
16067044 67.9627083333333 0.00117399342314373 7.86238455276992e-06 1.00000000
16067045 67.9840046296296 0 2.05447710559406e-07 1.00000000
16067046 67.9853125 0 6.26036344477374e-08 1.00000000
16067047 67.9907291666667 0 6.75846625200109e-08 1.00000000
16068001 68.0031018518518 0.00115907661735824 2.4105051178329e-06 1.00000000
16068003 68.0260185185185 0.0011463786862609 2.46622550093419e-06 1.00000000
16068004 68.0483333333333 0.00114178887176129 2.59636537667705e-06 1.00000000
16068005 68.0675115740741 0.00113662146130358 2.3991143037962e-06 1.00000000
16068006 68.0903125 0.00112809189992066 2.40410505987142e-06 1.00000000
16068007 68.1174537037037 0.00111803583799526 2.73679202500746e-06 1.00000000
16068008 68.1392939814815 0.00110712350375679 2.42037202688738e-06 1.00000012
16068009 68.1621643518518 0.00110160599422971 2.50035915345162e-06 1.00000000
16068010 68.1857638888889 0.00109736134498763 3.90040058969487e-06 1.00000000
16068012 68.246875 0.00130558449440326 2.04526639845976e-06 1.00000000
16068013 68.2663310185185 0.00124853621321108 3.87167450353099e-06 1.00000000
16068014 68.2734027777778 0.00122712588672549 1.96580615849516e-06 1.00000000
16068015 68.2975694444444 0.00120238598385744 2.09096174429913e-06 1.00000000
16068016 68.3195486111111 0.00118480694551103 2.26075295729302e-06 1.00000000
16068017 68.3428935185185 0.00117069566716209 4.41558975663421e-06 1.00000000
16068018 68.3486689814815 0.00115983628789294 1.96416850905132e-06 1.00000000
16068021 68.3798263888889 0.00114788933078995 3.00659769226398e-06 1.00000000
16068022 68.4118518518518 0.00112900788554333 2.15499199116384e-06 1.00000000
16068023 68.4384143518518 0.00112432442618916 4.06283616228835e-06 1.00000012
16068024 68.4461921296296 0.00111524500937719 2.27033905444516e-06 1.00000012
16068025 68.4699537037037 0.00110500277423826 3.13360960432604e-06 1.00000000
16068028 68.4859606481482 0.00109836939185021 3.48140712082666e-06 1.00000000
16068029 68.502349537037 0.0010925160807825 2.27414889763195e-06 1.00000012
16068030 68.5272569444444 0.00108415049880907 2.43037855358205e-06 1.00000000
16068032 68.5526736111111 0.00107639476786667 2.36149096117834e-06 1.00000000
16068034 68.5782291666667 0.00107226263880204 2.5295049977311e-06 1.00000000
16068035 68.599837962963 0.00106191710405153 2.39743415130288e-06 1.00000000
16068036 68.6297222222222 0.00105210048965913 2.55991083851398e-06 1.00000000
16068037 68.6513425925926 0.00104058956122946 3.32739421760075e-06 1.00000000
16068038 68.6691319444444 0.0010404041009761 2.59666727915759e-06 1.00000000
16068039 68.6912731481481 0.00104133801608701 2.61509216398894e-06 1.00000000
16068040 68.7132407407407 0.0010352594575696 3.39262406572439e-06 1.00000000
16068042 68.7340162037037 0.00103115362524339 2.72018558732382e-06 1.00000000
16068043 68.7550462962963 0.00103843510440834 1.28423666378047e-05 1.00000000
16068055 68.9483912037037 0.00131980520383572 2.00962359448174e-06 1.00000000
16068056 68.9699768518519 0.00124287870615753 2.5643209893984e-06 1.00000000
16068057 68.9841898148148 0.00123866637801922 5.46706811607951e-06 1.00000000
16068058 68.99125 0.00122091110959791 2.15490837635553e-06 1.00000000
16069001 69.0131597222222 0.00119315503653656 2.13572557197473e-06 1.00000000
16069002 69.0361342592593 0.0011844646251579 2.24332689743324e-06 1.00000000
16069003 69.0579282407407 0.00116817688252785 2.63007270340788e-06 1.00000000
16069004 69.0814699074074 0.00116283051612863 6.86900800515358e-06 1.00000000
16069005 69.0909143518519 0.00111689220966272 4.37931521075411e-06 1.00000000
16069006 69.0980208333333 0.00111729801040073 2.55565586142971e-06 1.00000000
16069007 69.1196875 0.0011143251931174 2.60888368026006e-06 1.00000000
16069008 69.1410763888889 0.00111446139416449 2.56284334699048e-06 1.00000000
16069009 69.1627430555556 0.00111003299587608 2.60649704101228e-06 1.00000000
16069010 69.1842013888889 0.00110639741476945 3.23628093872837e-06 1.00000000
16069011 69.2037731481481 0.00109816708387366 2.72470179363576e-06 1.00000000
16069012 69.2254050925926 0.0010922468775729 2.70491149529199e-06 1.00000000
16069013 69.2470717592593 0.00108765735716943 7.14555968560955e-06 1.00000000
16069014 69.2531597222222 0.000965269812121735 3.94877774946877e-05 1.00000000
16069015 69.2615509259259 0.000957868322564733 3.95176409847054e-05 1.00000000
16069016 69.2623032407407 0.00108281466745936 3.47363114631064e-06 1.00000000
16069024 69.373912037037 0.00127646836128366 3.40055667631453e-06 1.00000000
16069025 69.3819328703704 0.00123987301990847 1.97067272468507e-06 1.00000000
16069026 69.4041435185185 0.00120688739540812 2.08952021168154e-06 1.00000000
16069027 69.4257523148148 0.00117580075085854 2.1437539755292e-06 1.00000000
16069028 69.4475 0.00115806573930194 2.22121768211254e-06 1.00000000
16069029 69.4692361111111 0.00114596433236765 3.77828339670825e-06 1.00000000
16069030 69.4827199074074 0.0011351853893492 2.76776791848688e-06 1.00000000
16069031 69.5024537037037 0.00111844821560097 3.66920432732081e-06 1.00000000
16069032 69.5130092592593 0.00111266865017428 4.71682585360758e-06 1.00000000
16069033 69.5209606481481 0.0011130725304475 3.28616076214478e-06 1.00000000
16069034 69.5343981481482 0.00110417240378898 2.36651016090279e-06 1.00000000
16069035 69.5563773148148 0.00110210359870449 2.40182088667332e-06 1.00000000
16069036 69.578599537037 0.00109281002677457 2.21567702418052e-06 1.00000000
16069037 69.6068518518519 0.00107608790792811 8.85801320026033e-06 1.00000000
16069038 69.6149305555556 0.00108175944740011 7.21186597620392e-06 1.00000000
16069039 69.6199652777778 0.00107764048233723 2.64925144367441e-06 1.00000000
16069040 69.640162037037 0.00107591347463582 6.97610484470867e-06 1.00000000
16069041 69.6436574074074 0.0010725050169291 2.5129248732067e-06 1.00000000
16069042 69.6658217592593 0.00106971805038095 2.51804019908017e-06 1.00000000
16069045 69.7399537037037 9.07456992737265e-05 2.33835306217795e-05 1.00000000
16069049 69.7549537037037 0.00126277486648319 3.38558645240926e-06 1.00000000
16069050 69.7623148148148 2.27221977584626e-06 3.2133456455452e-06 1.00000000
16069053 69.7671875 0.00120607365853053 2.37901222218972e-06 1.00000000
16069054 69.7823611111111 0.00116489686274095 2.12776568986409e-06 1.00000000
16069055 69.8032291666667 0.00115096714848875 3.87012636846336e-06 1.00000000
16069060 69.8327083333333 0.00112721401041915 1.72475514947471e-06 1.00000000
16069061 69.8701851851852 0.00111329195430082 6.11132964540716e-06 1.00000000
16069062 69.8764583333333 0.00110583214516962 2.20309400272522e-06 1.00000012
16069063 69.8999305555555 0.00110072409310509 3.06883090933318e-06 1.00000012
16069064 69.9148263888889 0.00109814689248038 2.36766123482513e-06 1.00000012
16069065 69.9369097222222 0.00108404734806738 2.39047817970519e-06 1.00000000
16069066 69.9580902777778 0.00107967622153366 2.50174243940448e-06 1.00000000
16069067 69.9803703703704 0.00107921971819428 3.53568361286971e-06 1.00000000
16070003 70.0367592592593 0.00125036351402649 1.64693990615971e-06 1.00000000
16070004 70.0633449074074 0.00119044372662737 1.94984046850623e-06 1.00000000
16070005 70.0850925925926 0.0011695974724332 2.0104919066761e-06 1.00000000
16070006 70.106724537037 0.0011562371915484 2.03904544810328e-06 1.00000000
16070008 70.1313657407407 0.00115116392988844 1.9492274237686e-06 1.00000000
16070009 70.1621064814815 0.00112841449494175 1.98022079669797e-06 1.00000000
16070010 70.1884490740741 0.00111010020271081 2.17026008513805e-06 1.00000000
16070011 70.2109606481481 0.837607074697519 0.00835249702757871 1.00000000
16070012 70.2146759259259 0.00110101117656131 2.25055369610877e-06 1.00000000
16070013 70.2363888888889 0.00109317343990594 2.29531339242949e-06 1.00000000
16070014 70.258287037037 0.00108256239613828 5.80768281629225e-06 1.00000000
16070015 70.2639467592593 0.00109100417218228 4.38699570992914e-06 1.00000000
16070035 70.9882060185185 0 5.3223904983931e-06 1.00000000
16070039 70.9987384259259 0.00124145923736866 1.94782064264817e-06 1.00000000
16071001 71.0191319444445 0.000587695299900995 1.65261705493997e-06 1.00000000
16071002 71.0339236111111 0.00066335074513911 2.0682055734272e-06 1.00000000
16071003 71.068287037037 0.00131985732878538 7.22108836296367e-06 1.00000000
16071004 71.0716087962963 0.0019546030318837 3.5482592536169e-05 1.00000000
16071005 71.0737037037037 0.00202474733354022 2.93612425688056e-05 1.00000000
16071006 71.0756944444444 0.00204993295158536 4.62254080203534e-06 1.00000000
16071007 71.0863194444444 0.00203363079750738 3.30163457080254e-06 1.00000000
16071010 71.1229166666667 0.00115817979242131 4.09653038481238e-06 1.00000000
16071014 71.1386342592593 0 7.98459322807433e-06 1.00000000
16071016 71.1455671296296 0.00115214012254866 2.60171607085674e-06 1.00000000
16071018 71.1668981481481 0.00114301345357695 4.36791332961267e-06 1.00000000
16071020 71.1765277777778 0.00113817416214511 1.45213271946676e-05 1.00000000
16071021 71.1777893518518 0.00112543030239896 2.41361720600734e-06 1.00000000
16071022 71.2003240740741 0.00111986631758061 2.4805803781076e-06 1.00000000
16071023 71.2225462962963 0.00111459684658043 3.71715070170387e-06 1.00000000
16071024 71.2375231481482 0.00110936315891004 2.6107698970362e-06 1.00000000
16071025 71.2591782407407 0.0010986734124529 2.64445725374517e-06 1.00000000
16071026 71.2811226851852 0.00109555342428279 2.75677783643821e-06 1.00000000
16071027 71.3009259259259 0.00109262690375216 3.12343724023886e-06 1.00000000
16071042 71.5155787037037 0.00129753905319487 1.8475604513826e-06 1.00000000
16071043 71.5372106481481 0.0012584597208987 5.01405663508312e-06 1.00000000
16071044 71.5414930555556 0.00124389965709406 2.94602554772539e-06 1.00000000
16071045 71.550787037037 0.00122130647641658 3.60803131259842e-06 1.00000000
16071046 71.5577777777778 0.00121269277357762 3.7376165787814e-06 1.00000000
16071050 71.6122453703704 0.00111578429411702 3.96673989793352e-06 1.00000000
16071051 71.6193402777778 0.00110775778322092 2.85747164592058e-06 1.00000000
16071052 71.6387384259259 0.00108775688909351 2.20755494925872e-06 1.00000000
16071053 71.6634259259259 0.00107445355872606 2.34877686186416e-06 1.00000012
16071054 71.6854976851852 0.00107318670326041 2.39433572213459e-06 1.00000000
16071055 71.7071643518519 0.00106775078773548 2.21794876567979e-06 1.00000000
16071056 71.7329050925926 0.0010611931398014 2.26598519990837e-06 1.00000000
16071058 71.7631134259259 0.0010576285307712 2.4901923574842e-06 1.00000000
16071059 71.7852893518519 0.00105419073751811 3.52880946309537e-06 1.00000000
16071060 71.8067939814815 0.00104151891399985 5.43308291314986e-06 1.00000000
16071061 71.8167592592593 0.00103485184420901 2.26745114722233e-06 1.00000000
16071062 71.8456828703704 0.00102180150049801 6.62916689036569e-06 1.00000000
16071076 71.940474537037 0.00121202237495094 4.15908864673315e-06 1.00000000
16071077 71.9459375 0.00118006288608911 2.13724165050868e-06 1.00000000
16071078 71.9664236111111 0.00115841756434965 2.12857984286771e-06 1.00000000
16071079 71.9878472222222 0.0011411918471423 2.07593190528826e-06 1.00000000
16072001 72.0112615740741 0.00113049819911006 2.19188315813527e-06 1.00000000
16072002 72.032962962963 0.00112545674438441 2.40871326638394e-06 1.00000000
16072003 72.0580439814815 0.00111200561235148 2.31929160428058e-06 1.00000000
16072006 72.0842361111111 0.00110241914350343 3.05707039281723e-06 1.00000000
16072007 72.0978819444444 0.00109176904693321 2.11855725182479e-06 1.00000012
16072008 72.1255324074074 0.00108596726411588 2.21378953418046e-06 1.00000000
16072009 72.1514467592593 0.00107620634843176 2.57954420100916e-06 1.00000000
16072010 72.1761689814815 0.00107756978409641 2.74683284976837e-06 1.00000000
16072012 72.1984953703704 0.00106847120605427 2.43102974037267e-06 1.00000000
16072013 72.2226157407407 0.00106140224322097 2.57201848572057e-06 1.00000000
16072014 72.2442592592593 0.00105755110739286 3.72949384017603e-06 1.00000000
16072021 72.3665509259259 0.00127112076725728 1.82864713334395e-06 1.00000000
16072022 72.3900347222222 0.00121548941139613 3.65139086758968e-06 1.00000000
16072023 72.3971064814815 0.0011829129870003 2.11400253978195e-06 1.00000000
16072024 72.4189467592593 0.00114614313843743 2.21436977346917e-06 1.00000000
16072025 72.4406134259259 0.00112588049812767 2.3038386106091e-06 1.00000000
16072026 72.4623726851852 0.00111407903243224 2.30039965379678e-06 1.00000000
16072027 72.495162037037 0.00108869372207371 5.20648507460319e-06 1.00000000
16072033 72.5346064814815 0.00106566343838277 2.59152902955674e-06 1.00000000
16072034 72.5546643518519 0.00105608985206711 2.59585646883495e-06 1.00000000
16072035 72.5764467592593 0.00104651292672056 2.62024672124323e-06 1.00000000
16072036 72.5982407407407 0.00104114773541279 3.35390041469749e-06 1.00000000
16072038 72.6175694444444 0.00103310914294061 2.51840583989483e-06 1.00000000
16072039 72.6406481481481 0.00102160212780277 2.65663374263451e-06 1.00000000
16072040 72.6620023148148 0.00102157139850484 2.41892516961268e-06 1.00000000
16072041 72.6885185185185 0.00101972353224892 2.68255204955255e-06 1.00000000
16072042 72.7110416666667 0.00101159990802024 2.70746466002857e-06 1.00000000
16072043 72.7334027777778 0.00100644391218099 6.21526699727496e-06 1.00000000
16072046 72.778912037037 0.00089228872824836 2.76844020177123e-05 1.00000000
16072047 72.7818055555556 0.000903519838022471 6.78964085289529e-06 1.00000000
16072056 72.8738657407407 0.00134681026541059 5.05074478610504e-06 1.00000000
16072057 72.8804166666667 0.00129441749624882 1.7434660045064e-06 1.00000000
16072058 72.9048611111111 0.00123252838411257 1.99905556959869e-06 1.00000000
16072059 72.9256018518519 0.0012104409445909 1.94695370708522e-06 1.00000000
16072060 72.9476273148148 0.00120098616606212 2.48130130298523e-06 1.00000000
16072061 72.9620833333333 0.00118447499851598 1.77158807257565e-06 1.00000000
16072062 72.9953587962963 0.00116454256048224 2.13979657600935e-06 1.00000000
16073001 73.0159953703704 0.00115908880989948 3.15519002713231e-06 1.00000000
16073004 73.0294328703704 5.50253757968891e-05 1.65321674695199e-05 1.00000000
16073007 73.0367476851852 4.93053215899654e-05 2.41537770141771e-05 1.00000000
16073010 73.0430439814815 0.00114554358626306 2.20483911320252e-06 1.00000000
16073011 73.0634490740741 0.0011399865491917 1.06344133410704e-05 1.00000000
16073012 73.0663194444444 0.00113339608760952 2.2273198886585e-06 1.00000000
16073013 73.0884606481481 0.00112426388853231 2.76998600961783e-06 1.00000000
16073015 73.1042361111111 1.19928460600271e-05 6.70398492482654e-06 1.00000000
16073017 73.1074421296296 0.00111924529448059 3.76349621678456e-06 1.00000000
16073018 73.1199074074074 0.00110921269818257 2.31758858059329e-06 1.00000000
16073019 73.1414814814815 0.00110504715238146 2.30822941045142e-06 1.00000000
16073020 73.1632407407407 0.00109612764475837 2.55947925126255e-06 1.00000000
16073021 73.1809143518519 0.00109515658489991 3.27195537182726e-06 1.00000000
16073029 73.2650578703704 0.00129866797885297 1.81083779234395e-06 1.00000000
16073030 73.2868981481482 0.00125408832305755 1.79396803437035e-06 1.00000000
16073031 73.3103703703704 0.00123422901761724 1.96542291903546e-06 1.00000000
16073032 73.3321180555556 0.00121305140662979 2.72693692646291e-06 1.00000000
16073033 73.3457175925926 0.00119597786089228 2.01962069517149e-06 1.00000000
16073034 73.367650462963 0.00118395067561375 5.73843564511469e-06 1.00000000
16073035 73.3754166666667 0.00117332393260717 2.99486203662916e-06 1.00000000
16073037 73.3894097222222 0.00116906199022753 2.03252243085706e-06 1.00000000
16073038 73.413275462963 0.00114697533383272 2.13379396147255e-06 1.00000000
16073039 73.4350347222222 0.00114191995180423 3.24927702363766e-06 1.00000000
16073040 73.4460648148148 0.00113446078499653 5.89734675536832e-06 1.00000000
16073045 73.4592824074074 0.00113465740603585 2.17339250488583e-06 1.00000000
16073046 73.4810416666667 0.00112306445453232 2.65519273687213e-06 1.00000000
16073047 73.5001157407408 0.00110704951422595 2.22379354487847e-06 1.00000000
16073048 73.5217476851852 0.00109234767913278 2.29987202971388e-06 1.00000000
16073049 73.5427777777778 0.00109175462250326 2.72188520794298e-06 1.00000000
16073050 73.5614583333333 0.00110595527446804 3.55320449638635e-06 1.00000000
16077019 77.3125810185185 0.00198396017688382 4.25821816807522e-06 1.00000000
16077020 77.3284722222222 0.00191426262608932 5.11910620925782e-06 1.00000000
16077021 77.3367476851852 0.00113398813915575 5.50059941791413e-06 1.00000000
16077027 77.4984722222222 0.00128784206029579 2.40531807259619e-06 1.00000000
16077028 77.5122916666667 0.00125493683695931 3.25869990724268e-06 1.00000000
16077029 77.5204050925926 0.00124711480785544 4.10799000962748e-06 1.00000000
16077030 77.5309490740741 0.00121972889253001 2.06410480562456e-06 1.00000000
16077031 77.5531597222222 0.00119471885864248 2.17467832483891e-06 1.00000000
16077032 77.5753125 0.00118401994823023 2.17381840922541e-06 1.00000000
16077033 77.5981481481481 0.00117623526090974 2.53080791295507e-06 1.00000000
16077034 77.6201388888889 0.00116458600988051 2.1787550084678e-06 1.00000000
16077036 77.665625 0.00113885123614176 4.66361196172527e-06 1.00000000
16077037 77.6726273148148 0.00113750629681873 4.58146163511332e-06 1.00000000
16077038 77.6788310185185 0.00113354609587032 2.36476111323643e-06 1.00000000
16077039 77.7011226851852 0.0011280374181631 2.39517581032001e-06 1.00000000
16077040 77.7228472222222 0.00112154103720238 2.37101933676742e-06 1.00000000
16077041 77.7502777777778 0.00110988169659767 2.62202505965119e-06 1.00000000
16077043 77.7760185185185 0.00110670016035836 3.00192432283029e-06 1.00000000
16077044 77.7921064814815 0.00109553164768841 2.5279047043448e-06 1.00000000
16077045 77.814537037037 0.00108645759204919 2.70439807276271e-06 1.00000000
16077046 77.8343518518518 0.00108768855232654 2.33355350908661e-06 1.00000000
16077047 77.8620717592593 0.00108206806943203 2.7316139632415e-06 1.00000000
16077054 77.9684953703704 0.00134670954592241 1.65485199700713e-06 1.00000012
16077055 77.9963657407407 0.00130215257103064 2.62885960837521e-06 1.00000012
16078001 78.0084143518519 0.00128018138185456 1.92814224234289e-06 1.00000000
16078002 78.0325231481481 0.00125887899943551 2.08517251005357e-06 1.00000000
16078003 78.0543634259259 0.00125268024622394 3.22996057371908e-06 1.00000000
16078004 78.0697453703704 0.0012372456249301 2.08120502031741e-06 1.00000000
16078005 78.0961805555556 0.00121779561534051 2.1774760783221e-06 1.00000000
16078006 78.1180787037037 0.0012026061956172 2.24236677787262e-06 1.00000000
16078007 78.140150462963 0.0012033152712053 2.18212222791097e-06 1.00000000
16078008 78.1641666666667 0.0011924308086909 3.42415909677451e-06 1.00000000
16078009 78.1745601851852 0.00118638200433701 2.31947163559833e-06 1.00000000
16078010 78.1967824074074 0.00117889115751314 4.45249173844467e-06 1.00000000
16078011 78.2253356481481 0.00116587178972171 2.40309208824472e-06 1.00000000
16078012 78.2473958333333 0.00115813306954009 2.34383776071632e-06 1.00000000
16078013 78.27125 0.0011467010149243 2.13357328870436e-06 1.00000012
16078014 78.3001967592593 0.0011432079674404 3.31526960941427e-06 1.00000000
16078024 78.4903009259259 0.00152418303448181 4.84049376592569e-06 1.00000000
16078025 78.4957407407407 0.00149383056807008 5.01400672401818e-06 1.00000000
16078027 78.5023611111111 0.00145427822906606 2.21578021927925e-06 1.00000000
16078028 78.5210532407407 0.00141587338945976 1.96398390720554e-06 1.00000000
16078029 78.5432175925926 0.0013854544175105 1.73870580785254e-06 1.00000000
16078030 78.5721296296296 0.00136705822116546 2.86493109178576e-06 1.00000000
16078031 78.5840856481481 0.00134618716091284 1.85092961725711e-06 1.00000000
16078032 78.6130208333333 0.0013318850754175 6.47202628254724e-06 1.00000000
16078033 78.6198148148148 0.00132015157929785 2.19427314583415e-06 1.00000000
16078034 78.6427546296296 0.0013053981010815 2.19467659448046e-06 1.00000000
16078035 78.6648148148148 0.00129321555525049 2.20187878998502e-06 1.00000000
16078036 78.6878009259259 0.00128701523871446 2.26072342042639e-06 1.00000000
16078037 78.7097685185185 0.00127861189552552 2.26375789118975e-06 1.00000000
16078038 78.7319675925926 0.00127447973942503 3.37882043820754e-06 1.00000000
16078039 78.7490162037037 0.00126127833297738 2.36680810347661e-06 1.00000000
16078040 78.7704861111111 0.00125697746686222 2.28644156498538e-06 1.00000000
16078041 78.7941550925926 0.00124463489489542 2.36845635998675e-06 1.00000000
16078042 78.8160300925926 0.00123840035657556 2.35425017692757e-06 1.00000000
16078055 78.9542592592593 0.00146531369068312 1.80642064505461e-06 1.00000000
16078056 78.9807175925926 0.0014011930632367 1.98948864766261e-06 1.00000000
16079001 79.0039814814815 0.00136676607057253 2.02965956531736e-06 1.00000000
16079002 79.0265625 0.00134979554334561 2.64651401090731e-06 1.00000000
16079010 79.161099537037 0.00141484486771709 3.1362366897336e-06 1.00000000
16079011 79.1699768518518 0.00139269125103589 2.54460508397305e-06 1.00000000
16079013 79.1864236111111 0.0013664852346173 2.11124967640974e-06 1.00000000
16079014 79.2081828703704 0.00134513873823187 2.11504104972616e-06 1.00000000
16079015 79.2302314814815 0.00132125894618039 2.14990744048161e-06 1.00000000
16079016 79.252650462963 0.00129915950237313 2.13861090369188e-06 1.00000000
16079017 79.277025462963 0.00127821217457394 1.68541291381974e-06 1.00000000
16079018 79.321724537037 0.00124745857048774 1.88420536994154e-06 1.00000000
16079019 79.3553935185185 0.00124119010180107 2.00285738220619e-06 1.00000000
16079020 79.3863310185185 0.00124131220982807 4.06902222854137e-06 1.00000000
16079021 79.3991435185185 0.00123953953045193 5.26679476929802e-06 1.00000000
16079022 79.4054166666667 0.00122968865948406 1.97812321421185e-06 1.00000000
16079023 79.4372916666667 0.00122137389701813 2.02186998902322e-06 1.00000000
16079024 79.4704976851852 0.00121076552344531 3.38927030842497e-06 1.00000000
16079026 79.4848263888889 0.00121518963003368 1.44575586910255e-05 1.00000000
16079027 79.486099537037 0.00120936606024538 3.12963812500639e-06 1.00000000
16079028 79.5062847222222 0.00120353756984988 5.23860680412832e-06 1.00000012
16079029 79.5121180555555 0.00119712968594002 4.88312711442859e-06 1.00000000
16079030 79.5227083333333 0.00119457773337523 5.09079250848086e-06 1.00000000
16079031 79.5289814814815 0.00118324617473287 2.21205027662055e-06 1.00000000
16079032 79.5596296296296 0.00117837185861527 2.09748012315534e-06 1.00000000
16079033 79.5934375 0.00117125836051031 3.16896008896736e-06 1.00000000
16079034 79.6127430555556 0.00116424766117241 2.39015458557245e-06 1.00000000
16079035 79.6401851851852 0.00116651849324411 5.11745544357499e-06 1.00000000
16079036 79.6483912037037 0.00115722471293511 2.72027349301354e-06 1.00000000
16079037 79.6700578703704 0.00112913175542148 1.70934701558899e-05 1.00000000
16079045 79.7554861111111 0.00140695366068044 2.92021518842669e-06 1.00000000
16079046 79.7661689814815 0.00137437201904206 2.52576995637748e-06 1.00000000
16079047 79.78125 0.00134253427815939 2.0824641786376e-06 1.00000000
16079048 79.8030324074074 0.00131769208379798 2.21962243791506e-06 1.00000000
16079049 79.824212962963 0.00130880155874787 5.00696462408502e-06 1.00000000
16079051 79.8349768518518 0.00130302386638074 1.15350362849692e-05 1.00000000
16079052 79.8369328703704 0.00129304546006472 2.15351248729163e-06 1.00000000
16079054 79.8617013888889 0.00127934935653517 2.29434929387291e-06 1.00000000
16079057 79.8938773148148 0.00126125097401162 5.3214727789976e-06 1.00000000
16079058 79.8996875 0.00125895560727173 6.51086551765102e-06 1.00000000
16079059 79.9031944444445 0.00124971426478618 2.22406087343185e-06 1.00000000
16079060 79.9286226851852 0.00123905425982551 2.27677854443432e-06 1.00000000
16079061 79.9519097222222 0.00123290576683061 2.39881116154916e-06 1.00000000
16079062 79.9733101851852 0.00122609882219735 2.63489932783878e-06 1.00000000
16079063 79.9921759259259 0.00121942688175863 3.17198720964451e-06 1.00000000
16080001 80.0058680555556 0.00121264041860306 5.571900936164e-06 1.00000000
16080002 80.010787037037 0.0012118990412544 3.32200298538821e-06 1.00000000
16080003 80.0231365740741 0.00120478216588998 3.2319976244875e-06 1.00000000
16080004 80.0362152777778 0.0011988415650008 2.46479123198945e-06 1.00000000
16080005 80.0584953703704 0.00119718984231377 2.84634256087199e-06 1.00000000
16080006 80.075787037037 0.00119290270516093 3.94164710770691e-06 1.00000000
16080012 80.133275462963 0.00141330707664097 3.59349428589886e-06 1.00000000
16080013 80.1399768518519 0.0013788211616491 2.30560108726862e-06 1.00000000
16080014 80.1565972222222 0.00134930548559685 2.05225983244045e-06 1.00000000
16080015 80.1792824074074 0.0013247315319669 2.15178585131686e-06 1.00000000
16080016 80.2011226851852 0.00130122936069349 2.5549851872821e-06 1.00000000
16080020 80.3021180555556 0.00143943288427336 1.6379145894639e-06 1.00000000
16080021 80.3320486111111 0.0013840967700962 1.70292072142436e-06 1.00000000
16080022 80.3640509259259 0.00135444540010016 2.27733899189454e-06 1.00000000
16080023 80.3832407407407 0.00133884146738791 2.03260685862278e-06 1.00000000
16080024 80.4079976851852 0.00131835127645592 1.97768990315974e-06 1.00000000
16080025 80.434375 0.00129615625104226 4.22545234232341e-06 1.00000000
16080026 80.4452083333333 0.00128881349402626 2.14358382104477e-06 1.00000000
16080027 80.4693981481481 0.00127653285896037 2.28122280372009e-06 1.00000000
16080028 80.4922337962963 0.0012631931275378 2.24154833528737e-06 1.00000000
16080029 80.5165509259259 0.001248461962431 2.19791044389875e-06 1.00000000
16080030 80.541412037037 0.00124284281083281 4.74986179283159e-06 1.00000000
16080031 80.5501157407407 0.00123591135196888 2.27245574058208e-06 1.00000000
16080032 80.5747800925926 0.00122599727895911 2.16613306850806e-06 1.00000000
16080033 80.6019444444444 0.00121819578159396 2.21810212634536e-06 1.00000000
16080043 80.7475694444444 0.00146368344645063 2.48486066302058e-06 1.00000000
16080044 80.7587152777778 0.00142040980727966 2.2240636012341e-06 1.00000000
16080045 80.775474537037 0.00138889878611248 2.12232199639707e-06 1.00000012
16080046 80.7978935185185 0.00136017803510684 2.11514382517725e-06 1.00000000
16080047 80.8195138888889 0.00134207954153962 2.16144797302479e-06 1.00000000
16080048 80.8414467592593 0.00132354087274495 2.17019757158564e-06 1.00000000
16080049 80.8633564814815 0.00131214833754406 2.63816574016183e-06 1.00000000
16080050 80.8837152777778 0.00129492633511658 2.08505870718808e-06 1.00000000
16080051 80.9089814814815 0.0012764222213742 2.06630611416724e-06 1.00000000
16080052 80.9353356481482 0.00127030268371907 2.21830397660011e-06 1.00000000
16080053 80.9591203703704 0.00125568860020377 2.32665176154612e-06 1.00000000
16080054 80.9812847222222 0.0012562797810654 3.10358624986308e-06 1.00000000
16080055 80.9988657407407 0.00124152088977804 2.3846059875916e-06 1.00000000
16081001 81.0212731481482 0.00123230653675059 2.33693016751236e-06 1.00000000
16081002 81.0451041666667 0.00122212377822832 2.63679170009757e-06 1.00000000
16081003 81.0643171296296 0.00122280375266362 3.04087379857106e-06 1.00000000
16081012 81.1566666666667 0.00140316067868216 2.01607887120988e-06 1.00000000
16081013 81.177337962963 0.00137221653602648 2.4347492861219e-06 1.00000000
16081015 81.1964583333333 0.0013461875259602 2.06470708668925e-06 1.00000000
16081016 81.2190740740741 0.00132138740949972 2.11795480959006e-06 1.00000000
16081017 81.241875 0.00128768420989799 2.19776560063597e-06 1.00000000
16081018 81.2650694444444 0.00127863092907643 2.94722988306464e-06 1.00000000
16081019 81.2797569444445 0.00125512342859113 2.40361783332493e-06 1.00000000
16081020 81.3002777777778 0.00124108035664937 2.74683423969959e-06 1.00000000
16081021 81.3213194444444 0.00122638627708442 3.13621355603266e-06 1.00000000
16081022 81.3349537037037 0.00121750399507619 2.21460936702901e-06 1.00000000
16081023 81.3618171296296 0.00120839339765568 3.82857641916296e-06 1.00000000
16081024 81.3775694444444 0.00120068102177201 5.04692893274541e-06 1.00000000
16081025 81.3835185185185 0.00119862699113474 3.75951491416303e-06 1.00000000
16081036 81.4623148148148 0.00144899754313807 1.84658372151873e-06 1.00000000
16081037 81.4871296296296 0.00140633410174027 2.9391138491848e-06 1.00000000
16081048 81.7198958333333 0.00140914714438744 2.68079332324136e-06 1.00000000
16081049 81.7318287037037 0.00138459971319221 2.0566857258925e-06 1.00000000
16081050 81.7538078703704 0.00135837355126149 2.01852994270704e-06 1.00000000
16081051 81.7770949074074 0.00132810804044166 1.62858428719693e-05 1.00000000
16081052 81.7804513888889 0.00133363644275196 2.14770912097763e-06 1.00000000
16081053 81.8018865740741 0.00131645846469279 2.17578714991721e-06 1.00000000
16081054 81.8239699074074 0.00129987044514662 2.87704214669398e-06 1.00000000
16081055 81.8399884259259 0.00128552038428149 2.20903310494053e-06 1.00000000
16081056 81.8627430555556 0.00127095761902245 2.2777911974555e-06 1.00000000
16081057 81.8848726851852 0.00125730288707937 2.17620895927014e-06 1.00000000
16081058 81.909375 0.00124387775169507 2.0783590347482e-06 1.00000000
16081059 81.9372337962963 0.00123839600279819 2.33864000077617e-06 1.00000000
16081060 81.963912037037 0.00122158110964684 2.39425889090165e-06 1.00000000
16081061 81.9871643518518 0.00121480473811327 2.46130779105767e-06 1.00000000
16082001 82.0090625 0.00120606860738353 2.41600020691282e-06 1.00000000
16082002 82.0324189814815 0.00120256756404951 3.6304456766476e-06 1.00000000
16082011 82.1034606481482 0.00147174917633967 2.41380704024114e-06 1.00000000
16082012 82.1198032407407 0.00142281284856411 1.68978456628963e-06 1.00000000
16082013 82.1485069444444 0.00138969270364863 1.94019324270283e-06 1.00000000
16082014 82.172962962963 0.00139081888003186 3.90963152252937e-05 1.00000000
16082017 82.1808449074074 0.00135287496309169 6.29090141663697e-06 1.00000000
16082018 82.1838541666667 0.00135573440540597 2.09960137443469e-06 1.00000000
16082019 82.2064699074074 0.00133431894450759 2.15082761426398e-06 1.00000000
16082022 82.2534953703704 0.00130096215373382 2.21929274904302e-06 1.00000000
16082023 82.276400462963 0.00128998610332288 1.97369174310366e-06 1.00000000
16082024 82.3076041666667 0.00127946534553758 2.62129295015701e-06 1.00000000
16082025 82.3281365740741 0.00126596243839735 2.12211853379315e-06 1.00000000
16082026 82.359849537037 0.00124723011151462 2.19363469666231e-06 1.00000000
16082027 82.3911689814815 0.00123372177055874 3.06444312799405e-06 1.00000000
16082028 82.4057638888889 0.00122465645687528 2.51929373473918e-06 1.00000000
16082029 82.4275115740741 0.00121357134390999 4.68545434305435e-06 1.00000000
16082039 82.621412037037 0.00143974612274333 2.13008426773887e-06 1.00000000
16082040 82.6397106481482 0.00140327211118078 2.12281556874894e-06 1.00000000
16082041 82.6611111111111 0.0013656810333494 2.11806104179353e-06 1.00000000
16082042 82.6828356481482 0.00134121026178116 2.18219322206824e-06 1.00000000
16082043 82.7045717592593 0.00133743764367119 4.44269989016218e-06 1.00000000
16082044 82.71125 0.0013230047353612 3.34081405148702e-06 1.00000000
16082045 82.7234606481482 0.00131491140655404 4.23383710769419e-06 1.00000000
16082046 82.7298032407407 0.00131209507262808 2.46740402868477e-06 1.00000000
16082047 82.749375 0.00129623363223968 2.27147471052857e-06 1.00000000
16082048 82.7712152777778 0.00128518800064331 2.36294893993819e-06 1.00000000
16082049 82.7919907407407 0.00126867889995304 2.30875171897236e-06 1.00000000
16082050 82.8135185185185 0.00125974220926337 2.36137312982307e-06 1.00000000
16082051 82.8350231481482 0.0012497471838068 2.39912182242064e-06 1.00000000
16082052 82.8565162037037 0.00124518676875561 2.82348739362152e-06 1.00000000
16082053 82.8749189814815 0.00123039963074131 2.44196674284319e-06 1.00000000
16082054 82.8966087962963 0.00122452535093651 2.64149817455863e-06 1.00000000
16082055 82.9166435185185 0.00121687509585363 2.48550032122598e-06 1.00000012
16082056 82.9383796296296 0.0012177958596946 2.53216607596807e-06 1.00000000
16082057 82.9598032407407 0.00120553118166094 3.11486016377753e-06 1.00000000
16083003 83.0430208333333 0.00152825410954319 6.91207524225414e-06 1.00000000
16083004 83.0469328703704 0.00144951860118064 2.03101709130986e-06 1.00000012
16083005 83.0689467592593 0.00141104233089362 2.34872172855254e-06 1.00000000
16083006 83.0842939814815 0.00138680365558902 2.09123399154573e-06 1.00000000
16083007 83.1060069444444 0.00136622638993525 2.08100318000607e-06 1.00000000
16083008 83.1292476851852 0.00134366511124742 2.16033619262024e-06 1.00000000
16083009 83.1507291666667 0.00132932327937869 2.80850158729693e-06 1.00000000
16083010 83.1695949074074 0.00130984708546189 2.23142893592266e-06 1.00000000
16083011 83.1912731481481 0.0012932223174779 2.24184662402117e-06 1.00000000
16083012 83.2131481481482 0.00128423148534009 2.2721794411708e-06 1.00000000
16083013 83.2354166666667 0.00127556154570549 2.33650961568821e-06 1.00000000
16083014 83.2569675925926 0.00126524588795926 2.26030738456601e-06 1.00000000
16083015 83.2808564814815 0.00126383982567711 4.02771087319407e-06 1.00000000
16083016 83.2913194444444 0.00124666019515046 2.3140725720382e-06 1.00000000
16083017 83.3146527777778 0.00124577158135291 3.71860018238463e-06 1.00000000
16083018 83.3250347222222 0.00123486853194896 2.45863555683229e-06 1.00000000
16083019 83.3465972222222 0.0012303561123792 6.79030807958494e-06 1.00000000
16083041 83.4663194444444 0.00149752847699917 2.1287718497271e-06 1.00000000
16083042 83.4889236111111 0.00143498696929956 2.02724020608439e-06 1.00000000
16083043 83.5106365740741 0.00140205031913437 2.40194957691305e-06 1.00000000
16083044 83.5258217592593 0.00138424809076693 5.11047683934717e-06 1.00000012
16083045 83.5339467592593 0.00138109678645428 2.72061747864405e-06 1.00000000
16083046 83.5475115740741 0.00135973932412907 2.10780539131181e-06 1.00000000
16083048 83.5760416666667 0.00134234869059937 4.46434828151427e-06 1.00000000
16083049 83.5851273148148 0.00133340603548145 3.35627868952582e-06 1.00000000
16083050 83.5954050925926 0.00132715041023853 2.9029529590409e-06 1.00000000
16083052 83.6120717592593 0.0013150421872585 2.23430331369859e-06 1.00000000
16083053 83.6337615740741 0.00129941355933088 2.2226295372931e-06 1.00000000
16083054 83.655474537037 0.00129525469710405 3.17873723939795e-06 1.00000000
16083055 83.6730439814815 0.00125973700769421 2.17010041078603e-06 1.00000000
16083056 83.6976736111111 0.00125273321152164 4.09443033639268e-06 1.00000000
16083057 83.7101851851852 0.00124433107529336 2.35883465619117e-06 1.00000000
16083058 83.731875 0.00123539889464406 2.36404745987033e-06 1.00000000
16083059 83.754224537037 0.00123425533664632 2.41745509295988e-06 1.00000000
16083060 83.7759837962963 0.00122781182557709 2.72049174612865e-06 1.00000000
16084003 84.0044212962963 0.00132511115194201 1.3406384896016e-05 1.00000000
16084004 84.0061689814815 0.00135605479094769 2.07177823460961e-06 1.00000000
16084005 84.0299884259259 0.00132894902306277 1.39752857845397e-05 1.00000000
16084006 84.0311574074074 0.00133635824724926 2.31762610332894e-06 1.00000000
16084007 84.0559375 0.00131099508798928 2.23268476486665e-06 1.00000000
16084008 84.0781944444444 0.00130371067077301 2.18520344753885e-06 1.00000000
16084009 84.102037037037 0.00128814800404061 2.32872063150791e-06 1.00000000
16084010 84.1238541666667 0.00127994185959912 2.91359781232629e-06 1.00000000
16084011 84.1412037037037 0.00127407796726073 3.30112295435436e-06 1.00000000
16084012 84.1525 0.00126664273097271 2.45257311878592e-06 1.00000000
16084013 84.1769097222222 0.00125335437140109 2.42033260231299e-06 1.00000000
16084014 84.1984722222222 0.00124610551438759 2.15999437634606e-06 1.00000000
16084015 84.2259490740741 0.00123492098495135 2.37438016451938e-06 1.00000000
16084016 84.2488657407407 0.00122419600747348 1.54789144029314e-05 1.00000000
16084017 84.2500694444444 0.00123855385114517 3.68405825983911e-05 1.00000000
16084018 84.2529282407407 0.00122613195181175 2.686424766424e-06 1.00000000
16085005 85.0508449074074 0.00152368467475925 4.77557338914156e-06 1.00000000
16085006 85.0545023148148 0.0014820277275973 1.88090739068238e-06 1.00000000
16085007 85.0761921296296 0.00143357551778108 6.33854888873073e-06 1.00000000
16085008 85.0851388888889 0.00143310156503551 4.57355486487745e-06 1.00000012
16085009 85.0900578703704 0.00140485879513195 1.84475552145165e-06 1.00000000
16085011 85.1213888888889 0.00137088997479696 2.37106751729916e-06 1.00000000
16085012 85.1419907407407 0.00135325957687349 2.95038051192471e-06 1.00000000
16085013 85.1530671296296 0.00134016893648875 2.52168989352525e-06 1.00000000
16085014 85.1725 0.00131857089264814 3.22477901273746e-06 1.00000000
16085023 85.2619907407407 0.00144386762190958 1.84748690966569e-06 1.00000000
16085024 85.2845023148148 0.00139250456666206 1.96494939867417e-06 1.00000000
16085025 85.3102893518518 0.00135773710078462 2.08384949955093e-06 1.00000000
16085026 85.3322453703704 0.00132975055626525 2.10657151357256e-06 1.00000000
16085027 85.354375 0.00132170875699533 2.48033399819661e-06 1.00000000
16085028 85.3742476851852 0.00130040893345275 2.15564608742475e-06 1.00000000
16085029 85.3967592592593 0.00128771230367115 2.21847580376902e-06 1.00000000
16085030 85.4189351851852 0.00127762154022763 2.88619355448561e-06 1.00000000
16085031 85.4328587962963 0.00127346328257701 2.16150775982002e-06 1.00000000
16085032 85.4546759259259 0.00125801365258122 2.27738269953529e-06 1.00000000
16085033 85.4768981481482 0.00125278432041892 2.63214817649553e-06 1.00000000
16085034 85.4939699074074 0.00124149761742408 1.02295633487847e-05 1.00000000
16085035 85.4992592592593 0.00123752161297736 2.37906673614018e-06 1.00000000
16085036 85.5209259259259 0.00122735141628625 2.01608563050078e-06 1.00000000
16085037 85.553900462963 0.00121536522531211 2.45452523042795e-06 1.00000000
16085051 85.6834259259259 0.00141699861664284 1.74788374781934e-06 1.00000000
16085052 85.7092013888889 0.0013809675474053 6.18615696948564e-06 1.00000000
16085053 85.7120833333333 0.0013673332389303 8.89786028053061e-06 1.00000000
16085054 85.7141319444444 0.00136638325932055 2.02519483635483e-06 1.00000000
16085055 85.7362962962963 0.00134753319296823 2.3294926123892e-06 1.00000000
16085056 85.7546180555556 0.00132838388595764 2.15276076665362e-06 1.00000000
16085057 85.7764351851852 0.00130834352680878 2.16651999312677e-06 1.00000000
16085058 85.8017592592593 0.00129266933409411 3.33640193589258e-06 1.00000000
16085061 85.8581134259259 0.00144116020547363 1.73821978061931e-06 1.00000000
16085062 85.8828125 0.00138002943047717 1.91593667763268e-06 1.00000000
16085065 85.9095023148148 0.00134939768740797 2.97015341569864e-06 1.00000000
16085067 85.9207523148148 0.00134363931720054 5.57917736975523e-06 1.00000000
16085069 85.9256018518519 0.0013358958424842 5.63703165909596e-06 1.00000000
16085070 85.9292939814815 0.00133306343878515 3.84698920017861e-06 1.00000000
16085071 85.9443402777778 0.00133131471198228 5.34008245357357e-06 1.00000000
16085072 85.9482175925926 0.00131342913919104 2.0077182389728e-06 1.00000000
16085073 85.9722685185185 0.00129544754320697 3.12405593323673e-06 1.00000000
16085074 85.9876736111111 0.00127946732678958 2.1687371964894e-06 1.00000000
16086001 86.0101157407407 0.00126361116126395 2.1754638200574e-06 1.00000000
16086002 86.0327314814815 0.00125238697437968 2.24045806416475e-06 1.00000000
16086003 86.0542939814815 0.0012447746126233 2.25762587208572e-06 1.00000000
16086004 86.0763773148148 0.001233618813929 2.24976458750068e-06 1.00000000
16086005 86.0994560185185 0.00123291995358266 3.79240913974103e-06 1.00000000
16086006 86.1127546296296 0.00121584876608645 2.36697465526847e-06 1.00000000
16086007 86.1345601851852 0.00120871673157992 2.42636020491912e-06 1.00000000
16086008 86.15625 0.00120371227982536 2.76273462600895e-06 1.00000000
16086009 86.1796759259259 0.00022128811768691 4.10640594331575e-05 1.00000000
16086010 86.1805671296296 0.000860731163558705 7.85354650559377e-05 1.00000000
16086024 86.23875 0.00145505236437568 1.8089037781688e-06 1.00000000
16086025 86.2619328703704 0.00138322154715433 1.72325178264403e-06 1.00000000
16086026 86.2880671296296 0.0013507396157065 1.97568246808667e-06 1.00000000
16086027 86.3108101851852 0.00133314947019738 2.07353833234265e-06 1.00000000
16086028 86.3333796296296 0.00130829768343786 2.11943315802983e-06 1.00000000
16086029 86.3596180555556 0.00127898967333311 1.01823223969389e-05 1.00000000
16086030 86.3613541666667 0.00128571632199082 2.09706745578701e-06 1.00000000
16086031 86.384375 0.00127239176268655 2.16299838060494e-06 1.00000000
16086032 86.4063888888889 0.00125816916219799 2.17710922549852e-06 1.00000000
16086033 86.428900462963 0.00124365989102934 2.2092757765073e-06 1.00000000
16086034 86.4521643518519 0.00123794909972648 2.38127559711664e-06 1.00000000
16086035 86.4721412037037 0.00122993442950031 3.25311895840434e-06 1.00000000
16086036 86.4859375 0.00122373207920655 2.34841645796345e-06 1.00000000
16086037 86.5077546296296 0.00121594786743708 2.814790936475e-06 1.00000000
16086038 86.5235532407407 0.00121177754854876 2.87041818929011e-06 1.00000000
16086039 86.5380208333333 0.00120658233006532 2.39564466845111e-06 1.00000000
16086040 86.5599537037037 0.00120180836993441 2.29680113052552e-06 1.00000000
16086041 86.5840509259259 0.00118910874691768 2.29667409723038e-06 1.00000000
16086042 86.6088425925926 0.0011792535618203 3.61946505527289e-06 1.00000000
16086050 86.9105208333333 0.00138650970545971 2.05092173883631e-06 1.00000000
16086051 86.9321296296296 0.00132574700130535 2.15612871608208e-06 1.00000000
16086052 86.9535995370371 0.00130744363249369 3.32376897100553e-06 1.00000000
16086053 86.9650694444444 0.00129325923269184 2.13901430439301e-06 1.00000000
16086054 86.9868055555556 0.00128105595422359 2.14307881979538e-06 1.00000000
16087001 87.009212962963 0.0012651873597956 2.00615523493618e-06 1.00000000
16087002 87.0399768518518 0.00124944356789499 2.28914080855645e-06 1.00000000
16087003 87.0614814814815 0.0012385357886699 3.13753568142533e-06 1.00000000
16087004 87.0741666666667 0.00123149485025242 2.30820327754615e-06 1.00000000
16087005 87.0957407407407 0.00122611035728458 2.34705309811957e-06 1.00000000
16087006 87.1181365740741 0.00121305007858378 2.39276160326633e-06 1.00000000
16087007 87.1391898148148 0.00120858885656632 2.74350068468021e-06 1.00000000
16087008 87.1603356481481 0.00119817085108047 2.39453487898615e-06 1.00000000
16087009 87.182974537037 0.001186045925724 2.37476134606168e-06 1.00000000
16087010 87.2063194444444 0.00118072820551063 2.64053525382982e-06 1.00000000
16087011 87.2252546296296 0.00118652174999629 3.83418930048701e-06 1.00000000
16087018 87.2917939814815 0.00152333588262761 6.78810390249837e-06 1.00000000
16087019 87.2953935185185 0.00142463009566226 1.88674857274475e-06 1.00000000
16087020 87.3177314814815 0.00138254732023148 2.94329389804954e-06 1.00000000
16087021 87.3277314814815 0.00135203926271709 2.03331706845636e-06 1.00000000
16087022 87.3495833333333 0.00132480999162123 2.08139768403758e-06 1.00000000
16087023 87.3713425925926 0.00130409989883575 2.13008230001707e-06 1.00000000
16087024 87.3930092592593 0.00128705719754774 2.46320219891555e-06 1.00000000
16087025 87.4127430555556 0.00126822151248493 2.19574169372835e-06 1.00000000
16087026 87.4343402777778 0.0012578281255459 2.25139292760245e-06 1.00000000
16087027 87.4560185185185 0.00125298513055786 2.25889133616589e-06 1.00000000
16087028 87.4784375 0.00123582042435558 2.50520939897777e-06 1.00000000
16087029 87.4975694444444 0.00122426346559881 2.33481320915007e-06 1.00000000
16087030 87.5192708333333 0.00121543500547188 2.42526293942774e-06 1.00000000
16087031 87.5422685185185 0.00120629025034095 2.39404757262936e-06 1.00000000
16087032 87.5639351851852 0.00119594860209315 2.26446911058047e-06 1.00000000
16087033 87.5894212962963 0.00118706257065393 2.10924353480508e-06 1.00000000
16087041 87.6864467592593 0.00142980568694117 1.94970298738803e-06 1.00000000
16087042 87.7082986111111 0.00136471331905268 1.96364573890733e-06 1.00000012
16087043 87.7299537037037 0.00133652142703627 2.08012320688683e-06 1.00000000
16087044 87.7521527777778 0.00131651403007567 2.74858847918202e-06 1.00000000
16087045 87.7679282407407 0.00129273159190793 2.12422227301872e-06 1.00000000
16087046 87.7913194444445 0.0012767143182897 2.05897878045221e-06 1.00000000
16087047 87.8156828703704 0.00125972088095629 4.16487873366912e-06 1.00000000
16087048 87.8261342592593 0.00124536059870647 2.27587717897401e-06 1.00000000
16087049 87.847662037037 0.0012349137562797 2.26585157369404e-06 1.00000000
16087050 87.870162037037 0.00121984498291234 2.36538716336065e-06 1.00000000
16087051 87.8916782407407 0.00121362921524991 2.32233019475355e-06 1.00000000
16087052 87.9145023148148 0.00120514397448526 2.56423060867597e-06 1.00000000
16087053 87.9393055555556 0.00119219731647852 2.48551239315397e-06 1.00000000
16087054 87.9609606481482 0.00118779583237416 2.56407011469349e-06 1.00000000
16087055 87.9818171296296 0.00117726457334599 2.50878611228431e-06 1.00000000
16088001 88.003587962963 0.00117397813920829 3.34456708112952e-06 1.00000000
16088013 88.3799305555556 0.00131882365688834 2.46978734907979e-06 1.00000000
16088014 88.3950694444444 0.00124888015207062 2.04760680394877e-05 1.00000000
16088015 88.3965740740741 0.00124630942062118 2.15388833027128e-05 1.00000000
16088016 88.3977314814815 0.00128603275030227 2.17193537902262e-06 1.00000000
16088017 88.4197916666667 0.00126611430006149 2.2132318701756e-06 1.00000000
16088018 88.4418402777778 0.00125382764258536 2.2825936715596e-06 1.00000000
16088019 88.4633912037037 0.00123592023185267 2.34037619727377e-06 1.00000000
16088020 88.4852083333333 0.00122065371468824 2.81901822009478e-06 1.00000000
16088021 88.5044328703704 0.0011971062099724 2.44470892543183e-06 1.00000000
16088022 88.5260532407407 0.00119296940393177 2.47555479131801e-06 1.00000000
16088023 88.5485416666667 0.00117495018171165 2.57189483473855e-06 1.00000000
16088024 88.570150462963 0.00115550810007328 2.01775234235188e-05 1.00000000
16088025 88.5721527777778 0.00116880775466439 2.56791417354527e-06 1.00000000
16088026 88.5938657407407 0.00115757546469317 2.70596292411577e-06 1.00000000
16088027 88.6144907407407 0.00114586670106737 4.30401078498989e-06 1.00000000
16088028 88.625775462963 0.00114506702610716 2.70136192228751e-06 1.00000000
16088029 88.6472685185185 0.00113557593750319 2.74842623887757e-06 1.00000000
16088030 88.6690740740741 0.0011288100456423 2.78289442552102e-06 1.00000000
16088031 88.6906944444444 0.00112761425751586 3.08599444003244e-06 1.00000000
16088039 88.7539583333333 0.00146261620483594 2.04969144488892e-06 1.00000000
16088040 88.7814236111111 0.00134870595578628 2.13446021453301e-06 1.00000000
16088041 88.802962962963 0.00132030868062837 2.20491974088868e-06 1.00000000
16088042 88.8244791666667 0.00129340084173464 2.26146384119732e-06 1.00000000
16088043 88.8459259259259 0.00127746785308344 2.29718432010167e-06 1.00000000
16088044 88.8673379629629 0.00126509932638719 4.61472598822606e-06 1.00000000
16088045 88.8791087962963 0.00125315159800644 2.34140235157063e-06 1.00000000
16088046 88.9006828703704 0.0012374601460271 2.44043321692604e-06 1.00000000
16088047 88.9221412037037 0.00122100993557461 2.42181862540474e-06 1.00000000
16088048 88.9438078703704 0.0012181402161753 2.4827038958616e-06 1.00000000
16088049 88.9654398148148 0.00119969170897544 4.46209416675519e-06 1.00000000
16088050 88.9773148148148 0.00120015983623759 2.38039465634051e-06 1.00000000
16089001 89.0055324074074 0.00118822269656906 3.92283074034223e-06 1.00000012
16089002 89.0197106481481 0.00117878804037264 6.78309976886973e-05 1.00000000
16089003 89.0243055555556 0.00118631520170937 3.88580523806335e-06 1.00000000
16089004 89.0337615740741 0.00117587488956025 2.53140128292629e-06 1.00000000
16089005 89.056724537037 0.00116211092406088 2.56451793896e-06 1.00000000
16089014 89.2633564814815 0.00148534846940631 2.32377841717782e-06 1.00000000
16089015 89.2849652777778 0.00137490251800573 2.49471172151234e-06 1.00000000
16089016 89.2992939814815 0.00133052240802939 2.11223834633567e-06 1.00000000
16089017 89.3209490740741 0.0013038485980037 2.18969648141157e-06 1.00000000
16089018 89.342662037037 0.00127561070374167 2.19412557461749e-06 1.00000000
16089019 89.3645023148148 0.00126371032638617 2.49013652618534e-06 1.00000000
16089020 89.3850462962963 0.00124247779358301 2.31671025858965e-06 1.00000000
16089021 89.4067245370371 0.00112982102700906 2.83022450520082e-05 1.00000000
16089023 89.4117476851852 0.0012042449275455 1.82178784076998e-05 1.00000000
16089024 89.4138078703704 0.00122938140438627 2.38712088845219e-06 1.00000000
16089026 89.4514699074074 0.00120396737414423 2.41589941822083e-06 1.00000000
16089027 89.4737615740741 0.00119759530981277 2.49048225259241e-06 1.00000000
16089028 89.4954398148148 0.00118735600272853 2.89671688624074e-06 1.00000012
16089029 89.5146643518519 0.00117777195841168 2.64543944631356e-06 1.00000000
16089030 89.5409490740741 0.0011755335733155 2.59701244887909e-06 1.00000012
16089031 89.562662037037 0.00116389903063824 2.46626626028364e-06 1.00000000
16089041 89.7601157407407 0.00144314494573186 1.8279169285263e-06 1.00000000
16089042 89.7815856481482 0.00138918814284748 1.91947106974683e-06 1.00000000
16089043 89.803125 0.00137011987638872 4.25667785668187e-06 1.00000000
16089044 89.8085069444444 0.00135423177248491 2.38545593379091e-06 1.00000000
16089045 89.8255787037037 0.00133122976187501 2.04057803281162e-06 1.00000000
16089046 89.8473263888889 0.00130912793211665 2.12312634290478e-06 1.00000000
16089047 89.868900462963 0.00129896271922514 6.64353837619082e-06 1.00000000
16089048 89.871724537037 0.00129269490481951 3.72533392380731e-06 1.00000000
16089049 89.8824884259259 0.00127345649150021 2.18931186702221e-06 1.00000000
16089050 89.9043287037037 0.00126520566790244 2.3497125221557e-06 1.00000000
16089051 89.924224537037 0.00124415090336493 2.17984956434038e-06 1.00000000
16089052 89.9481018518518 0.00122953087383543 2.27272604192369e-06 1.00000000
16089053 89.9701851851852 0.00121770654946047 2.30544002694749e-06 1.00000000
16089054 89.9930555555556 0.0012160039226755 4.02051951672026e-06 1.00000000
16090001 90.0078009259259 0.00120473077296988 3.29668552675364e-06 1.00000000
16090002 90.0197222222222 0.00119612723745627 2.39480574867138e-06 1.00000000
16090003 90.0422685185185 0.00118282147697453 2.441300222101e-06 1.00000000
16090004 90.0648263888889 0.00118262415119477 2.57478151555544e-06 1.00000000
16090005 90.0859490740741 0.00117141075912657 6.15856097845602e-06 1.00000000
16090015 90.1456828703704 0.00140925516083994 1.68336547816519e-06 1.00000000
16090016 90.1723958333333 0.00137305747673054 3.42531273961682e-06 1.00000012
16090017 90.1801851851852 0.00134596027520102 2.0384681906262e-06 1.00000000
16090018 90.2026504629629 0.00131484877078412 2.02023846303961e-06 1.00000000
16090019 90.2256018518519 0.00129391163174652 2.10734659330781e-06 1.00000000
16090020 90.2484837962963 0.00128063196342713 2.65121323945319e-06 1.00000000
16090021 90.2669444444444 0.00125539989916089 2.18239415080396e-06 1.00000000
16090022 90.2896990740741 0.00123969688037801 2.31817311589626e-06 1.00000000
16090023 90.3111458333333 0.00123512630098234 2.34010080447888e-06 1.00000000
16090024 90.3327083333333 0.00122169751478816 2.34389679529082e-06 1.00000000
16090025 90.3543055555555 0.0012074441018797 2.39936490343621e-06 1.00000000
16090026 90.3758564814815 0.0012024577423586 2.75621818910159e-06 1.00000000
16090027 90.3932291666667 0.00118858220476744 2.62611460708643e-06 1.00000000
16090028 90.4147685185185 0.00118349334157248 2.50196376239018e-06 1.00000000
16090029 90.4363657407408 0.00117776179123546 2.49152017347834e-06 1.00000000
16090030 90.458287037037 0.0011648462639436 3.45922998499386e-06 1.00000000
16090038 90.5326041666667 0.00142349182124186 2.01347703843892e-06 1.00000000
16090039 90.5517939814815 0.00137163037754934 2.16260994231544e-06 1.00000000
16090041 90.7018634259259 0.00142894619356685 1.47375081212114e-06 1.00000000
16090042 90.736099537037 0.00135252070098409 2.01199235854229e-06 1.00000000
16090044 90.7599537037037 0.00132363340518622 2.44050938796453e-06 1.00000000
16090045 90.7753703703704 0.00130319223111085 2.00614244913332e-06 1.00000000
16090046 90.8015277777778 0.00127343459333911 1.90359596955795e-06 1.00000000
16090047 90.8346412037037 0.0012460642212586 2.27844397728901e-06 1.00000000
16090048 90.8560648148148 0.00122975347183804 2.29407245537864e-06 1.00000000
16090049 90.8776736111111 0.00122309248923325 3.17041176218097e-06 1.00000000
16090050 90.8950347222222 0.00120923409157731 2.38053493617328e-06 1.00000000
16090051 90.9168865740741 0.00119592072239076 2.40548110105221e-06 1.00000000
16090052 90.9387615740741 0.00119283758200566 2.75729085875671e-06 1.00000000
16090053 90.9559259259259 0.00117712624544456 3.07872661575317e-06 1.00000000
16091003 91.0219212962963 0.0014408944336908 1.79686160908818e-06 1.00000000
16091004 91.0440972222222 0.00138937876474399 1.85787644711814e-06 1.00000000
16091005 91.0663773148148 0.00134342455744818 2.02120500377169e-06 1.00000000
16091006 91.0887268518518 0.00130897710307281 2.07268294712406e-06 1.00000000
16091007 91.1104976851852 0.00128347437405424 2.16268007546902e-06 1.00000000
16091008 91.1320949074074 0.00126042814417765 3.05545994742175e-06 1.00000000
16091009 91.1475462962963 0.00124433447124156 2.23233910923347e-06 1.00000000
16091010 91.1702083333333 0.00122538212069423 2.29096799798283e-06 1.00000000
16091011 91.1918171296296 0.00121231509953216 2.35693483287357e-06 1.00000000
16091012 91.2134375 0.00119343942615853 2.37516428016727e-06 1.00000000
16091013 91.235474537037 0.00118482605527769 2.45698723612333e-06 1.00000000
16091014 91.2571296296296 0.00116782831819854 2.81416358569438e-06 1.00000000
16091036 91.7921412037037 0.0125780051106772 0.000239076747652655 1.00000000
16091037 91.7934143518518 0.00139666328412278 8.18150031194221e-05 1.00000000
16091038 91.7959953703704 0.000958379757373822 6.82471414312207e-05 1.00000000
16091049 91.8978125 0.00259096230171821 1.88163133782055e-05 1.00000000
16091050 91.9022800925926 0.00255994925206539 2.03611852499778e-05 1.00000000
16091051 91.904837962963 0.00211250364497892 4.07484998266258e-05 1.00000000
16091052 91.9058564814815 0.00248086988738489 4.70977169239159e-06 1.00000000
16091053 91.9147569444444 0.00244000855403435 7.22405905049083e-06 1.00000000
16091054 91.9225694444444 0.00240671771507599 1.52731502885617e-05 1.00000000
16091055 91.9256944444444 0.00212603154737892 4.05621005673407e-06 1.00000000
16091056 91.9357523148148 0.00138076884753669 5.31534002255024e-06 1.00000000
16091057 91.9403587962963 0.00137033174316704 3.56637745210311e-06 1.00000000
16091060 91.9528819444444 0.00134361350200214 3.41330227152732e-06 1.00000000
16091061 91.9614236111111 0.00133180470711812 2.95771460723073e-06 1.00000000
16091062 91.9726388888889 0.00131627121563322 2.08808238332084e-06 1.00000000
16091063 91.9960416666667 0.00128389553702804 2.19673981818091e-06 1.00000000
16092001 92.0225694444444 0.00126823753379747 2.2551599732342e-06 1.00000000
16092002 92.0446064814815 0.00124445792039931 3.50564057166902e-06 1.00000000
16092003 92.0581597222222 0.00124103512763733 4.5087904006455e-06 1.00000000
16092014 92.1361111111111 0.00148014898527284 1.87400073739216e-06 1.00000000
16092015 92.158287037037 0.00142113009055424 2.26619917398074e-06 1.00000000
16092016 92.1740393518518 0.00138049891337293 2.04722073034101e-06 1.00000000
16092017 92.1965972222222 0.0013468068181916 2.10516074961181e-06 1.00000000
16092018 92.2184722222222 0.0013172869543093 2.16387777465624e-06 1.00000000
16092019 92.2409606481481 0.00130016692868391 2.65946261306873e-06 1.00000000
16092020 92.2596875 0.00128185883708842 2.46783433788057e-06 1.00000000
16092021 92.2790625 0.00126374937522103 2.30547870325894e-06 1.00000000
16092022 92.3015972222222 0.00124137286819114 2.35932570939401e-06 1.00000000
16092023 92.3237847222222 0.00123502092710819 4.11178151747648e-06 1.00000000
16092031 92.4337037037037 0.00147806168699964 1.86205164387982e-06 1.00000000
16092033 92.4577199074074 0.00141134575138091 2.2471066979446e-06 1.00000000
16092034 92.4738078703704 0.00137296486151622 2.05433651068817e-06 1.00000000
16092035 92.4953472222222 0.00133314671131557 2.10292710781654e-06 1.00000000
16092036 92.5170486111111 0.00130238387132606 2.24890139786521e-06 1.00000000
16092037 92.5385300925926 0.00127461269445215 2.24740925779008e-06 1.00000000
16092040 92.5652662037037 0.00125648883071245 2.62939583051997e-05 1.00000000
16092042 92.5755671296296 0.00123309309102871 2.43426996624e-06 1.00000000
16092044 92.5975462962963 0.00121980614083476 2.8259460794745e-06 1.00000000
16092048 92.6213425925926 0.0011988389482714 3.11139609242467e-06 1.00000000
16092049 92.6358333333333 0.00119404603171506 2.49392800098264e-06 1.00000000
16092050 92.6573263888889 0.00118039898120364 2.56254935070621e-06 1.00000000
16092051 92.6786111111111 0.0011707641863543 4.93475015435969e-06 1.00000000
16092052 92.6879282407407 0.00116930728428959 2.59131902661708e-06 1.00000000
16092053 92.7093402777778 0.00116157339796241 2.63059423987594e-06 1.00000000
16092054 92.7313310185185 0.00115509622508542 2.66490960941396e-06 1.00000000
16092055 92.7528356481482 0.00115013721184309 4.43703261816897e-06 1.00000000
16092063 92.826724537037 0.00147430539228874 1.8329013591872e-06 1.00000000
16092064 92.8487268518518 0.00140960608362308 2.0850960294702e-06 1.00000000
16092065 92.8671296296296 0.00137342648109573 2.04647276730218e-06 1.00000000
16092066 92.8886458333333 0.00134989490208513 2.29428258653586e-06 1.00000000
16092067 92.9107986111111 0.00132740868221054 2.13429308436525e-06 1.00000000
16092068 92.9323726851852 0.00130638434743148 2.51565322701649e-06 1.00000000
16092069 92.9539583333333 0.00129076965290121 2.24464256239547e-06 1.00000000
16092070 92.975787037037 0.00126885447217456 2.26167071402902e-06 1.00000000
16092071 92.9980208333333 0.00125658637922707 2.29280632335505e-06 1.00000000
16093001 93.0199189814815 0.00125010724758422 2.30910123676106e-06 1.00000000
16093002 93.0420486111111 0.00122963348108503 2.36050352560601e-06 1.00000000
16093003 93.0641319444445 0.00122950709990215 4.01488126605384e-06 1.00000000
16093004 93.0766087962963 0.00121489234143064 2.82462249379101e-06 1.00000000
16093010 93.1431597222222 0.00147733532260379 1.74990790272913e-06 1.00000000
16093011 93.1666319444445 0.0013943837282465 1.69563231073323e-06 1.00000000
16093012 93.1933217592593 0.00135809549640693 2.0500894598194e-06 1.00000000
16093013 93.2156481481481 0.00132697370358899 2.07561330574692e-06 1.00000000
16093014 93.2382986111111 0.00131119463322209 2.11223172805371e-06 1.00000000
16093015 93.2603703703704 0.00129738413605523 6.63490121454981e-06 1.00000000
16093016 93.268912037037 0.00127453899652089 2.05517940683968e-06 1.00000000
16093017 93.2940856481482 0.00125573805019747 2.24813386121853e-06 1.00000000
16093018 93.3157523148148 0.00124350659575434 2.4034539623302e-06 1.00000000
