16064077 64.8970486111111 4.73318541668009 2.06049205204245e-05 6440.44335938
16064078 64.9029513888889 4.65173284167135 3.39768362882299e-05 6200.00244141
16064079 64.9289930555556 4.58047447909774 1.25104094014998e-05 5867.24023438
16064080 64.9525925925926 4.5513775318693 1.44909794914598e-05 5351.35595703
16064081 64.9709722222222 4.59356698618306 5.67678241813229e-05 5238.74511719
16064082 64.9816782407407 4.60178959353567 5.42767882873092e-05 4992.72363281
16065001 65.005162037037 4.50134905274003 2.98096115452074e-05 4808.08105469
16065002 65.0282291666667 4.538049747901 1.4490976097671e-05 4478.36181641
16065003 65.0501041666667 4.40955523007737 1.38424256898507e-05 4309.44433594
16065005 65.0744791666667 4.51496263500808 1.37737977729464e-05 3944.72460938
16065006 65.1009837962963 4.36927894034722 1.52975895078138e-05 3928.99951172
16065007 65.1239351851852 4.4746428748578 1.44896925481476e-05 3526.74291992
16065008 65.1466087962963 4.43500573426481 1.43254542996085e-05 3513.55395508
16065009 65.1678240740741 4.41708709370797 1.67364698553844e-05 3385.72460938
16065010 65.1896296296296 4.50794286250897 1.34761898823828e-05 3225.43090820
16065011 65.2114236111111 541.806255603203 0.00149794027952611 3131.58764648
16065012 65.2132407407407 4.40985192818684 1.48308489537787e-05 3047.38256836
16065013 65.2365046296296 4.43174670526825 1.40895101259371e-05 2998.17871094
16065014 65.2600347222222 4.42581746246472 1.92594266029077e-05 2824.69555664
16065015 65.2762037037037 4.36716474453703 1.81427136182111e-05 2732.88159180
16065016 65.2954282407407 4.37542743983178 1.59613037629527e-05 2590.34179688
16065017 65.3172453703704 4.44064851646062 1.72571306128767e-05 2624.83569336
16065018 65.3394675925926 4.46505781343327 1.77828277628243e-05 2505.62963867
16065023 65.4300810185185 4.54580849552785 1.48599423703465e-05 8579.56054688
16065024 65.4460763888889 4.6498427471553 1.92088315750423e-05 7941.93408203
16065025 65.4573842592593 4.57845424985876 1.47520692327076e-05 7375.83154297
16065026 65.4824074074074 4.66790546291235 1.61587642533812e-05 6721.46679688
16065027 65.4934259259259 4.37522446144016 1.42850302030445e-05 6480.01025391
16065028 65.5176851851852 4.42379868495054 1.67228333306548e-05 6067.10058594
16065036 65.6069097222222 4.56422784608365 1.32917263395654e-05 7727.36328125
16065037 65.6238888888889 4.48844511238914 1.75057308058632e-05 6968.50195312
16065038 65.6397685185185 4.4880820520086 1.35001943035243e-05 6691.53808594
16065039 65.6635763888889 4.55031723234555 1.46761684535395e-05 6240.07617188
16065041 65.6933680555556 4.48511666304647 1.38337892007214e-05 5708.46777344
16065042 65.7133101851852 4.54763454500954 1.59681227188699e-05 5396.50244141
16065043 65.7327893518518 4.50413964548253 0.000108506096929619 5071.85595703
16065044 65.7369328703704 4.52996466911818 1.29088736903622e-05 5040.91357422
16065045 65.7596875 4.355560964454 1.42067310963893e-05 4843.08251953
16065046 65.7839236111111 4.44158721861277 1.52449298409118e-05 4525.53710938
16065047 65.8055555555556 4.29947339557227 1.51465459025609e-05 4405.31591797
16065048 65.8272106481482 4.48267890913275 1.54665599477426e-05 4242.99365234
16065059 65.8928935185185 4.48098471851416 0.0001568167206126 3895.01342773
16065060 65.8946064814815 4.55393346942587 1.29529874304501e-05 3854.43286133
16065061 65.9165046296296 4.36770189230342 1.50378536317442e-05 3751.96630859
16065072 65.9942476851852 4.60317982564378 1.18168830080984e-05 7606.63476562
16066001 66.0158449074074 4.5143477936561 1.82200496624192e-05 6840.16552734
16066002 66.0371759259259 4.64137086538792 1.28413057034042e-05 6666.68164062
16066003 66.0603703703704 4.59455733248479 1.28040941515504e-05 6186.30664062
16066004 66.0834027777778 4.43537597379701 1.42541855802596e-05 5718.10546875
16066005 66.10625 4.53934090727117 1.55912256303702e-05 5348.81982422
16066006 66.1283912037037 4.43720320372069 1.29592437206982e-05 5127.14746094
16066007 66.1528935185185 4.42528661641671 1.44699690240285e-05 4679.74414062
16066008 66.1738425925926 4.49816441987773 1.44235197902979e-05 4595.53857422
16066009 66.1962847222222 4.45493384498152 1.44644532584809e-05 4460.10058594
16066011 66.2189930555556 4.45015821108392 1.41981229216257e-05 4343.43115234
16066012 66.2407523148148 4.47059763922516 2.04292032733936e-05 4208.50000000
16066015 66.3109375 4.44597140506781 1.19156313274287e-05 8367.52539062
16066016 66.3363657407407 4.61849876732629 1.25231362549412e-05 7834.90185547
16066017 66.3602893518518 4.55701525454387 1.33338449996744e-05 7083.64990234
16066018 66.3835416666667 4.55108558487012 2.220397923143e-05 6456.16894531
16066019 66.3950925925926 4.45834052934244 2.1314067611802e-05 6290.29492188
16066020 66.4070023148148 4.55189565587064 2.48906987118317e-05 5978.32958984
16066021 66.417974537037 4.50041655554288 1.83292996713506e-05 5858.10937500
16066026 66.5050462962963 4.45511644376432 1.40930300966256e-05 4698.51220703
16066027 66.5266319444444 4.31441887331754 1.57501073014193e-05 4567.13232422
16066028 66.5486805555556 469.928448177409 0.0132476950400383 4395.67871094
16066030 66.552037037037 4.35744569854976 3.1556360502783e-05 4459.08593750
16066031 66.5626273148148 4.37582770154411 1.50075987639271e-05 4362.19970703
16066032 66.5840162037037 4.39403587427263 1.54878271375654e-05 4178.06445312
16066033 66.6055671296296 4.3857927658405 1.46052343597941e-05 4114.14941406
16066035 66.6351851851852 4.31876087455691 1.65447798551354e-05 4063.93066406
16066046 66.7824537037037 4.56147380575785 3.3590976729271e-05 8277.74023438
16066047 66.788125 4.52804297863972 1.6982776126191e-05 8047.95166016
16066048 66.8092824074074 599.811168108334 0.0720081717304514 7653.30371094
16066049 66.8121990740741 4.37271558590103 1.6663435282652e-05 7222.63916016
16066050 66.8308912037037 4.55150102232163 1.5293210152948e-05 6881.25292969
16066051 66.8525231481482 4.41088974244193 1.30286349664246e-05 6494.21435547
16066052 66.8809375 4.4646837853679 1.47848447524997e-05 5989.48974609
16066053 66.9028935185185 4.39611759570083 1.60482316872152e-05 5877.89257812
16066054 66.921875 4.47776367000106 1.71981816863952e-05 5655.71337891
16066055 66.9436921296296 4.38670862220224 1.59189622271048e-05 5346.79101562
16066057 66.9650578703704 0 0.00111449583670737 5233.67187500
16066059 66.9681597222222 4.4653910084166 1.46510333756843e-05 5246.35351562
16066060 66.9897569444444 4.46129322290168 1.39128908142635e-05 5049.53710938
16067001 67.0113194444445 4.38616078789617 1.49948855673435e-05 5043.95654297
16067003 67.0350578703704 4.26017429424655 1.6538554103356e-05 4851.70458984
16067004 67.0573958333333 4.42909859800111 1.53888072987953e-05 4727.42626953
16067005 67.0761921296296 4.39626542607872 1.43659005173204e-05 4523.50781250
16067006 67.0989467592593 4.3209014508089 3.35965615300738e-05 4495.60888672
16067013 67.3713078703704 4.42412568689512 1.63717053587439e-05 7291.11914062
16067014 67.3866898148148 4.29970750361929 2.34987353917307e-05 6642.33349609
16067015 67.3963773148148 4.51561049962883 1.68079587517592e-05 6601.75244141
16067016 67.417962962963 4.48240676995387 1.41245428641985e-05 6331.89013672
16067017 67.4403356481481 4.37108911654463 1.55905930314596e-05 5960.06933594
16067019 67.4765972222222 4.25093752189594 1.62828729701597e-05 5458.38818359
16067020 67.4983912037037 4.30591765080277 1.62011109999587e-05 5388.89404297
16067021 67.5203009259259 4.37782241489566 1.46112569772857e-05 5158.08984375
16067022 67.5418634259259 4.48102917133038 1.56374006577924e-05 4912.57666016
16067039 67.8637847222222 4.4622191274212 1.28047316933315e-05 8456.29589844
16067040 67.8905555555556 4.35807717431108 3.26170366086273e-05 7265.75537109
16067041 67.8948726851852 4.24519221980598 1.70589829119238e-05 7273.36523438
16067042 67.9174189814815 4.30940788089766 1.5618541904715e-05 6674.29199219
16067043 67.9411342592593 4.31134942669782 1.65340377178715e-05 6554.57763672
16067044 67.9627083333333 4.29051962368631 0.00332839568298831 6162.46484375
16067045 67.9840046296296 0 0.233186715130199 5937.74902344
16067046 67.9853125 0 4.41856783996363e-06 5968.69189453
16067047 67.9907291666667 0 0.233938481294802 5789.62890625
16068001 68.0031018518518 4.31055278677032 1.72443352983389e-05 5771.36767578
16068003 68.0260185185185 4.24763077784185 2.61946041353778e-05 5537.01367188
16068004 68.0483333333333 4.26429809413555 1.78053706556895e-05 5413.24218750
16068005 68.0675115740741 4.26516149318115 1.94679866408171e-05 5181.93164062
16068006 68.0903125 4.27054560770633 1.60970077812203e-05 5200.70019531
16068007 68.1174537037037 4.1987014460611 3.63847219682764e-05 4879.60449219
16068008 68.1392939814815 4.15701241998024 1.6284256235139e-05 4645.25048828
16068009 68.1621643518518 4.18726949618642 1.95941562417728e-05 4650.32275391
16068010 68.1857638888889 4.27698160585007 3.32540865891152e-05 4565.10351562
16068012 68.246875 4.43707344225983 1.57427609786135e-05 8732.24609375
16068013 68.2663310185185 4.2843633316029 5.6115566206756e-05 7370.75830078
16068014 68.2734027777778 4.23688093896969 2.02448558387058e-05 7391.04980469
16068015 68.2975694444444 4.27567733220202 1.89803506531025e-05 6879.22363281
16068016 68.3195486111111 4.26309499812823 2.11735591541915e-05 6591.60791016
16068017 68.3428935185185 4.08115993137679 3.04587237808077e-05 6154.85693359
16068018 68.3486689814815 4.24792569485777 1.79600371066048e-05 6196.95947266
16068021 68.3798263888889 4.17850262742345 0.000150647662121839 5903.76220703
16068022 68.4118518518518 4.06474363077572 1.68103239930681e-05 5556.28955078
16068023 68.4384143518518 4.21217733173206 3.22307721083254e-05 5430.48876953
16068024 68.4461921296296 4.2790916494058 1.74862308365205e-05 5294.54345703
16068025 68.4699537037037 4.14651807812602 2.35001849483785e-05 5194.10595703
16068028 68.4859606481482 4.1450928478856 2.54624068410425e-05 5089.61035156
16068029 68.502349537037 4.11809750253117 1.65477968873144e-05 4772.06494141
16068030 68.5272569444444 4.09339198694421 1.86414114225687e-05 4749.23876953
16068032 68.5526736111111 4.11122431465755 1.68412075098731e-05 4676.19287109
16068034 68.5782291666667 4.020577834993 1.92201640041088e-05 4541.26220703
16068035 68.599837962963 4.09527508646994 1.73770107669186e-05 4400.24414062
16068036 68.6297222222222 4.0990116089523 1.70383891646996e-05 4189.22412109
16068037 68.6513425925926 4.07019209771678 2.27290438948474e-05 4088.78637695
16068038 68.6691319444444 3.98166176451973 1.8568656179824e-05 4052.26391602
16068039 68.6912731481481 4.0279993634984 1.83379441221592e-05 4048.71289062
16068040 68.7132407407407 4.18192296021857 3.31346462031513e-05 3924.94165039
16068042 68.7340162037037 4.00549321989107 1.85070631792131e-05 3788.99609375
16068043 68.7550462962963 4.07785298810285 7.60449105044968e-05 3875.22973633
16068055 68.9483912037037 4.53231879113204 2.02744858936099e-05 8455.78906250
16068056 68.9699768518519 4.43414763571967 1.91844900420535e-05 6848.28076172
16068057 68.9841898148148 4.4085398766632 4.43647959647602e-05 6374.50000000
16068058 68.99125 4.46232031152403 1.55921098236499e-05 6673.78369141
16069001 69.0131597222222 4.49911615145914 1.44188133177849e-05 6035.65039062
16069002 69.0361342592593 4.38482670138905 1.54154682966578e-05 5564.91308594
16069003 69.0579282407407 4.56449059176377 1.58304187819957e-05 5542.59423828
16069004 69.0814699074074 4.52119935144686 4.55792434105555e-05 4964.82421875
16069005 69.0909143518519 4.38738695637619 2.49602204483032e-05 4110.09130859
16069006 69.0980208333333 4.46714394679763 1.52515621936164e-05 4236.90625000
16069007 69.1196875 4.37197333140904 1.56560372261115e-05 4057.84375000
16069008 69.1410763888889 4.43607705201242 1.44913565963811e-05 4048.71289062
16069009 69.1627430555556 4.48695786908398 1.41839937114013e-05 4038.56762695
16069010 69.1842013888889 4.43151219410465 1.91157480281055e-05 3902.62207031
16069011 69.2037731481481 4.31501967974664 1.72393891897376e-05 3623.12207031
16069012 69.2254050925926 4.39698046066841 1.45541663575217e-05 3609.42626953
16069013 69.2470717592593 4.36179932779348 4.25225741144171e-05 3549.06225586
16069014 69.2531597222222 4.30268097470809 0.0002198351192547 3431.88549805
16069015 69.2615509259259 4.27467246537349 0.000218477367521127 3429.34912109
16069016 69.2623032407407 4.32643006746216 2.03436210434267e-05 3405.00097656
16069024 69.373912037037 4.43268376329593 2.93238603235934e-05 7948.52832031
16069025 69.3819328703704 4.42301575241195 1.59954729446097e-05 7727.86962891
16069026 69.4041435185185 4.28925123529019 1.77709354598619e-05 6981.69042969
16069027 69.4257523148148 4.38854939639295 1.6688390831844e-05 6594.65087891
16069028 69.4475 4.29976556947324 1.6677645260897e-05 5977.31591797
16069029 69.4692361111111 4.34639664960179 2.65929087009034e-05 5481.72216797
16069030 69.4827199074074 4.4210319836095 2.04963998883413e-05 5426.93847656
16069031 69.5024537037037 4.28283290813551 2.66990578264187e-05 5176.85839844
16069032 69.5130092592593 4.1981773007929 3.57905221886808e-05 4984.10009766
16069033 69.5209606481481 4.32099681606462 2.4355310484363e-05 4996.27441406
16069034 69.5343981481482 4.22128031992692 1.69944348415689e-05 4830.90771484
16069035 69.5563773148148 4.31918927445044 1.65066618242181e-05 4883.15527344
16069036 69.578599537037 4.36764707570753 1.59505787740007e-05 4613.29248047
16069037 69.6068518518519 4.19794268446037 6.45603174110256e-05 4437.78125000
16069038 69.6149305555556 4.36948140993171 4.19894848210309e-05 4406.33105469
16069039 69.6199652777778 4.25557820850427 1.7934794164213e-05 4332.27148438
16069040 69.640162037037 4.31687719069412 4.12664740591229e-05 4415.46191406
16069041 69.6436574074074 4.25248943629519 1.6128670569417e-05 4324.15478516
16069042 69.6658217592593 4.24403032363216 1.61797479561148e-05 4097.91748047
16069045 69.7399537037037 7.93736273767983 0.000292682382226981 9690.96679688
16069049 69.7549537037037 4.26132040591162 2.94474324244444e-05 8309.69824219
16069050 69.7623148148148 3.57433201432005 0.000144643759292547 7990.12402344
16069052 69.7661921296296 0 0.000274740010026757 7899.32373047
16069053 69.7671875 4.355981193186 1.66827664278379e-05 7864.83056641
16069054 69.7823611111111 4.28619801863908 1.77109781211405e-05 6946.68945312
16069055 69.8032291666667 4.35782257108339 3.07977390163254e-05 6300.94775391
16069060 69.8327083333333 4.20189677403785 1.38984410348665e-05 5831.73291016
16069061 69.8701851851852 4.26754273449314 4.38194536633562e-05 5485.78027344
16069062 69.8764583333333 4.26730339944927 1.65602298640652e-05 5418.82226562
16069063 69.8999305555555 4.21190035038826 2.24116018860172e-05 5181.42480469
16069064 69.9148263888889 4.19784561194941 1.74434071004249e-05 5085.55175781
16069065 69.9369097222222 4.27152717695879 1.61612171050941e-05 5068.30517578
16069066 69.9580902777778 4.14428356843937 1.98575553969493e-05 4842.57373047
16069067 69.9803703703704 4.17073502734667 2.52380667253478e-05 4730.47021484
16070003 70.0367592592593 4.40485397857691 1.51132689958758e-05 9326.24609375
16070004 70.0633449074074 4.2655612608117 1.92229506660594e-05 7838.95996094
16070005 70.0850925925926 4.22454022656448 1.90092183666003e-05 7108.50537109
16070006 70.106724537037 4.23311168253126 1.81807438696627e-05 6800.09228516
16070008 70.1313657407407 4.28033832690968 1.63736336747848e-05 6564.21533203
16070009 70.1621064814815 4.12762281560699 1.81867484931084e-05 6162.97265625
16070010 70.1884490740741 4.21060305811248 1.72822730289602e-05 5792.67187500
16070011 70.2109606481481 559.146783937424 0.00428437705616306 5513.67968750
16070012 70.2146759259259 4.24222279617102 1.70919159400036e-05 5688.68505859
16070013 70.2363888888889 4.26895732416366 1.70759707928235e-05 5285.41308594
16070014 70.258287037037 4.08131768808942 9.72130291098989e-05 5062.21826172
16070015 70.2639467592593 4.2473773529525 3.22249314677286e-05 4896.85107422
16070035 70.9882060185185 1370.73550291733 12.5719458863517 7792.29199219
16070039 70.9987384259259 4.45170679404552 1.27723753249387e-05 7481.84863281
16071001 71.0191319444445 2.12322845329898 0.000119927001348865 6858.42626953
16071002 71.0339236111111 2.40047575063885 9.90621202200202e-05 6523.63427734
16071003 71.068287037037 4.61532564598845 4.99856215651813e-05 6058.47656250
16071004 71.0716087962963 5.35668801929471 0.000976865088628308 6074.20214844
16071005 71.0737037037037 5.19450667116633 0.000123495698012566 5984.41699219
16071006 71.0756944444444 5.19339157548573 2.16769433817524e-05 5976.80859375
16071007 71.0863194444444 5.16165431212771 1.37141352609029e-05 5871.29785156
16071010 71.1229166666667 4.5129270793687 2.4326812044937e-05 5327.51513672
16071014 71.1386342592593 3385.06177425138 10.047907624096 5194.61279297
16071016 71.1455671296296 4.4294169782496 1.67662882058508e-05 5154.03222656
16071018 71.1668981481481 4.35663249423573 2.60453641116971e-05 5034.31884766
16071020 71.1765277777778 4.3492926968191 8.69607607690854e-05 4935.91015625
16071021 71.1777893518518 4.33547942576216 1.51435860303627e-05 4928.80859375
16071022 71.2003240740741 4.51278775149717 1.41867382797318e-05 4661.48242188
16071023 71.2225462962963 4.4377503636981 2.14493463015509e-05 4626.48193359
16071024 71.2375231481482 4.42353636010667 1.71817141291663e-05 4448.94091797
16071025 71.2591782407407 4.30271185146596 1.78801504710156e-05 4303.35742188
16071026 71.2811226851852 4.39214818159101 1.51818401949878e-05 4200.89062500
16071027 71.3009259259259 4.31496243915048 1.80694739106431e-05 4009.65380859
16071042 71.5155787037037 4.25887372587522 2.27239124789117e-05 9691.98144531
16071043 71.5372106481481 4.34983946847181 7.83305903074241e-05 8653.11328125
16071044 71.5414930555556 4.31496553886711 2.89861497737743e-05 8456.80371094
16071045 71.550787037037 4.30419371318561 3.2547269786224e-05 8115.41748047
16071046 71.5577777777778 4.17077952491073 3.71547110705721e-05 7908.45458984
16071050 71.6122453703704 4.15674839072873 3.03141347123903e-05 5683.61181641
16071051 71.6193402777778 4.25805260747969 2.1844665528008e-05 5741.43945312
16071052 71.6387384259259 4.06454630194187 1.95615295945411e-05 5332.08007812
16071053 71.6634259259259 4.10426034787321 1.86527605184149e-05 5178.38037109
16071054 71.6854976851852 4.19644285132639 1.68723388425965e-05 4952.14257812
16071055 71.7071643518519 4.21114590923509 1.50834736482631e-05 4778.15234375
16071056 71.7329050925926 4.14076086192647 1.61257897254886e-05 4790.32666016
16071058 71.7631134259259 4.10466482114797 1.9160483092782e-05 4554.45068359
16071059 71.7852893518519 4.18865564833192 0.000201383931815995 4388.57666016
16071060 71.8067939814815 4.10195780321718 3.71236766687289e-05 4270.89306641
16071061 71.8167592592593 4.0547647285991 1.60478715006639e-05 4046.68408203
16071062 71.8456828703704 4.12069797527897 4.17592384859535e-05 3776.31445312
16071076 71.940474537037 4.3337222039348 3.76111560147557e-05 7252.56689453
16071077 71.9459375 4.34450247360982 1.89299794717009e-05 7076.54833984
16071078 71.9664236111111 4.27252420572704 1.84090010274954e-05 6515.51806641
16071079 71.9878472222222 4.32345671856684 1.67253307396638e-05 6161.95800781
16072001 72.0112615740741 4.26481092629762 1.68909146125631e-05 5792.16601562
16072002 72.032962962963 4.24750335227103 1.98218948848002e-05 5475.63525391
16072003 72.0580439814815 4.24586830283205 1.74064514638745e-05 5287.95019531
16072006 72.0842361111111 4.3416045776559 2.18889390976747e-05 4890.76416016
16072007 72.0978819444444 4.24931227438775 1.52800068124806e-05 4884.16992188
16072008 72.1255324074074 4.28294449909376 1.50592278188926e-05 4724.89013672
16072009 72.1514467592593 4.24252267333125 1.63474753344992e-05 4563.07421875
16072010 72.1761689814815 4.21384114016615 1.84817638301814e-05 4455.53515625
16072012 72.1984953703704 4.24045236243616 1.65402765628084e-05 4328.21289062
16072013 72.2226157407407 4.08033258134191 1.78140601801392e-05 4296.25585938
16072014 72.2442592592593 4.07146154792093 2.47209949692398e-05 4021.32104492
16072021 72.3665509259259 4.51814294334337 1.80832627352856e-05 10065.83203125
16072022 72.3900347222222 4.42554285771354 2.4675490069042e-05 7839.46728516
16072023 72.3971064814815 4.29577467316329 1.82235092091586e-05 7440.76123047
16072024 72.4189467592593 4.16906787550679 1.95752375383621e-05 6651.97119141
16072025 72.4406134259259 4.22449046925878 1.83863709057969e-05 6071.66601562
16072026 72.4623726851852 4.26011477228748 1.64276252643958e-05 5933.69042969
16072027 72.495162037037 4.12085441269307 3.62893927327694e-05 5312.29736328
16072033 72.5346064814815 3.88804429422676 2.02809995376711e-05 4846.12548828
16072034 72.5546643518519 3.85435608086149 2.51351891996329e-05 4789.31201172
16072035 72.5764467592593 4.05975016045766 2.25682006411595e-05 4520.46435547
16072036 72.5982407407407 3.95547899404597 2.91289954162235e-05 4461.11523438
16072038 72.6175694444444 3.88153185430127 1.92120093862281e-05 4335.82177734
16072039 72.6406481481481 3.98554871982164 1.9304105282928e-05 4151.17919922
16072040 72.6620023148148 3.87303594320987 1.81827354340574e-05 4104.00390625
16072041 72.6885185185185 3.95410685318697 1.91963297806879e-05 3870.66503906
16072042 72.7110416666667 3.87575693621589 2.00500601383529e-05 3730.66137695
16072043 72.7334027777778 3.92714375363432 5.75606992204749e-05 3701.24047852
16072046 72.778912037037 4.03989556928793 9.71441123466553e-05 647.53814697
16072047 72.7818055555556 3.97638140337205 2.10479995448861e-05 625.72595215
16072056 72.8738657407407 4.56146137259039 8.75959746113851e-05 10481.78613281
16072057 72.8804166666667 4.3097041860205 2.0768507361122e-05 10213.44531250
16072058 72.9048611111111 4.26109996763074 2.36582424901561e-05 8882.39453125
16072059 72.9256018518519 4.25421080483902 1.81400923755644e-05 8442.59960938
16072060 72.9476273148148 4.2524987546009 2.40954780491653e-05 8101.21386719
16072061 72.9620833333333 4.10475129365094 1.72444195245087e-05 7779.61132812
16072062 72.9953587962963 4.12251184849653 1.96959467673791e-05 7385.97705078
16073001 73.0159953703704 4.14275973387904 2.69182281598423e-05 6946.68945312
16073004 73.0294328703704 5.87632302493623 0.000255897338327492 6854.36767578
16073007 73.0367476851852 6.45169118074327 0.000280124164860032 6896.97802734
16073010 73.0430439814815 4.21954765886351 1.86489906545017e-05 6885.81884766
16073011 73.0634490740741 4.21640387489303 0.000209918116766358 6678.85546875
16073012 73.0663194444444 4.11022189567334 2.52099968434556e-05 6465.29931641
16073013 73.0884606481481 4.15554886667293 2.44483353300708e-05 6412.54492188
16073015 73.1042361111111 6.20615339056229 0.000280810009067405 6324.28173828
16073017 73.1074421296296 4.04412516484193 3.46139773090644e-05 6335.94775391
16073018 73.1199074074074 4.11935933894841 2.17862613365584e-05 6118.84033203
16073019 73.1414814814815 4.21837897683193 2.00692246596146e-05 6030.57763672
16073020 73.1632407407407 4.07162570802555 2.1073692466705e-05 5836.80419922
16073021 73.1809143518519 4.10833005836707 2.59081335421119e-05 5892.09570312
16073029 73.2650578703704 4.33379374446922 1.69545825780338e-05 10249.46093750
16073030 73.2868981481482 4.22298341512967 1.64643970363437e-05 9266.38964844
16073031 73.3103703703704 4.24321975857729 1.92931935350697e-05 8793.62402344
16073032 73.3321180555556 4.274896157726 2.61504151172562e-05 8400.49707031
16073033 73.3457175925926 4.19385428502375 2.02563778017441e-05 8013.96484375
16073034 73.367650462963 4.16938503459127 7.28509454530681e-05 7952.58593750
16073035 73.3754166666667 4.10811923254229 3.49749375773764e-05 7534.60400391
16073037 73.3894097222222 4.16021000266168 2.27401537618392e-05 7653.30371094
16073038 73.413275462963 4.1656411924359 2.16727216329116e-05 7229.74072266
16073039 73.4350347222222 4.14287660374676 3.1339038743148e-05 7092.77978516
16073040 73.4460648148148 4.11878689233934 4.86137345856826e-05 6889.87646484
16073045 73.4592824074074 4.09408909742895 2.02374546789666e-05 6767.11865234
16073046 73.4810416666667 4.18816640899655 2.18287019249752e-05 6652.98632812
16073047 73.5001157407408 4.0059593294758 2.08858749392157e-05 6338.99169922
16073048 73.5217476851852 4.09035568031613 1.98822054707698e-05 6063.55029297
16073049 73.5427777777778 4.0769224783809 2.170057101354e-05 5917.96582031
16073050 73.5614583333333 4.06641721030948 2.8433297945711e-05 5932.16894531
16077019 77.3125810185185 4.90341517376201 1.51681184698908e-05 5826.65966797
16077020 77.3284722222222 4.87091320827888 1.94483790524317e-05 5437.59033203
16077021 77.3367476851852 4.01008280958965 3.30734626916845e-05 5260.04980469
16077027 77.4984722222222 4.38750151221145 1.91933072899103e-05 9052.32617188
16077028 77.5122916666667 4.40884081298918 2.54484539051213e-05 8316.29199219
16077029 77.5204050925926 4.33657706100621 2.99904435342987e-05 7968.31103516
16077030 77.5309490740741 4.213722844409 1.88041887029181e-05 7765.40771484
16077031 77.5531597222222 4.27377515672032 1.77130111772835e-05 6851.83203125
16077032 77.5753125 4.24804714813184 1.80219535469891e-05 6394.28320312
16077033 77.5981481481481 4.32530263448371 1.83170664070747e-05 6181.74121094
16077034 77.6201388888889 4.24725980885838 1.48953424383736e-05 5953.47412109
16077036 77.665625 4.23274220515202 3.36844377317453e-05 5518.24511719
16077037 77.6726273148148 4.33133948500426 2.83772602554061e-05 5521.79638672
16077038 77.6788310185185 4.18589348168465 1.82815406156666e-05 5491.36035156
16077039 77.7011226851852 4.27122530166695 1.58084681518525e-05 5324.97851562
16077040 77.7228472222222 4.22903707438464 1.71300875414773e-05 5209.32421875
16077041 77.7502777777778 4.29337259658185 1.72795467540248e-05 4922.72167969
16077043 77.7760185185185 4.30839357356316 1.90892262346289e-05 4798.44287109
16077044 77.7921064814815 4.16716990398383 1.72769679418345e-05 4706.12158203
16077045 77.814537037037 4.22090618224247 1.68905053861974e-05 4480.89794922
16077046 77.8343518518518 4.18100810388267 1.59184017791442e-05 4352.05419922
16077047 77.8620717592593 4.29335716102802 1.65020463584531e-05 4207.99267578
16077054 77.9684953703704 4.54466112592963 1.28257333033003e-05 10435.11816406
16077055 77.9963657407407 4.54583979008487 1.82325817148147e-05 9073.12402344
16078001 78.0084143518519 4.61238418409475 1.50411844958664e-05 8662.24414062
16078002 78.0325231481481 4.41525743205424 1.70993516307043e-05 7848.59814453
16078003 78.0543634259259 4.56631170158488 2.50110311032831e-05 7654.31787109
16078004 78.0697453703704 4.50376158033238 1.49905329130967e-05 7397.64355469
16078005 78.0961805555556 4.37834452117243 1.56982877247932e-05 7042.05468750
16078006 78.1180787037037 4.46358670553963 1.58916871503412e-05 6760.52490234
16078007 78.140150462963 4.60463759089492 1.40354905997335e-05 6518.05468750
16078008 78.1641666666667 4.32325834998796 2.40983401900381e-05 6140.65380859
16078009 78.1745601851852 4.49208989510478 1.51395936900594e-05 6024.49023438
16078010 78.1967824074074 4.4081276589553 0.000916930373698737 5862.16748047
16078011 78.2253356481481 4.51238905182283 1.44317128245408e-05 5538.02783203
16078012 78.2473958333333 4.49215678306335 1.38117362115319e-05 5429.47363281
16078013 78.27125 4.36080991126386 1.33234648835607e-05 5233.16503906
16078014 78.3001967592593 4.45409884874171 2.042496061452e-05 5207.29492188
16078024 78.4903009259259 4.77166986125136 5.93214053095563e-05 11471.45019531
16078025 78.4957407407407 4.56779127028147 5.18912617088685e-05 10799.83789062
16078027 78.5023611111111 4.57314293135252 1.96882854831822e-05 10743.02441406
16078028 78.5210532407407 4.49989709594061 1.5785481318175e-05 9715.82324219
16078029 78.5432175925926 4.38177160753389 1.21986239009396e-05 9310.01464844
16078030 78.5721296296296 4.34217081608713 2.08942646284051e-05 8606.95214844
16078031 78.5840856481481 4.34681651422831 1.56390974984913e-05 8558.76269531
16078032 78.6130208333333 4.3094508722102 6.29063489741853e-05 7975.41308594
16078033 78.6198148148148 4.36764156157491 1.92610291428542e-05 7871.93164062
16078034 78.6427546296296 4.36666637021687 1.6431114317129e-05 7576.19970703
16078035 78.6648148148148 4.31873315970239 1.80017025557419e-05 7400.68750000
16078036 78.6878009259259 4.25572906049567 1.79053532186372e-05 7243.43701172
16078037 78.7097685185185 4.40984536819385 1.58105866603575e-05 7047.12695312
16078038 78.7319675925926 4.41959256497196 2.33264032415885e-05 6981.18310547
16078039 78.7490162037037 4.30406361417023 1.72694480143303e-05 6620.52197266
16078040 78.7704861111111 4.34884414574676 1.61655097340469e-05 6384.13818359
16078041 78.7941550925926 4.28431336943142 1.6087208721823e-05 6371.96386719
16078042 78.8160300925926 4.372103046571 1.57830761993447e-05 6230.94580078
16078055 78.9542592592593 4.62518033401888 1.7251856028166e-05 11177.74804688
16078056 78.9807175925926 4.54767585401195 1.89634229624102e-05 9803.57910156
16079001 79.0039814814815 4.52238558998461 1.65704154735194e-05 8943.77343750
16079002 79.0265625 4.42315980251925 1.99450348694853e-05 8390.85937500
16079010 79.161099537037 4.49851881996845 2.37247421259452e-05 9726.98144531
16079011 79.1699768518518 4.55741184331155 1.94288089794235e-05 8938.19238281
16079013 79.1864236111111 4.56808636539128 1.70533398170875e-05 8729.70898438
16079014 79.2081828703704 4.50501066374557 1.68945671327668e-05 8245.27539062
16079015 79.2302314814815 4.46479882983762 1.51898917290809e-05 7721.27587891
16079016 79.252650462963 4.4840311477729 1.65052813261675e-05 7456.99267578
16079017 79.277025462963 4.44115495446404 1.18839215811456e-05 7179.01416016
16079018 79.321724537037 4.41541839894278 1.20485197903981e-05 6408.99316406
16079019 79.3553935185185 4.4396715588493 1.32144094624223e-05 6172.61035156
16079020 79.3863310185185 4.44305498742723 2.74213031154324e-05 6443.99462891
16079021 79.3991435185185 4.43042826118587 4.1981345388563e-05 6327.83251953
16079022 79.4054166666667 4.50327075901934 1.22107905880855e-05 6076.73828125
16079023 79.4372916666667 4.44522427102597 1.39000339246813e-05 5857.60205078
16079024 79.4704976851852 4.32810737678486 2.1942684720966e-05 5792.67187500
16079026 79.4848263888889 4.39765183465831 7.69625534873841e-05 5666.36474609
16079027 79.486099537037 4.33542083999694 2.01787695773592e-05 5496.94042969
16079028 79.5062847222222 4.49057045250177 2.96493733482485e-05 5430.48876953
16079029 79.5121180555555 4.3542620175575 3.16870897468562e-05 5444.69238281
16079030 79.5227083333333 4.41521182125214 2.90092263152711e-05 5304.68896484
16079031 79.5289814814815 4.33329277847985 1.2999961309197e-05 5268.16650391
16079032 79.5596296296296 4.45687338168529 1.17526731998849e-05 5106.34960938
16079033 79.5934375 4.42199737781324 1.82672837005279e-05 4944.53369141
16079034 79.6127430555556 4.29359297818766 1.43117236170355e-05 4979.02783203
16079035 79.6401851851852 4.31171550199089 3.14804489068393e-05 4695.97656250
16079036 79.6483912037037 4.31458858392448 1.58445830621634e-05 4771.55810547
16079037 79.6700578703704 4.39225483245286 9.47037827764382e-05 4686.33837891
16079045 79.7554861111111 4.59336787397152 2.47415894855509e-05 9579.87695312
16079046 79.7661689814815 4.5538192330826 1.98591075610083e-05 9014.28222656
16079047 79.78125 4.42868840394621 1.84099439102745e-05 8566.87890625
16079048 79.8030324074074 4.38166823571861 1.79027441253652e-05 7919.10693359
16079049 79.824212962963 4.4894829415096 3.29160676568179e-05 7466.63085938
16079051 79.8349768518518 4.5306742562372 7.17776599913334e-05 7401.70263672
16079052 79.8369328703704 4.56106146623894 1.53591663790406e-05 7267.27832031
16079054 79.8617013888889 4.41523453869048 1.98297086281587e-05 6996.90820312
16079057 79.8938773148148 4.4534630294237 5.65384153827079e-05 6572.33154297
16079058 79.8996875 4.41402712629118 4.08201097476517e-05 6547.47607422
16079059 79.9031944444445 4.29691204846407 1.70172831037985e-05 6473.92285156
16079060 79.9286226851852 4.32406882671023 1.63044129054165e-05 6293.84570312
16079061 79.9519097222222 4.37359236271507 1.57633933366004e-05 6066.08642578
16079062 79.9733101851852 4.41514752149067 1.64693794160255e-05 5979.85156250
16079063 79.9921759259259 4.31484611543126 2.44627375283929e-05 5728.75830078
16080001 80.0058680555556 4.34178416799111 3.33287797885768e-05 5717.09179688
16080002 80.010787037037 4.41533124698575 2.03428528109891e-05 5636.94433594
16080003 80.0231365740741 4.47872439087072 1.94841068220208e-05 5557.81103516
16080004 80.0362152777778 4.45747765632431 1.45933354923343e-05 5490.85253906
16080005 80.0584953703704 4.27687316632178 1.84073334052922e-05 5249.39697266
16080006 80.075787037037 4.427484051955 2.35008921837791e-05 5259.54296875
16080012 80.133275462963 4.52644809830656 2.51776513522906e-05 9401.32128906
16080013 80.1399768518519 4.4511025963301 1.94558164912313e-05 9164.93847656
16080014 80.1565972222222 4.40696244737974 1.7783323849177e-05 8532.89257812
16080015 80.1792824074074 4.41266492767018 1.73243152582291e-05 7840.48242188
16080016 80.2011226851852 4.47210125700993 1.97608178960681e-05 7464.09521484
16080020 80.3021180555556 4.62584788453543 1.26590275503448e-05 10859.18750000
16080021 80.3320486111111 4.6227561464243 1.45976716894318e-05 9677.27148438
16080022 80.3640509259259 4.612282626023 1.77942500246713e-05 8630.28613281
16080023 80.3832407407407 4.58474484497894 1.67260445634435e-05 8342.16210938
16080024 80.4079976851852 4.51820687873365 1.43231764608202e-05 7990.12402344
16080025 80.434375 4.58231191964112 2.69605469566115e-05 7663.95605469
16080026 80.4452083333333 4.56705565252623 1.49098644331535e-05 7372.78808594
16080027 80.4693981481481 4.55302352657577 1.64368855104247e-05 6946.18164062
16080028 80.4922337962963 4.60018296963003 1.3657056019138e-05 6686.46484375
16080029 80.5165509259259 4.43874523492383 1.45594443364569e-05 6629.65185547
16080030 80.541412037037 4.5016132365517 3.05809543046936e-05 6307.03466797
16080031 80.5501157407407 4.51283681902745 1.40941935132529e-05 6369.42773438
16080032 80.5747800925926 4.54460296782691 1.28465359995554e-05 6105.14550781
16080033 80.6019444444444 4.44566617968969 1.36783365445068e-05 6012.31640625
16080043 80.7475694444444 4.60681574303463 2.24021566776317e-05 10803.89550781
16080044 80.7587152777778 4.53638033691999 1.58677955072654e-05 10171.84960938
16080045 80.775474537037 4.56163640200591 2.11613504125073e-05 9705.67773438
16080046 80.7978935185185 4.53583636711856 1.69147929387282e-05 8928.55566406
16080047 80.8195138888889 4.45619388799689 1.91318090449677e-05 8389.33789062
16080048 80.8414467592593 4.52339326784733 1.63461859323551e-05 8171.21582031
16080049 80.8633564814815 4.38853455772145 2.01342756109775e-05 7750.18994141
16080050 80.8837152777778 4.45626484833161 1.49731354391274e-05 7289.08984375
16080051 80.9089814814815 4.47838375135116 1.40973276827823e-05 7161.76806641
16080052 80.9353356481482 4.40164325849005 1.51413605746968e-05 6997.41552734
16080053 80.9591203703704 4.36962139329712 1.57085384322878e-05 6712.33496094
16080054 80.9812847222222 4.42295599237547 2.11545873641757e-05 6363.84765625
16080055 80.9988657407407 4.41991729242443 1.55986983116428e-05 6199.49511719
16081001 81.0212731481482 4.38856320639651 1.51473203435995e-05 6043.76660156
16081002 81.0451041666667 4.41016303794913 1.69337651813553e-05 5813.47070312
16081003 81.0643171296296 4.35179836892908 1.97063280113927e-05 5806.36865234
16081012 81.1566666666667 4.47951419627967 1.62664867002521e-05 9861.91503906
16081013 81.177337962963 4.55745460971616 2.02951938256615e-05 9006.16601562
16081015 81.1964583333333 4.61825218534745 1.54268848873178e-05 8604.41601562
16081016 81.2190740740741 4.6407749062456 1.51195563605638e-05 7974.90576172
16081017 81.241875 4.61982174937044 1.5304699763375e-05 7453.44287109
16081018 81.2650694444444 4.63371405466746 1.89217323803575e-05 7043.57666016
16081019 81.2797569444445 4.45521560915366 1.64057384159846e-05 6545.95410156
16081020 81.3002777777778 4.47689012163832 4.10907807388206e-05 6297.39599609
16081021 81.3213194444444 4.62992763229656 1.49014154448717e-05 5980.86621094
16081022 81.3349537037037 4.55461401306163 1.3500852342516e-05 5758.68652344
16081023 81.3618171296296 4.41336286337282 2.37955909427237e-05 5502.01269531
16081024 81.3775694444444 4.50140971561498 2.81428048685048e-05 5257.00585938
16081025 81.3835185185185 4.52470985831118 2.06774954739064e-05 5263.09326172
16081036 81.4623148148148 4.53804702312887 1.67349267334178e-05 11064.62695312
16081037 81.4871296296296 4.30822148757513 2.08525246229332e-05 9836.55175781
16081048 81.7198958333333 4.51693595946176 2.2031552702692e-05 9891.84375000
16081049 81.7318287037037 4.34673193691685 1.91545376176025e-05 9532.19531250
16081050 81.7538078703704 4.5354933276487 1.59931636408815e-05 8968.62890625
16081051 81.7770949074074 4.51382800993923 0.0016750404198546 8286.87109375
16081052 81.7804513888889 4.52259243276158 1.59052299100768e-05 8326.94433594
16081053 81.8018865740741 4.48246201044444 1.65643956528572e-05 7844.54052734
16081054 81.8239699074074 4.40524050573941 2.33954064358901e-05 7656.85400391
16081055 81.8399884259259 4.43752749610942 1.59900585229405e-05 7243.94433594
16081056 81.8627430555556 4.41056576530182 1.63251077267417e-05 6886.83300781
16081057 81.8848726851852 4.41822136589712 1.43640704042612e-05 6741.24902344
16081058 81.909375 4.43149761440118 1.36524261815125e-05 6563.70849609
16081059 81.9372337962963 4.46648849610248 1.38431847500119e-05 6209.64062500
16081060 81.963912037037 4.24774043153344 1.63491760411999e-05 5985.93847656
16081061 81.9871643518518 4.26665101583889 1.53216122902435e-05 5881.94970703
16082001 82.0090625 4.3586314991012 1.44039106562856e-05 5656.72656250
16082002 82.0324189814815 4.31296463155611 3.01552073851479e-05 5521.79638672
16082011 82.1034606481482 4.62065518597902 2.60261682379253e-05 11071.22265625
16082012 82.1198032407407 4.45666867463934 1.19011342332998e-05 9988.22265625
16082013 82.1485069444444 4.44439710354915 1.54784833847195e-05 9456.10644531
16082014 82.172962962963 4.41391130871625 0.000232649964931723 8773.84082031
16082017 82.1808449074074 4.35346486957971 4.67843895043848e-05 8621.15527344
16082018 82.1838541666667 4.45281783677315 1.58077415116685e-05 8656.15722656
16082019 82.2064699074074 4.40907341750898 1.59359133786302e-05 8219.40527344
16082022 82.2534953703704 4.28525837213089 1.7319692555633e-05 7598.51855469
16082023 82.276400462963 4.37571440040054 1.36305394707656e-05 7116.62207031
16082024 82.3076041666667 3.67663738400892 2.65994450582936e-05 6740.23388672
16082025 82.3281365740741 4.32755494029528 1.3745266270234e-05 6714.87158203
16082026 82.359849537037 4.35014343243508 1.42900267387657e-05 6365.87646484
16082027 82.3911689814815 4.38077762607042 2.01324033873883e-05 5830.21044922
16082028 82.4057638888889 4.434074196113 1.48443680335657e-05 5648.10351562
16082029 82.4275115740741 4.46027610360084 3.07459334785925e-05 5622.23291016
16082039 82.621412037037 4.5956203634839 1.63815668039143e-05 10420.40625000
16082040 82.6397106481482 4.66786099427341 1.91653598220299e-05 9266.38964844
16082041 82.6611111111111 4.48339682825172 1.78265523333437e-05 8753.04296875
16082042 82.6828356481482 4.50252565515365 1.92356307371271e-05 8220.41992188
16082043 82.7045717592593 4.60254739617876 3.31141391558872e-05 7850.62695312
16082044 82.71125 4.55096345217251 2.50225231673223e-05 7772.50927734
16082045 82.7234606481482 4.58566587859867 3.20984907329634e-05 7624.38867188
16082046 82.7298032407407 4.52018323723471 1.67050279797711e-05 7436.19531250
16082047 82.749375 4.39424873994464 1.6912579162309e-05 7045.09863281
16082048 82.7712152777778 4.45371690725936 1.63548675767192e-05 6928.42822266
16082049 82.7919907407407 4.43672344387184 1.45994687923261e-05 6816.32373047
16082050 82.8135185185185 4.46878935734512 1.5199992848125e-05 6408.99316406
16082051 82.8350231481482 4.45197104778427 1.58562302836964e-05 6324.78857422
16082052 82.8565162037037 4.4842258216006 1.69051841865988e-05 6033.11425781
16082053 82.8749189814815 4.50599011242038 1.43188807129089e-05 5952.96679688
16082054 82.8966087962963 4.40888600824835 1.94668225173987e-05 5704.40966797
16082055 82.9166435185185 4.40877481687634 1.50842582805044e-05 5580.13085938
16082056 82.9383796296296 4.38298228131801 1.53535018201849e-05 5571.50732422
16082057 82.9598032407407 4.35784399071765 1.97828682802217e-05 5284.90527344
16083003 83.0430208333333 5.04973530804374 0.000367982383134728 10343.81152344
16083004 83.0469328703704 4.73347520610694 1.91844529098439e-05 10407.72460938
16083005 83.0689467592593 4.62963482356789 1.57102716623356e-05 9612.84960938
16083006 83.0842939814815 4.52532254307438 1.734137359209e-05 9403.85742188
16083007 83.1060069444444 4.48363479792776 1.78615897219434e-05 8802.75488281
16083008 83.1292476851852 4.45837742415647 1.68609845257697e-05 8386.29394531
16083009 83.1507291666667 4.55102955076172 2.22781164871226e-05 8039.32812500
16083010 83.1695949074074 4.4509303487749 1.70436763267508e-05 7754.75537109
16083011 83.1912731481481 4.3692269299095 1.67689198386962e-05 7340.83105469
16083012 83.2131481481482 4.42962565605282 1.7055317564866e-05 7210.97216797
16083013 83.2354166666667 4.5768499336893 1.54326645384315e-05 6754.94531250
16083014 83.2569675925926 4.46651891781476 1.54048110275236e-05 6597.18701172
16083015 83.2808564814815 4.50548009975992 2.56837647776312e-05 6602.25927734
16083016 83.2913194444444 4.37397904368975 1.63360171009015e-05 6540.88085938
16083017 83.3146527777778 4.40133002128212 2.2506025160059e-05 6202.53857422
16083018 83.3250347222222 4.4259075079599 1.62989568889613e-05 6284.20703125
16083019 83.3465972222222 4.32577504961814 4.49285763601875e-05 5981.88085938
16083041 83.4663194444444 4.66143139626654 3.52572862485485e-05 11725.58691406
16083042 83.4889236111111 4.59135321118725 1.80722180099667e-05 10460.98730469
16083043 83.5106365740741 4.48450473552286 1.78507270248769e-05 9661.54589844
16083044 83.5258217592593 4.64548945526556 6.38207974751883e-05 9320.66699219
16083045 83.5339467592593 4.48793530982861 2.34723280140565e-05 9286.68164062
16083046 83.5475115740741 4.45543249291286 1.8493808362081e-05 9042.18164062
16083048 83.5760416666667 4.48284624133727 3.91265264032862e-05 8454.77441406
16083049 83.5851273148148 4.52112419901358 2.53526488157205e-05 8198.10058594
16083050 83.5954050925926 4.53722322206127 2.24728911195302e-05 8078.89453125
16083052 83.6120717592593 4.54929800054669 1.77302380654602e-05 7852.65625000
16083053 83.6337615740741 4.41107803676902 1.6514354774754e-05 7639.09912109
16083054 83.655474537037 4.58240045132746 3.1833484934443e-05 7468.66064453
16083055 83.6730439814815 4.38328545535126 1.53310156826614e-05 6567.76562500
16083056 83.6976736111111 4.53854881661789 2.79877152142416e-05 6507.40234375
16083057 83.7101851851852 4.4349604488769 1.53564543495955e-05 6214.20605469
16083058 83.731875 4.44844627152092 1.61084246035274e-05 6286.23632812
16083059 83.754224537037 4.46091152714458 1.50754494262466e-05 6183.26318359
16083060 83.7759837962963 4.39884702304166 1.7091877572049e-05 6004.20019531
16083068 83.8618171296296 0 0.00111537303554751 10367.14453125
16084003 84.0044212962963 4.55738728271179 8.99732600047453e-05 8804.78320312
16084004 84.0061689814815 4.67546254117686 1.45745000230467e-05 8647.53222656
16084005 84.0299884259259 4.52565882285825 0.000112307170145093 8178.82421875
16084006 84.0311574074074 4.50452073051343 1.73595051829669e-05 8226.00000000
16084007 84.0559375 4.60644855220696 1.62820609186521e-05 7912.51269531
16084008 84.0781944444444 4.61392586355597 1.51745551312081e-05 7461.05126953
16084009 84.102037037037 4.55202946899067 1.6840260383182e-05 7259.66943359
16084010 84.1238541666667 4.49515286746372 1.92107226989651e-05 6979.15478516
16084011 84.1412037037037 4.63672833847736 2.03283029703968e-05 6855.89013672
16084012 84.1525 4.52100192487517 1.80298771114483e-05 6746.32177734
16084013 84.1769097222222 4.47119251181116 1.59001867893888e-05 6591.60791016
16084014 84.1984722222222 4.45940557721837 1.39678033659964e-05 6420.66064453
16084015 84.2259490740741 4.46982041677071 1.41143316478356e-05 6287.25146484
16084016 84.2488657407407 4.54604516719844 7.84886855459449e-05 6023.47607422
16084017 84.2500694444444 4.49151199033677 0.000191243855992522 6061.52099609
16084018 84.2529282407407 4.43582068603433 1.62643624495991e-05 6048.83886719
16085005 85.0508449074074 4.64378238430678 4.60773176584199e-05 12177.55566406
16085006 85.0545023148148 4.61921640620089 1.59702298840442e-05 11717.47167969
16085007 85.0761921296296 4.52106674376029 0.000104454363560298 10651.71777344
16085008 85.0851388888889 4.46326433649112 4.83966965291726e-05 10018.65722656
16085009 85.0900578703704 4.48449451628256 1.46856357097474e-05 9962.35156250
16085011 85.1213888888889 4.49791047688091 1.69644682509791e-05 9204.50488281
16085012 85.1419907407407 4.51413133019245 1.91560279751964e-05 8841.81445312
16085013 85.1530671296296 4.37752719960412 2.06885279783044e-05 8648.04003906
16085014 85.1725 4.39608001497628 2.37751487605765e-05 8216.86914062
16085023 85.2619907407407 4.78010814081919 1.1838895207839e-05 11327.89453125
16085024 85.2845023148148 4.56933914616214 1.45650974919723e-05 9971.98925781
16085025 85.3102893518518 4.57883826542462 1.8112974875736e-05 9123.34472656
16085026 85.3322453703704 4.53014232987137 1.72990437241235e-05 8662.24414062
16085027 85.354375 4.61378210157906 1.81210848683989e-05 8311.72753906
16085028 85.3742476851852 4.48798823869493 1.59836348866042e-05 7906.93310547
16085029 85.3967592592593 4.38666881416693 1.74130289002844e-05 7480.32714844
16085030 85.4189351851852 4.54850346574943 1.91457486203228e-05 7224.16064453
16085031 85.4328587962963 4.5147398719665 1.58943541456557e-05 7237.34960938
16085032 85.4546759259259 4.49093048193402 1.47595829409157e-05 7033.43115234
16085033 85.4768981481482 4.5085614401914 1.71028745315498e-05 6676.82763672
16085034 85.4939699074074 4.52365318808995 5.86548008132177e-05 6552.04052734
16085035 85.4992592592593 4.4322068282159 1.65264112252426e-05 6451.09667969
16085036 85.5209259259259 4.42948098552679 1.32351461670751e-05 6380.08056641
16085037 85.553900462963 4.50440348540432 1.56279673286994e-05 6117.82714844
16085051 85.6834259259259 4.40663292725181 1.44719159486809e-05 10595.41210938
16085052 85.7092013888889 4.56300853209155 5.20438566105349e-05 9183.70703125
16085053 85.7120833333333 4.5748131408273 0.000131455802500969 9215.66406250
16085054 85.7141319444444 4.53423273557813 1.75639041479988e-05 9322.69628906
16085055 85.7362962962963 4.43890872962063 2.05407133362754e-05 8792.60937500
16085056 85.7546180555556 4.25736235394442 1.99997591395601e-05 8257.95703125
16085057 85.7764351851852 4.16716424658924 1.70655742467316e-05 8087.01025391
16085058 85.8017592592593 4.24434288143993 2.70546768916463e-05 7705.04296875
16085061 85.8581134259259 4.46495548633299 1.42809318098425e-05 11371.01269531
16085062 85.8828125 4.45578771814326 1.49658890255945e-05 9986.19433594
16085065 85.9095023148148 4.47921441274979 2.09807917244167e-05 8932.10546875
16085067 85.9207523148148 4.43222688012699 3.90563958818202e-05 8682.02636719
16085069 85.9256018518519 4.50553618171045 3.76891026565712e-05 8514.63085938
16085070 85.9292939814815 4.40055143035072 3.41545940653138e-05 8464.91894531
16085071 85.9443402777778 4.35463686548973 3.66337534660038e-05 8353.32226562
16085072 85.9482175925926 4.44268586350256 1.61271051260283e-05 8223.46289062
16085073 85.9722685185185 4.40319480417193 2.66232482889592e-05 7825.26367188
16085074 85.9876736111111 4.41372251281892 1.67642449189307e-05 7591.92431641
16086001 86.0101157407407 4.3656936548032 1.66793928321955e-05 7259.16162109
16086002 86.0327314814815 4.4829695496553 1.54014290912345e-05 7099.88232422
16086003 86.0542939814815 4.31379270138971 1.69573837602438e-05 6819.87402344
16086004 86.0763773148148 4.43283104105969 1.64354948108151e-05 6662.62402344
16086005 86.0994560185185 4.27184901289975 3.10916065706861e-05 6493.70605469
16086006 86.1127546296296 4.34012978597942 1.73659989315763e-05 6266.45361328
16086007 86.1345601851852 4.20818939624062 2.00864928843778e-05 6211.66943359
16086008 86.15625 4.27758934073442 1.98090892165375e-05 6030.57763672
16086009 86.1796759259259 7307.80284824426 20.5320475865059 5810.42675781
16086010 86.1805671296296 3154.31925662594 25.9912870630983 5830.71728516
16086024 86.23875 4.763491750326 1.66317906314044e-05 11943.20214844
16086025 86.2619328703704 4.43386245339245 1.29813940023693e-05 10498.01953125
16086026 86.2880671296296 4.46761104770372 1.74083494630024e-05 9355.16113281
16086027 86.3108101851852 4.51869499630473 1.95932556553636e-05 9010.73144531
16086028 86.3333796296296 4.4104179688835 1.88219598159949e-05 8598.32812500
16086029 86.3596180555556 4.39544880779802 8.43296324021736e-05 7978.45703125
16086030 86.3613541666667 4.53059896701467 1.5076650205195e-05 8126.57714844
16086031 86.384375 4.4066287670002 1.64487878868269e-05 7881.56982422
16086032 86.4063888888889 4.46722753422151 1.58292324550843e-05 7493.00878906
16086033 86.428900462963 4.32828326301443 1.94253848535835e-05 7275.39453125
16086034 86.4521643518519 4.38775958077851 1.76860614115477e-05 7042.05468750
16086035 86.4721412037037 4.49308249573328 2.34432453070319e-05 6780.81591797
16086036 86.4859375 4.46554488345705 1.52192880714717e-05 6812.26562500
16086037 86.5077546296296 4.26912524936271 2.27267802481044e-05 6346.09326172
16086038 86.5235532407407 4.39109667198297 1.65332297355514e-05 6341.02148438
16086039 86.5380208333333 4.42379013742433 1.6553717800681e-05 6177.68310547
16086040 86.5599537037037 4.39226846957501 1.55340686094804e-05 6090.43457031
16086041 86.5840509259259 4.46003632555961 1.49601409311041e-05 5977.82275391
16086042 86.6088425925926 4.44740146287124 2.36043111286418e-05 5929.12548828
16086050 86.9105208333333 4.66773912434973 2.31674846637611e-05 9629.58789062
16086051 86.9321296296296 4.42002086573485 2.23676612439538e-05 8184.40478516
16086052 86.9535995370371 4.37769723629357 5.92010201367487e-05 7803.95947266
16086053 86.9650694444444 4.36501353630714 1.8105503228582e-05 7611.20019531
16086054 86.9868055555556 4.41989917221893 1.69572196768829e-05 7225.17626953
16087001 87.009212962963 4.43768657354531 1.54634429631779e-05 7167.34765625
16087002 87.0399768518518 4.43517263411101 1.64510188679483e-05 6736.17675781
16087003 87.0614814814815 4.32533870759829 2.34322817011057e-05 6634.21777344
16087004 87.0741666666667 4.30184562002468 1.6831544147987e-05 6385.15185547
16087005 87.0957407407407 4.26609338166587 1.83487300210104e-05 6259.35351562
16087006 87.1181365740741 4.26011743128616 1.61609781790406e-05 6123.91308594
16087007 87.1391898148148 4.36224546320037 1.847162261092e-05 6033.11425781
16087008 87.1603356481481 4.36067667773084 1.66885632045798e-05 5775.42529297
16087009 87.182974537037 4.29426572202635 1.6933383251271e-05 5604.98681641
16087010 87.2063194444444 4.30271217940498 1.73051812909666e-05 5491.36035156
16087011 87.2252546296296 4.25127762016324 3.03823817408846e-05 5451.28710938
16087018 87.2917939814815 4.96086620966367 0.000560688044741549 11741.82226562
16087019 87.2953935185185 4.39622103839782 1.99808254948316e-05 11242.16796875
16087020 87.3177314814815 4.50539910950715 2.34478460351505e-05 9494.15039062
16087021 87.3277314814815 4.44801585482673 1.93956753473618e-05 9286.17382812
16087022 87.3495833333333 4.38586263532085 1.83529176119225e-05 8741.88281250
16087023 87.3713425925926 4.4027505297463 1.77563205250948e-05 8143.82373047
16087024 87.3930092592593 4.34254274342098 2.00167849201486e-05 7711.13134766
16087025 87.4127430555556 4.33952554711674 1.69849548460557e-05 7527.50195312
16087026 87.4343402777778 4.42963917746109 1.69001167531551e-05 7090.24414062
16087027 87.4560185185185 4.30167106611893 1.65976679048424e-05 6974.58935547
16087028 87.4784375 4.33345525818428 1.94698457379612e-05 6593.63720703
16087029 87.4975694444444 4.39599795668996 1.67330203880247e-05 6624.07177734
16087030 87.5192708333333 4.25916959580678 1.77549726812566e-05 6375.00732422
16087031 87.5422685185185 4.40902562449014 1.56349386312548e-05 6062.02783203
16087032 87.5639351851852 4.36882132207765 1.62432968281365e-05 5747.52685547
16087033 87.5894212962963 4.30647837331815 1.40448353969697e-05 5710.49658203
16087041 87.6864467592593 4.63288196950814 2.11519669484679e-05 11456.74023438
16087042 87.7082986111111 4.48676671499937 1.43470297136841e-05 9720.38867188
16087043 87.7299537037037 4.46364656942051 1.95589235541673e-05 8916.88867188
16087044 87.7521527777778 4.439378386 2.32186346446899e-05 8357.88769531
16087045 87.7679282407407 4.39062275447013 1.86688439484662e-05 8155.49072266
16087046 87.7913194444445 4.37274401955463 1.5933673745329e-05 7794.82861328
16087047 87.8156828703704 4.38485443182956 3.07198854667699e-05 7152.63720703
16087048 87.8261342592593 4.42988977592974 1.65766387374205e-05 6976.11132812
16087049 87.847662037037 4.38182400363405 1.60771328180918e-05 6886.32519531
16087050 87.870162037037 4.34344807202351 1.78150162274946e-05 6409.50097656
16087051 87.8916782407407 4.34247534278898 1.67310773791044e-05 6256.30859375
16087052 87.9145023148148 4.2289551762602 1.97101694929243e-05 6043.25927734
16087053 87.9393055555556 4.29232717229818 1.7819799973617e-05 5783.03613281
16087054 87.9609606481482 4.39040077158392 1.71944356852682e-05 5490.34570312
16087055 87.9818171296296 4.31966485147133 1.62994219953123e-05 5540.05712891
16088001 88.003587962963 4.3235400936799 2.23348318189526e-05 5289.97802734
16088013 88.3799305555556 4.47502325532122 2.03709378140335e-05 7688.81152344
16088014 88.3950694444444 4.35867253477497 0.000137677016819528 7471.19628906
16088015 88.3965740740741 4.53881070103317 0.000194857733652403 7380.39697266
16088016 88.3977314814815 4.41461169929179 1.7220393615001e-05 7473.22558594
16088017 88.4197916666667 4.49575443464143 1.51774215517429e-05 6924.87744141
16088018 88.4418402777778 4.36778685515358 1.69308885131575e-05 6477.47412109
16088019 88.4633912037037 4.32035712603446 1.83549766818136e-05 6302.97656250
16088020 88.4852083333333 4.37588376107461 1.91726116401281e-05 5954.99560547
16088021 88.5044328703704 4.44038811678031 1.54241869922931e-05 5531.43457031
16088022 88.5260532407407 4.27247962829778 1.66349078948567e-05 5249.90429688
16088023 88.5485416666667 4.32051181097812 1.78006114425439e-05 5071.34912109
16088024 88.570150462963 4.33576049486743 0.000114345822403911 4699.52685547
16088025 88.5721527777778 4.27210132470772 1.58540744540994e-05 4873.00976562
16088026 88.5938657407407 4.20231753244373 1.69891798322702e-05 4640.68505859
16088027 88.6144907407407 4.25493639262303 2.50753478556899e-05 4560.03076172
16088028 88.625775462963 4.37710540992184 1.48391511785346e-05 4485.46337891
16088029 88.6472685185185 4.23842002540638 1.66592222434659e-05 4363.72119141
16088030 88.6690740740741 4.43165464999091 1.46458118705813e-05 4111.10595703
16088031 88.6906944444444 4.24750045994679 1.77935413047315e-05 4112.12060547
16088039 88.7539583333333 4.98330519670918 4.93684437062591e-05 11092.01953125
16088040 88.7814236111111 4.53191025738891 1.88971948865512e-05 8460.86132812
16088041 88.802962962963 4.47320351996445 1.79678576970833e-05 7875.48291016
16088042 88.8244791666667 4.48294328467544 1.8504636017813e-05 7291.62646484
16088043 88.8459259259259 4.38901776471639 1.75063562549418e-05 6926.39941406
16088044 88.8673379629629 4.44236389440147 3.23183602480532e-05 6726.03076172
16088045 88.8791087962963 4.48318065566788 1.54266809387934e-05 6545.95410156
16088046 88.9006828703704 4.27047349213753 1.74031499569573e-05 6065.57910156
16088047 88.9221412037037 4.35784908703324 1.58590357524008e-05 5973.76464844
16088048 88.9438078703704 4.35644276720409 1.57628549147202e-05 5735.86035156
16088049 88.9654398148148 4.37917353726984 2.80453998983903e-05 5427.95214844
16088050 88.9773148148148 4.26728007801195 1.57663009561409e-05 5532.44824219
16089001 89.0055324074074 4.46158092790188 8.73740722819956e-05 5198.67138672
16089002 89.0197106481481 5.27244020508178 0.0326119551241333 5052.58007812
16089003 89.0243055555556 4.39425339890581 1.91784220032555e-05 5024.17382812
16089004 89.0337615740741 4.30429613110757 1.53136743754334e-05 4942.50488281
16089005 89.056724537037 4.26430887225304 1.69614504272931e-05 4763.94921875
16089014 89.2633564814815 5.14947727015203 5.84910707110909e-05 11143.76074219
16089015 89.2849652777778 4.61067288170665 1.83417840850124e-05 9039.13769531
16089016 89.2992939814815 4.5006364998759 1.81051764722421e-05 8384.77246094
16089017 89.3209490740741 4.6145866897866 1.61385160462016e-05 7525.47314453
16089018 89.342662037037 4.43734833306204 1.63902564338016e-05 7137.41943359
16089019 89.3645023148148 4.48775650022051 1.80971444439122e-05 6692.04541016
16089020 89.3850462962963 4.48885428809844 1.62302372830129e-05 6480.01025391
16089021 89.4067245370371 4.76291494741678 0.000159536148179328 6032.09960938
16089023 89.4117476851852 4.3773002868871 0.000131843770466986 6040.72265625
16089024 89.4138078703704 4.57035443184839 1.51451481083505e-05 6088.91308594
16089026 89.4514699074074 4.44039914777235 1.52276777035068e-05 5586.72558594
16089027 89.4737615740741 4.4707406782702 1.52675521404097e-05 5388.89404297
16089028 89.4954398148148 4.48808558697194 1.70818533080973e-05 5130.19091797
16089029 89.5146643518519 4.39706611503245 1.91296476890215e-05 5053.08740234
16089030 89.5409490740741 4.41134494297634 1.55638442926627e-05 4805.54443359
16089031 89.562662037037 4.41722530295243 1.32884680316947e-05 4700.03466797
16089041 89.7601157407407 4.3819792903951 1.52736698259716e-05 11463.84179688
16089042 89.7815856481482 4.49140938087318 1.44489491339952e-05 9765.53515625
16089043 89.803125 4.50638511610758 3.86626074307437e-05 9311.02929688
16089044 89.8085069444444 4.45865019208632 2.35232554540157e-05 9137.03906250
16089045 89.8255787037037 4.60490156074961 1.475492129125e-05 8626.73535156
16089046 89.8473263888889 4.38794652717069 1.82123351249229e-05 8049.47314453
16089047 89.868900462963 4.43831946802054 4.77599551253286e-05 7627.93994141
16089048 89.871724537037 4.36722708320078 2.84671373376622e-05 7462.06591797
16089049 89.8824884259259 4.38562252832534 1.66899353639061e-05 7386.99169922
16089050 89.9043287037037 4.49113135001344 1.60967545732749e-05 6987.77832031
16089051 89.924224537037 4.44587577266622 1.5974578735237e-05 6612.91210938
16089052 89.9481018518518 4.48954999377228 1.43150670419836e-05 6426.74804688
16089053 89.9701851851852 4.30882544802794 1.69953340936551e-05 6092.46337891
16089054 89.9930555555556 4.35189275766592 2.85742292141157e-05 5857.09423828
16090001 90.0078009259259 4.3315021214231 2.08503445156079e-05 5610.06005859
16090002 90.0197222222222 4.31639856585956 1.53412528711255e-05 5540.05712891
16090003 90.0422685185185 4.30868460423668 1.55706463700404e-05 5300.63037109
16090004 90.0648263888889 4.38726313061335 1.54820301107824e-05 5144.39404297
16090005 90.0859490740741 4.31084629922825 3.83592738453294e-05 4899.38769531
16090015 90.1456828703704 4.57877867215586 1.22428711237794e-05 10492.94531250
16090016 90.1723958333333 4.48551974901962 2.8402379656685e-05 9329.79785156
16090017 90.1801851851852 4.54231100423446 1.8767952291004e-05 8945.29589844
16090018 90.2026504629629 4.57197247862528 1.50885250845195e-05 8323.90039062
16090019 90.2256018518519 4.47547201329898 1.77365810556156e-05 7791.78466797
16090020 90.2484837962963 4.47703861208311 1.99340019559171e-05 7324.09130859
16090021 90.2669444444444 4.46046654013243 1.56114235903739e-05 6954.80566406
16090022 90.2896990740741 4.56220642870604 1.61582216866954e-05 6715.88574219
16090023 90.3111458333333 4.41155004766382 1.70346342009874e-05 6443.99462891
16090024 90.3327083333333 4.4174604973657 1.54836143454325e-05 6210.65478516
16090025 90.3543055555555 4.54229055284271 1.47919482862405e-05 5842.89160156
16090026 90.3758564814815 4.28051502806192 1.89504169729828e-05 5875.35595703
16090027 90.3932291666667 4.42557386927515 1.78704896998394e-05 5632.88623047
16090028 90.4147685185185 4.43950323834229 1.59557913382815e-05 5514.18798828
16090029 90.4363657407408 4.49662762728296 1.42296653950493e-05 5202.22216797
16090030 90.458287037037 4.51093566517524 1.91569849108675e-05 5142.36523438
16090038 90.5326041666667 4.71377220066755 1.39236776173643e-05 11259.92187500
16090039 90.5517939814815 4.49450169100147 2.19342481167726e-05 9541.32714844
16090041 90.7018634259259 4.59976312363014 1.22823262541761e-05 12135.45312500
16090042 90.736099537037 4.59659343755553 1.67572965574287e-05 9270.95605469
16090044 90.7599537037037 4.44766582114696 1.9915815775362e-05 8410.13574219
16090045 90.7753703703704 4.55281691387871 1.54027414789915e-05 7964.76074219
16090046 90.8015277777778 4.49455464209324 1.37085478090055e-05 7342.35302734
16090047 90.8346412037037 4.62693937222158 1.57954702918738e-05 6839.15087891
16090048 90.8560648148148 4.2746009982037 1.59146509063849e-05 6417.11035156
16090049 90.8776736111111 4.23141946288867 2.00466625967827e-05 6118.84033203
16090050 90.8950347222222 4.30336188623929 1.45032113137865e-05 5944.85107422
16090051 90.9168865740741 4.4355080564914 1.57076290640775e-05 5645.56689453
16090052 90.9387615740741 4.44106699884813 1.67562999746911e-05 5245.84667969
16090053 90.9559259259259 4.42550067506498 1.95221248126235e-05 5164.17773438
16091003 91.0219212962963 4.45340097499701 1.59429656039064e-05 11537.39453125
16091004 91.0440972222222 4.44793065705524 1.42648526593291e-05 10194.67578125
16091005 91.0663773148148 4.43879713895661 1.94077189612267e-05 9266.38964844
16091006 91.0887268518518 4.42178696169584 1.65544083014952e-05 8509.05078125
16091007 91.1104976851852 4.34087038838997 1.835135531659e-05 7741.05908203
16091008 91.1320949074074 4.35341119169918 2.32922841429961e-05 7230.75488281
16091009 91.1475462962963 4.36899612506657 1.84021036532192e-05 6955.81982422
16091010 91.1702083333333 4.35762724687193 1.60609208511401e-05 6429.28466797
16091011 91.1918171296296 4.33271847013668 1.67470502057208e-05 6004.20019531
16091012 91.2134375 4.34760579924909 1.58215926000468e-05 5736.87402344
16091013 91.235474537037 4.34635630483605 1.60555871149135e-05 5445.19970703
16091014 91.2571296296296 4.37791735579697 1.79538249191338e-05 5186.49707031
16091036 91.7921412037037 744.275654125822 4.24926532677276 9014.78906250
16091037 91.7934143518518 2281.1978650939 19.4326775852467 8670.86718750
16091038 91.7959953703704 3071.62761288246 23.8818116789666 8568.40039062
16091049 91.8978125 5.5839539367974 0.000317538640253844 11811.82128906
16091050 91.9022800925926 5.49171157434472 0.000255806131917523 11108.75878906
16091051 91.904837962963 5.65932807308754 0.000536319396005857 10762.30175781
16091052 91.9058564814815 5.35969492212593 7.09297058047419e-05 10868.82519531
16091053 91.9147569444444 5.35171016839383 6.36451412529198e-05 10203.29882812
16091054 91.9225694444444 5.29470475694423 0.000124243082405619 9683.35839844
16091055 91.9256944444444 4.95393992526056 3.87172569359563e-05 9612.84960938
16091056 91.9357523148148 4.71404906362161 3.46396023127459e-05 9214.65039062
16091057 91.9403587962963 4.64778711578312 3.48886411968379e-05 8804.27636719
16091060 91.9528819444444 4.65122630927481 2.6028916207273e-05 8374.62792969
16091061 91.9614236111111 4.5163363044605 2.16120701491086e-05 8144.33105469
16091062 91.9726388888889 4.54453817301588 1.58875134956463e-05 7859.25048828
16091063 91.9960416666667 4.55031168163855 1.67276944094443e-05 7151.11572266
16092001 92.0225694444444 4.39187934843063 1.51936402853469e-05 6655.52197266
16092002 92.0446064814815 4.59954969495563 2.09862140162724e-05 6281.16357422
16092003 92.0581597222222 4.3317716684719 3.1209489656861e-05 6085.86865234
16092014 92.1361111111111 4.5883468870132 1.41771611876392e-05 11882.83886719
16092015 92.158287037037 4.6229358710765 1.49590488277801e-05 9950.17578125
16092016 92.1740393518518 4.59538053347119 1.78790301448706e-05 9205.51953125
16092017 92.1965972222222 4.55834809527891 1.59294640376716e-05 8470.50000000
16092018 92.2184722222222 4.41500746442904 1.67844333131661e-05 7819.17675781
16092019 92.2409606481481 4.53039155733642 1.94931255415723e-05 7258.14746094
16092020 92.2596875 4.50639467059815 1.72470774277452e-05 7069.95312500
16092021 92.2790625 4.50328696168021 1.67548877758556e-05 6587.54931641
16092022 92.3015972222222 4.45367891082303 1.66813308996447e-05 6216.23535156
16092023 92.3237847222222 4.40971137674644 2.47627373080926e-05 5961.59033203
16092031 92.4337037037037 4.48253420311949 1.68171145996225e-05 12318.57421875
16092033 92.4577199074074 4.58034723837502 1.53026205399075e-05 10591.86132812
16092034 92.4738078703704 4.44197254659354 1.75856385806094e-05 9417.04687500
16092035 92.4953472222222 4.44908557603172 1.64238960413938e-05 8646.01074219
16092036 92.5170486111111 4.43366991200904 1.97207950960557e-05 7928.74511719
16092037 92.5385300925926 4.37375345783204 1.66109025203579e-05 7097.34521484
16092040 92.5652662037037 4.66453392810172 0.000132461361005451 6608.85498047
16092042 92.5755671296296 4.3082588044893 1.8425202644221e-05 6231.45263672
16092044 92.5975462962963 4.41883708138152 1.88359865898448e-05 5840.86230469
16092048 92.6213425925926 4.42920009470755 1.93936954802366e-05 5436.06884766
16092049 92.6358333333333 4.35744413119433 1.52844009569615e-05 5334.61669922
16092050 92.6573263888889 4.3147193532443 1.63331769651698e-05 5001.34667969
16092051 92.6786111111111 4.34698811360433 2.86427168748951e-05 4864.89404297
16092052 92.6879282407407 4.26765874061092 1.59480808600346e-05 4784.74707031
16092053 92.7093402777778 4.50969084926029 1.47252002658149e-05 4781.70361328
16092054 92.7313310185185 4.25139339151068 1.58028686261433e-05 4541.26220703
16092055 92.7528356481482 4.29140159093496 2.82159032013564e-05 4331.25634766
16092063 92.826724537037 4.60317093676983 1.56056782380637e-05 12088.78613281
16092064 92.8487268518518 4.58223586165249 1.58791984281758e-05 10366.63671875
16092065 92.8671296296296 4.60938325480303 1.76369339092939e-05 9499.22265625
16092066 92.8886458333333 4.63102835977837 2.86589503471288e-05 8944.28027344
16092067 92.9107986111111 4.56917714478534 1.61765038004035e-05 8411.65722656
16092068 92.9323726851852 4.45757048239561 1.91377071093347e-05 7982.00732422
16092069 92.9539583333333 4.61176493554209 1.52623196667916e-05 7543.22802734
16092070 92.975787037037 4.49096308635886 1.71233089181619e-05 7123.21630859
16092071 92.9980208333333 4.50618299862368 1.59756842959591e-05 6881.76025391
16093001 93.0199189814815 4.52589120700577 1.51468938704847e-05 6643.34814453
16093002 93.0420486111111 4.45559382222636 1.59132417574247e-05 6398.84863281
16093003 93.0641319444445 4.57022329859018 2.52686524440555e-05 6236.52587891
16093004 93.0766087962963 4.35973429719161 1.89607080887357e-05 6050.86816406
16093010 93.1431597222222 4.54599903674769 1.58113564226837e-05 12795.90625000
16093011 93.1666319444445 4.53775408965616 1.23250226358214e-05 10783.09863281
16093012 93.1933217592593 4.50921502463269 2.00833109426711e-05 9340.95703125
16093013 93.2156481481481 4.54057917848186 1.81548010590719e-05 8865.65527344
16093014 93.2382986111111 4.60043524194573 1.54318818391419e-05 8172.22998047
16093015 93.2603703703704 4.44157227591081 6.27631148786173e-05 7699.46337891
16093016 93.268912037037 4.57481142750888 1.5111006582393e-05 7417.93359375
16093017 93.2940856481482 4.51489193962233 1.61641421587824e-05 7220.61035156
16093018 93.3157523148148 4.41108508334834 1.82463794911169e-05 6788.93212891
