16064077 64.8970486111111 0.00831263040744443 2.45556326337903e-05 10.60002422
16064078 64.9029513888889 0.00826461102978683 1.35009308961482e-05 9.77704716
16064079 64.9289930555556 0.00808156338422291 1.26903646739631e-05 8.78490639
16064080 64.9525925925926 0.00796009529158145 1.51333653161234e-05 7.45543861
16064081 64.9709722222222 0.00784015090853561 4.65788752959332e-05 7.18997335
16064082 64.9816782407407 0.00781773284732608 2.40218127703725e-05 6.63510704
16065001 65.005162037037 0.00776541518805581 1.58804434335328e-05 6.23908472
16065002 65.0282291666667 0.00767878109020808 1.53210747542346e-05 5.57060003
16065003 65.0501041666667 0.00758946683507287 1.53538483843227e-05 5.24565554
16065005 65.0744791666667 0.00748798376819131 1.57808026017829e-05 4.58089542
16065006 65.1009837962963 0.00747691820642766 1.60525754565335e-05 4.55330658
16065007 65.1239351851852 0.00739957283041457 1.66554704933367e-05 3.87587547
16065008 65.1466087962963 0.007359686783648 1.72851106926363e-05 3.85455823
16065009 65.1678240740741 0.00734485070041148 1.78328195622405e-05 3.65079260
16065010 65.1896296296296 0.00730748128378386 1.77225037862869e-05 3.40243912
16065011 65.2114236111111 0.992611953347779 0.0283874004057222 3.26064324
16065012 65.2132407407407 0.00724240201746044 1.76542426927309e-05 3.13564372
16065013 65.2365046296296 0.00722470561410274 1.8126887209642e-05 3.06356931
16065014 65.2600347222222 0.00718753732285425 2.33340733881876e-05 2.81506824
16065015 65.2762037037037 0.0071560190065383 2.08750431771941e-05 2.68704677
16065016 65.2954282407407 0.00708592856657119 1.9785228063344e-05 2.49301291
16065017 65.3172453703704 0.00703315714877718 2.03152994108476e-05 2.53944540
16065018 65.3394675925926 0.00702226477841725 2.51482516003104e-05 2.38038707
16065023 65.4300810185185 0.00877185753377402 1.22675336957502e-05 19.05685425
16065024 65.4460763888889 0.00855151515603628 1.62719588326537e-05 16.53219795
16065025 65.4573842592593 0.00842382979912708 1.17806441248232e-05 14.29073715
16065026 65.4824074074074 0.00825643588095233 1.74821192659189e-05 11.69980049
16065027 65.4934259259259 0.00810099884794376 1.20296908812793e-05 10.74794483
16065028 65.5176851851852 0.00798838103690074 1.43807960695897e-05 9.36433601
16065036 65.6069097222222 0.00856898209903703 1.23264353117794e-05 15.68261147
16065037 65.6238888888889 0.00837220329110676 1.37588248209853e-05 12.67792892
16065038 65.6397685185185 0.00823061468397162 1.18088785619064e-05 11.58130074
16065039 65.6635763888889 0.00810957590912493 1.39399921354919e-05 9.90666199
16065041 65.6933680555556 0.0079723004275189 1.38329668337045e-05 8.35326099
16065042 65.7133101851852 0.00783414376334603 1.67642412275089e-05 7.56406307
16065043 65.7327893518518 0.00783196042248906 5.59072780434287e-05 6.81003857
16065044 65.7369328703704 0.00772761475244605 1.38975912384736e-05 6.74124908
16065045 65.7596875 0.00767227124217883 1.39007865782852e-05 6.31289625
16065046 65.7839236111111 0.00762213010070897 1.50782082993586e-05 5.66340017
16065047 65.8055555555556 0.00756898660298852 1.51807825830046e-05 5.42869425
16065048 65.8272106481482 0.00753294612815509 1.56296428016465e-05 5.12087345
16065059 65.8928935185185 0.00742962421359431 0.000200356392149884 4.49397087
16065060 65.8946064814815 0.0073958679326504 1.60526025016401e-05 4.42364359
16065061 65.9165046296296 0.00737846368440222 1.69604703396474e-05 4.24855042
16065072 65.9942476851852 0.008581220515513 1.10511021910512e-05 15.20459366
16066001 66.0158449074074 0.00835365635029457 1.24810670016916e-05 12.16978455
16066002 66.0371759259259 0.00819697041989667 1.20575534854979e-05 11.48288441
16066003 66.0603703703704 0.00804416295439793 1.27093415607979e-05 9.73333263
16066004 66.0834027777778 0.00797541175450564 1.31848449436941e-05 8.37883091
16066005 66.10625 0.00791333552152045 1.57015918811565e-05 7.44937372
16066006 66.1283912037037 0.00774704013982651 1.35731596493444e-05 6.93419695
16066007 66.1528935185185 0.0077020003177436 1.51815198669981e-05 5.97324944
16066008 66.1738425925926 0.00765729939401712 1.48210565431579e-05 5.80280972
16066009 66.1962847222222 0.00762038241888127 1.52124768069974e-05 5.53492117
16066011 66.2189930555556 0.00756780061254385 1.54174798549114e-05 5.31013060
16066012 66.2407523148148 0.00752655680827581 2.30182326357654e-05 5.05676079
16066015 66.3109375 0.00871747320297869 9.83922742477731e-06 18.21731186
16066016 66.3363657407407 0.00847459645900838 1.20621332926791e-05 16.10840797
16066017 66.3602893518518 0.0082501342172742 1.17942336222908e-05 13.13385296
16066018 66.3835416666667 0.00811410148007894 1.80367701179e-05 10.65829754
16066019 66.3950925925926 0.00803720108628275 1.83932025328236e-05 10.07289696
16066020 66.4070023148148 0.00793517812726197 2.41296378357398e-05 9.10145760
16066021 66.417974537037 0.00787970730586742 1.75021780638404e-05 8.75944805
16066026 66.5050462962963 0.00751725412993256 1.47252089605961e-05 6.01166439
16066027 66.5266319444444 0.00744681180372284 1.48016176528223e-05 5.74598932
16066028 66.5486805555556 0.970134732436878 0.032698235503708 5.41013002
16066030 66.552037037037 0.00742211789854053 3.36105932347439e-05 5.53294325
16066031 66.5626273148148 0.0073708087171378 1.54790776798647e-05 5.34593010
16066032 66.5840162037037 0.00729116277065461 1.6966644156563e-05 5.00055933
16066033 66.6055671296296 0.00729803226534514 1.61635083622355e-05 4.88365221
16066035 66.6351851851852 0.00722576718322074 1.74036789665894e-05 4.79286337
16066046 66.7824537037037 0.0086454468694429 2.13683266173168e-05 17.86180878
16066047 66.788125 0.00848782996256019 1.1178405693459e-05 16.95197105
16066048 66.8092824074074 0.991269499543152 0.0274998213154044 15.38937378
16066049 66.8121990740741 0.00821072568559328 1.26198884593955e-05 13.68417645
16066050 66.8308912037037 0.00807986505556189 1.22043072922216e-05 12.33247089
16066051 66.8525231481482 0.00794548521638568 1.09270252993243e-05 10.80210209
16066052 66.8809375 0.0078532246170093 1.2885844369268e-05 9.13399696
16066053 66.9028935185185 0.00780511529088812 1.41952296404307e-05 8.81471157
16066054 66.921875 0.00773883488573818 1.59408345237559e-05 8.21465874
16066055 66.9436921296296 0.00765090682954621 1.46921549445553e-05 7.44452572
16066059 66.9681597222222 0.00759480893597314 1.41502567100196e-05 7.20767117
16066060 66.9897569444444 0.00754870667766254 1.43163687014816e-05 6.76036930
16067001 67.0113194444445 0.00749705211517554 1.4247043077132e-05 6.74799299
16067003 67.0350578703704 0.00747339370088626 1.45864648749913e-05 6.33116961
16067004 67.0573958333333 0.00743053373106511 1.60539055353165e-05 6.07115126
16067005 67.0761921296296 0.00737655307518093 1.46846561131787e-05 5.65938902
16067006 67.0989467592593 0.00735479671225894 3.14873545168687e-05 5.60442066
16067013 67.3713078703704 0.00834657633244304 1.36743668455874e-05 13.95532036
16067014 67.3866898148148 0.00813353365909877 1.84847606605368e-05 11.38647747
16067015 67.3963773148148 0.0080712593895664 1.25762176406175e-05 11.22579956
16067016 67.417962962963 0.00804178441136981 1.24516162658575e-05 10.21412754
16067017 67.4403356481481 0.00790633540487787 1.30255437188568e-05 9.04854298
16067019 67.4765972222222 0.00773773326298006 1.35337604667406e-05 7.71511889
16067020 67.4983912037037 0.00765534999768011 1.37993531882756e-05 7.54566431
16067021 67.5203009259259 0.00760090805568706 1.3989830040146e-05 7.00441694
16067022 67.5418634259259 0.00753389445851741 1.49998676149068e-05 6.46117258
16067039 67.8637847222222 0.00842743106792882 9.67084808228403e-06 18.56879425
16067040 67.8905555555556 0.00821403472065853 2.73778464834679e-05 13.85489750
16067041 67.8948726851852 0.00808438600031001 1.17416772159497e-05 13.88502407
16067042 67.9174189814815 0.00795313875209033 1.17913064197637e-05 11.51301289
16067043 67.9411342592593 0.00787253338644748 1.27578058838406e-05 11.03901196
16067044 67.9627083333333 0.00777996862767514 4.64669839070488e-05 9.65791988
16067045 67.9840046296296 0 1.17671751707908e-06 8.98432922
16067046 67.9853125 0 3.60096939108547e-07 9.07347012
16067047 67.9907291666667 0 3.93142685191886e-07 8.57104778
16068001 68.0031018518518 0.00767594524050454 1.42842807241639e-05 8.52153778
16068003 68.0260185185185 0.0076199321754052 1.46563769873182e-05 7.91075182
16068004 68.0483333333333 0.00755831561028391 1.54340631939921e-05 7.60467386
16068005 68.0675115740741 0.00752701780389737 1.42822572931735e-05 7.05888367
16068006 68.0903125 0.0074870105491668 1.43532192696098e-05 7.10198545
16068007 68.1174537037037 0.00742342303283057 1.64243412826144e-05 6.39053345
16068008 68.1392939814815 0.00734697462186106 1.45263003736728e-05 5.90307522
16068009 68.1621643518518 0.00731816552961857 1.50397029219167e-05 5.91336584
16068010 68.1857638888889 0.00730753883805541 2.35045946026694e-05 5.74194384
16068012 68.246875 0.00858628135359898 1.15592661679973e-05 19.66140556
16068013 68.2663310185185 0.00822300887143783 2.21617986051354e-05 14.27065086
16068014 68.2734027777778 0.00811119159672359 1.13638810023193e-05 14.35099125
16068015 68.2975694444444 0.00798233527330092 1.21891075886728e-05 12.32443619
16068016 68.3195486111111 0.00783958153840623 1.32145722257979e-05 11.18562984
16068017 68.3428935185185 0.00777004268297495 2.59291354394845e-05 9.63403034
16068018 68.3486689814815 0.00771404611133769 1.15963442693606e-05 9.76730728
16068021 68.3798263888889 0.00760513678998871 1.78096858227912e-05 8.88756752
16068022 68.4118518518518 0.00752147828163102 1.28131786533455e-05 7.95938730
16068023 68.4384143518518 0.00747710103748119 2.42269217025802e-05 7.64670563
16068024 68.4461921296296 0.0074289745291515 1.35616883362674e-05 7.32055140
16068025 68.4699537037037 0.00737562239748127 1.87729732178609e-05 7.08681917
16068028 68.4859606481482 0.00730951211994425 2.08427870937839e-05 6.84973669
16068029 68.502349537037 0.00727996067559386 1.36675396103328e-05 6.16372824
16068030 68.5272569444444 0.00722504248225747 1.46310252299764e-05 6.11627483
16068032 68.5526736111111 0.00719458932600571 1.42438602445482e-05 5.96599817
16068034 68.5782291666667 0.00714626552757505 1.52761938535398e-05 5.69453716
16068035 68.599837962963 0.00708789468135138 1.45008911440553e-05 5.41891909
16068036 68.6297222222222 0.00704506065250684 1.55207679126536e-05 5.02112675
16068037 68.6513425925926 0.0070052164706409 2.02579632375258e-05 4.83767366
16068038 68.6691319444444 0.00697628303068171 1.57944506946069e-05 4.77189493
16068039 68.6912731481481 0.00695936274645625 1.58924695509252e-05 4.76552296
16068040 68.7132407407407 0.00693143044250302 2.06832340374286e-05 4.54620075
16068042 68.7340162037037 0.00692583335842418 1.65852044077336e-05 4.31141853
16068043 68.7550462962963 0.0069990888173354 7.82304111030098e-05 4.45961523
16068055 68.9483912037037 0.00863788712158114 1.1256957165628e-05 18.56678391
16068056 68.9699768518519 0.00817995401949688 1.47785335924073e-05 12.20191956
16068057 68.9841898148148 0.00811997776905505 3.15858112649977e-05 10.36243153
16068058 68.99125 0.00802620908663869 1.25163002960974e-05 11.51100349
16069001 69.0131597222222 0.0078975386315315 1.25195225273878e-05 9.27012062
16069002 69.0361342592593 0.00783109224622229 1.31902559789081e-05 7.98123360
16069003 69.0579282407407 0.00770936680011515 1.55043262263701e-05 7.92480326
16069004 69.0814699074074 0.00765664432375518 4.05188982203583e-05 6.57419682
16069005 69.0909143518519 0.00750142172160095 2.62674037545837e-05 4.87627983
16069006 69.0980208333333 0.00746519554826712 1.53095810320466e-05 5.10952663
16069007 69.1196875 0.00739836146042178 1.56062863767281e-05 4.78191662
16069008 69.1410763888889 0.00739985571957363 1.53356662403355e-05 4.76552296
16069009 69.1627430555556 0.00735388149732164 1.56125737703049e-05 4.74734211
16069010 69.1842013888889 0.00735376530353208 1.94386110194312e-05 4.50722027
16069011 69.2037731481481 0.00728659154702529 1.63946153257392e-05 4.03333616
16069012 69.2254050925926 0.00726509456358887 1.63109876191654e-05 4.01077843
16069013 69.2470717592593 0.00722469822482345 4.31087979525443e-05 3.91207504
16069014 69.2531597222222 0.00725268731705981 0.000265004909739396 3.72378469
16069015 69.2615509259259 0.00680119167751488 0.000260747746578677 3.71975708
16069016 69.2623032407407 0.00722145564726167 2.10287841954177e-05 3.68119287
16069024 69.373912037037 0.00838863294854635 1.93418037769018e-05 16.55830765
16069025 69.3819328703704 0.00820654084902346 1.13685587108883e-05 15.68461895
16069026 69.4041435185185 0.00797886215406896 1.21543952762848e-05 12.73014927
16069027 69.4257523148148 0.00778266271017837 1.25638508850803e-05 11.19768143
16069028 69.4475 0.00766508343140428 1.30988410982051e-05 9.09850788
16069029 69.4692361111111 0.00760418573602743 2.23870693340392e-05 7.77270985
16069030 69.4827199074074 0.00755440708607693 1.6456940496726e-05 7.63803625
16069031 69.5024537037037 0.00743044859969172 2.18794550410212e-05 7.04726839
16069032 69.5130092592593 0.00739841457730574 2.81380438548534e-05 6.61623859
16069033 69.5209606481481 0.00739822802162848 1.9623572164688e-05 6.64288807
16069034 69.5343981481482 0.00737429644753875 1.4181816555914e-05 6.28715754
16069035 69.5563773148148 0.00734550086734179 1.44239496910045e-05 6.39811563
16069036 69.578599537037 0.00724601996731459 1.32758037347156e-05 5.83849669
16069037 69.6068518518519 0.00722670000609855 5.3354218876309e-05 5.49149799
16069038 69.6149305555556 0.00717197124469516 4.33390421632358e-05 5.43065023
16069039 69.6199652777778 0.00717280721545986 1.59534946323369e-05 5.28891087
16069040 69.640162037037 0.00717085519659065 4.21769213217132e-05 5.44827509
16069041 69.6436574074074 0.00713932621456383 1.51662934025657e-05 5.27350760
16069042 69.6658217592593 0.00712848713582203 1.5220456503e-05 4.85419941
16069045 69.7399537037037 0.00277446474928387 0.000584147147025655 23.45742989
16069049 69.7549537037037 0.00829942367553246 1.90864703237524e-05 17.98834419
16069050 69.7623148148148 0.0075041851797435 0.00092057039471451 16.72300339
16069052 69.7661921296296 0 2.27190525954307e-05 16.36348534
16069053 69.7671875 0.00798918676406792 1.36907527343213e-05 16.22690964
16069054 69.7823611111111 0.00772430628525505 1.24365499993161e-05 12.59156513
16069055 69.8032291666667 0.00766043959084981 2.28005741508377e-05 10.10875034
16069060 69.8327083333333 0.00748843733336234 1.02285901084157e-05 8.68635654
16069061 69.8701851851852 0.00742310689937834 3.63588365128164e-05 7.78276825
16069062 69.8764583333333 0.00738190930038767 1.31647009253561e-05 7.61824989
16069063 69.8999305555555 0.00731632551513787 1.83119676219719e-05 7.05772114
16069064 69.9148263888889 0.00730557305730863 1.41642524972079e-05 6.84064770
16069065 69.9369097222222 0.00725175092620217 1.43653515799822e-05 6.80211830
16069066 69.9580902777778 0.0072339373526055 1.50698860909613e-05 6.31182241
16069067 69.9803703703704 0.00714201967906334 2.11920260218272e-05 6.07743502
16070003 70.0367592592593 0.00828172008934766 9.32562028180497e-06 22.01333427
16070004 70.0633449074074 0.00793045143496784 1.13103889322983e-05 16.12447548
16070005 70.0850925925926 0.00779236323028536 1.1754609994361e-05 13.23226833
16070006 70.106724537037 0.00768531904529843 1.19519627469505e-05 12.01111412
16070008 70.1313657407407 0.00761676219661006 1.14530170840918e-05 11.07717323
16070009 70.1621064814815 0.0075048515183845 1.17346782058878e-05 9.65951633
16070010 70.1884490740741 0.00737996846778259 1.28964661918307e-05 8.57932758
16070011 70.2109606481481 0.989638672857316 0.0239975290728775 7.85223293
16070012 70.2146759259259 0.00736154546524638 1.34364440971533e-05 8.30101967
16070013 70.2363888888889 0.00727140679731117 1.37024977697912e-05 7.29905796
16070014 70.258287037037 0.00709550673563291 3.41058071757835e-05 6.78855896
16070015 70.2639467592593 0.00724201475319259 2.62276881099549e-05 6.42741680
16070035 70.9882060185185 0 4.11862873470225e-06 15.93969822
16070039 70.9987384259259 0.00826639734951065 1.14504130196693e-05 14.71050930
16071001 71.0191319444445 0.0038743737654379 9.98325146472775e-06 12.24209023
16071002 71.0339236111111 0.00441722520058059 1.25215853548019e-05 10.91632652
16071003 71.068287037037 0.0081854274620708 4.06040790477002e-05 9.33837986
16071004 71.0716087962963 0.00940462109932606 0.000177659827705691 9.38578224
16071005 71.0737037037037 0.00930516795620492 0.000139804487326899 9.11918926
16071006 71.0756944444444 0.00934651514142161 2.19985286933105e-05 9.09703159
16071007 71.0863194444444 0.00924556744863625 1.56895217262893e-05 8.79624653
16071010 71.1229166666667 0.00777756055627368 2.48141018813603e-05 7.39859247
16071014 71.1386342592593 0 3.05709823436295e-05 7.08798504
16071016 71.1455671296296 0.00768471989125876 1.55339929558082e-05 6.99517822
16071018 71.1668981481481 0.00763476655076818 2.61660743035728e-05 6.72665310
16071020 71.1765277777778 0.00767239450829113 8.7968961004554e-05 6.51148272
16071021 71.1777893518518 0.00753755116044465 1.45021219221663e-05 6.49614191
16071022 71.2003240740741 0.00749993551416477 1.49461419357341e-05 5.93604565
16071023 71.2225462962963 0.00748182436189401 2.2427490466987e-05 5.86509514
16071024 71.2375231481482 0.00742399171849936 1.57590314492277e-05 5.51318455
16071025 71.2591782407407 0.00738362659777704 1.60208221815418e-05 5.23415518
16071026 71.2811226851852 0.00737050828508288 1.67108695841649e-05 5.04267788
16071027 71.3009259259259 0.00731378270304388 1.89505101257105e-05 4.69572735
16071042 71.5155787037037 0.00857832310542892 1.03718670932507e-05 23.46144676
16071043 71.5372106481481 0.00833843049027417 2.85210820933622e-05 19.34808350
16071044 71.5414930555556 0.00823034840558098 1.6785688099247e-05 18.57080269
16071045 71.550787037037 0.00808081015196306 2.06965698069542e-05 17.21909714
16071046 71.5577777777778 0.00804064673266235 2.15948471953878e-05 16.39963722
16071050 71.6122453703704 0.00746658654493803 2.35386337429485e-05 8.28767586
16071051 71.6193402777778 0.00741377913168689 1.70102388783933e-05 8.44106102
16071052 71.6387384259259 0.00730314068956301 1.32421824895303e-05 7.40945053
16071053 71.6634259259259 0.00720283820931612 1.41022873588766e-05 7.05075169
16071054 71.6854976851852 0.00719363884064112 1.44041441359556e-05 6.54663944
16071055 71.7071643518519 0.00716231678076647 1.33566782998792e-05 6.17642355
16071056 71.7329050925926 0.00713241172545107 1.3694369126996e-05 6.20186281
16071058 71.7631134259259 0.00708334049033989 1.50247957461275e-05 5.72073317
16071059 71.7852893518519 0.00707636027028024 2.13728517294746e-05 5.39647484
16071060 71.8067939814815 0.00700028809827657 3.28290692871321e-05 5.17305756
16071061 71.8167592592593 0.00695821587464391 1.37858384998522e-05 4.76188374
16071062 71.8456828703704 0.00693830040040135 4.05904192396282e-05 4.28983736
16071076 71.940474537037 0.00797552144542903 2.389057987653e-05 13.80267620
16071077 71.9459375 0.00785138560263524 1.24228230672768e-05 13.10573483
16071078 71.9664236111111 0.00769679521847276 1.24616117760304e-05 10.88453865
16071079 71.9878472222222 0.00760752572846307 1.22250760055034e-05 9.65632534
16072001 72.0112615740741 0.00754735200900958 1.29826450637179e-05 8.57794762
16072002 72.032962962963 0.00749382055750877 1.42739091829814e-05 7.75764322
16072003 72.0580439814815 0.00736698632233558 1.37633624110423e-05 7.30502367
16072006 72.0842361111111 0.00734962703293351 1.82446929110018e-05 6.41438293
16072007 72.0978819444444 0.00729777574727946 1.26842528968516e-05 6.40028286
16072008 72.1255324074074 0.00725810700652321 1.32968561503562e-05 6.06591797
16072009 72.1514467592593 0.007221552865352 1.55528738621666e-05 5.73789978
16072010 72.1761689814815 0.00718044946534336 1.65089668241447e-05 5.52602339
16072012 72.1984953703704 0.00716100203896663 1.4685278753873e-05 5.28120613
16072013 72.2226157407407 0.00710351431754083 1.55212902086038e-05 5.22075510
16072014 72.2442592592593 0.00710173314328661 2.25927013803887e-05 4.71651793
16072021 72.3665509259259 0.00839617265768315 1.03142615629612e-05 24.94169235
16072022 72.3900347222222 0.00796082579982073 2.08645233405546e-05 16.12648392
16072023 72.3971064814815 0.00783029072822189 1.22866764780923e-05 14.54782200
16072024 72.4189467592593 0.00762843286280241 1.30441529059206e-05 11.42463875
16072025 72.4406134259259 0.00749556850313186 1.36365552823462e-05 9.37811565
16072026 72.4623726851852 0.00742552533082118 1.36750598135169e-05 8.97271156
16072027 72.495162037037 0.00722613978135961 3.12866569208911e-05 7.36249208
16072033 72.5346064814815 0.0071010569628122 1.55554511020577e-05 6.31934166
16072034 72.5546643518519 0.00704282528908048 1.56259902951719e-05 6.19974041
16072035 72.5764467592593 0.00700290810644529 1.58392039145262e-05 5.65337658
16072036 72.5982407407407 0.00695861675760484 2.03023628417373e-05 5.53689909
16072038 72.6175694444444 0.00690364272841911 1.52590866469883e-05 5.29565716
16072039 72.6406481481481 0.00688677873218672 1.6185121084208e-05 4.95120144
16072040 72.6620023148148 0.00686342174269967 1.47234505345256e-05 4.86523294
16072041 72.6885185185185 0.00681036799715864 1.63093140619733e-05 4.45170689
16072042 72.7110416666667 0.0068049929013245 1.65216911150569e-05 4.21258640
16072043 72.7334027777778 0.00680385352346082 3.80999816573499e-05 4.16316938
16072046 72.778912037037 0.00607455619968119 0.000175226795042923 1.00000000
16072047 72.7818055555556 0.00610912849011211 4.41031451751496e-05 1.00000012
16072056 72.8738657407407 0.00895600195437813 2.84400986312047e-05 26.58864594
16072057 72.8804166666667 0.00856494129985206 9.7962455001566e-06 25.52615929
16072058 72.9048611111111 0.00821361276668841 1.15067202859942e-05 20.25591469
16072059 72.9256018518519 0.00803632371279802 1.12631762247016e-05 18.51456451
16072060 72.9476273148148 0.00800656389854888 1.44273822289868e-05 17.16286087
16072061 72.9620833333333 0.00788849616315469 1.03464310628794e-05 15.88948441
16072062 72.9953587962963 0.00775627444363877 1.25666578353088e-05 14.33090591
16073001 73.0159953703704 0.00771631183470539 1.85641156778435e-05 12.59156513
16073004 73.0294328703704 0.00150235428369073 0.000446349820935101 12.22602177
16073007 73.0367476851852 0.00137344776042833 0.000405055315298471 12.39473343
16073010 73.0430439814815 0.00762181328433008 1.29985039180343e-05 12.35054684
16073011 73.0634490740741 0.00761947190847955 6.25529035111985e-05 11.53108788
16073012 73.0663194444444 0.00756743565858973 1.32021805953082e-05 10.69244003
16073013 73.0884606481481 0.00749636726327843 1.64211045934019e-05 10.49821091
16073015 73.1042361111111 0.00138361383393627 0.000453721582531109 10.18803978
16073017 73.1074421296296 0.00747966655358574 2.24318758277931e-05 10.22808838
16073018 73.1199074074074 0.00745852687370611 1.38584502610622e-05 9.52209759
16073019 73.1414814814815 0.00737365907989438 1.37502478966576e-05 9.25503826
16073020 73.1632407407407 0.00735705395071361 1.53242201117957e-05 8.70036030
16073021 73.1809143518519 0.00730234353507157 1.95566343723064e-05 8.85462761
16073029 73.2650578703704 0.00860124005990789 1.02028286762163e-05 25.66876030
16073030 73.2868981481482 0.00835458440879127 1.02521508565414e-05 21.77633286
16073031 73.3103703703704 0.00819263034474169 1.13022566709023e-05 19.90443039
16073032 73.3321180555556 0.00808859346460523 1.58212754238215e-05 18.34786034
16073033 73.3457175925926 0.00795759990469825 1.174604351729e-05 16.81740189
16073034 73.367650462963 0.00789635912279143 3.35455088916672e-05 16.57437706
16073035 73.3754166666667 0.00779574555625613 1.75264848184392e-05 14.91938972
16073037 73.3894097222222 0.00777423343483848 1.19077505877298e-05 15.38937378
16073038 73.413275462963 0.00765347941606514 1.25726648775354e-05 13.71229458
16073039 73.4350347222222 0.00762166586940326 1.91737213680768e-05 13.17000675
16073040 73.4460648148148 0.00761398402001868 3.49424563003087e-05 12.36661434
16073045 73.4592824074074 0.00757917436851793 1.28550865285171e-05 11.88056374
16073046 73.4810416666667 0.00748688173894158 1.57318838490478e-05 11.42865562
16073047 73.5001157407408 0.0073855425985834 1.32238088497558e-05 10.23858070
16073048 73.5217476851852 0.00731810452125427 1.37406412143074e-05 9.35363770
16073049 73.5427777777778 0.00734153676692763 1.63215509641317e-05 8.92785835
16073050 73.5614583333333 0.00737684223074954 2.12237672659892e-05 8.96835995
16077019 77.3125810185185 0.00883297859628518 1.92314288992293e-05 8.67237568
16077020 77.3284722222222 0.00886309220620913 2.41504494055496e-05 7.66407061
16077021 77.3367476851852 0.00762526293260409 3.25006648203007e-05 7.23961353
16077027 77.4984722222222 0.00853665770964622 1.36577253806289e-05 20.92875481
16077028 77.5122916666667 0.00835715072160415 1.86739081163507e-05 18.01445389
16077029 77.5204050925926 0.00825041410635985 2.35960304780934e-05 16.63663864
16077030 77.5309490740741 0.00809656217279752 1.19955438016198e-05 15.83324718
16077031 77.5531597222222 0.00791812010786537 1.27594008155404e-05 12.21597862
16077032 77.5753125 0.00787445126076795 1.2811682918218e-05 10.43260384
16077033 77.5981481481481 0.00782173033776319 1.49617681477581e-05 9.71882629
16077034 77.6201388888889 0.00770185092285594 1.28951413575811e-05 9.02951431
16077036 77.665625 0.00762696774958727 2.7872847541093e-05 7.86365175
16077037 77.6726273148148 0.00756744603374917 2.73469914191147e-05 7.87254381
16077038 77.6788310185185 0.00755579518894085 1.41331836024385e-05 7.79661846
16077039 77.7011226851852 0.00750668407925123 1.43163614853619e-05 7.39256573
16077040 77.7228472222222 0.00749242539235161 1.42409640024086e-05 7.12185717
16077041 77.7502777777778 0.0074338164573586 1.57809184457596e-05 6.48301458
16077043 77.7760185185185 0.0074025611288813 1.80986184262685e-05 6.21886015
16077044 77.7921064814815 0.00730010522279771 1.52416740954802e-05 6.02728224
16077045 77.814537037037 0.00727424986962504 1.63564958764341e-05 5.57556581
16077046 77.8343518518518 0.00725461854524423 1.410052501036e-05 5.32656145
16077047 77.8620717592593 0.00722172667001908 1.6512471505099e-05 5.05582142
16077054 77.9684953703704 0.00886748843478605 9.28729451789038e-06 26.40386581
16077055 77.9963657407407 0.00861899446833332 1.49843301633668e-05 21.01110268
16078001 78.0084143518519 0.00845425326827964 1.10822141515119e-05 19.38423729
16078002 78.0325231481481 0.0083352161805266 1.20757814795337e-05 16.16263771
16078003 78.0543634259259 0.00839863853198764 1.90556727700849e-05 15.39339066
16078004 78.0697453703704 0.00820243444481131 1.21397170931693e-05 14.37710190
16078005 78.0961805555556 0.00809300385564818 1.27899029804829e-05 12.96915817
16078006 78.1180787037037 0.00798022699441168 1.32063451692687e-05 11.85445309
16078007 78.140150462963 0.00792529876378475 1.28332496614681e-05 10.89445019
16078008 78.1641666666667 0.00786206694941304 2.01867951464376e-05 9.58965874
16078009 78.1745601851852 0.00784039647353831 1.3718283664211e-05 9.23698044
16078010 78.1967824074074 0.00778564139810007 2.62995998099146e-05 8.77075195
16078011 78.2253356481481 0.00770628216038025 1.42846551971741e-05 7.91330528
16078012 78.2473958333333 0.00764269029268074 1.3932566446552e-05 7.64422750
16078013 78.27125 0.00761468173842709 1.27515583751101e-05 7.17701578
16078014 78.3001967592593 0.00756061518046316 1.98124470066995e-05 7.11717749
16078024 78.4903009259259 0.00984364186269332 2.73895508019469e-05 30.50718307
16078025 78.4957407407407 0.00962817612824445 2.81300760144936e-05 27.84795952
16078027 78.5023611111111 0.00938727218822507 1.22413428561137e-05 27.62301064
16078028 78.5210532407407 0.00913530211142419 1.09193544461039e-05 23.55584526
16078029 78.5432175925926 0.00893014606495805 9.75432071683318e-06 21.94906235
16078030 78.5721296296296 0.00885472080837268 1.61798523923876e-05 19.16531372
16078031 78.5840856481481 0.00872471054762406 1.05505642169342e-05 18.97450638
16078032 78.6130208333333 0.00863631458188672 3.70572327051592e-05 16.66475677
16078033 78.6198148148148 0.0085152057452909 1.252153156964e-05 16.25502777
16078034 78.6427546296296 0.00849319127689963 1.26516163200201e-05 15.08408451
16078035 78.6648148148148 0.00840165137977162 1.27045441903154e-05 14.38915157
16078036 78.6878009259259 0.00835213901482913 1.30696780510217e-05 13.76652336
16078037 78.7097685185185 0.00833172159760928 1.31542719173484e-05 12.98924351
16078038 78.7319675925926 0.00828369945526841 1.95972477350056e-05 12.72814083
16078039 78.7490162037037 0.00822603507143122 1.3810392429155e-05 11.30011368
16078040 78.7704861111111 0.00815574976163574 1.33148315651161e-05 10.39652157
16078041 78.7941550925926 0.00811732711769673 1.38770960340372e-05 10.35349560
16078042 78.8160300925926 0.00807041222131931 1.37860289071817e-05 9.87689781
16078055 78.9542592592593 0.00944682174404692 9.93752428557439e-06 29.34427643
16078056 78.9807175925926 0.00905201823215559 1.11401885736585e-05 23.90331078
16079001 79.0039814814815 0.00884438386050936 1.14668073600596e-05 20.49893951
16079002 79.0265625 0.00875685990475314 1.50417280988582e-05 18.30970001
16079010 79.161099537037 0.00918133969226993 1.74685084303902e-05 23.60003090
16079011 79.1699768518518 0.00902033259868513 1.42451616557728e-05 20.47684669
16079013 79.1864236111111 0.00883911228854184 1.19337846333982e-05 19.65136337
16079014 79.2081828703704 0.00873684834213448 1.20488098269448e-05 17.73326874
16079015 79.2302314814815 0.00854494948228048 1.23114619461834e-05 15.65850925
16079016 79.252650462963 0.00846567061153426 1.23486139152485e-05 14.61209297
16079017 79.277025462963 0.00831204459902881 9.7791997030486e-06 13.51144695
16079018 79.321724537037 0.00814573092075364 1.10417453046012e-05 10.48539162
16079019 79.3553935185185 0.00808956681813259 1.17453051027263e-05 9.68990707
16079020 79.3863310185185 0.00802676194956954 2.37648114925108e-05 10.61312485
16079021 79.3991435185185 0.008110369176422 3.1079274609607e-05 10.20019913
16079022 79.4054166666667 0.00800922711445661 1.16220960077696e-05 9.39345741
16079023 79.4372916666667 0.00793815948018916 1.18795924930515e-05 8.75803566
16079024 79.4704976851852 0.00793068227910995 2.0063994466705e-05 8.57932758
16079026 79.4848263888889 0.00794879836531196 8.53666953883058e-05 8.24246502
16079027 79.486099537037 0.0079288037092557 1.85440509916327e-05 7.81049013
16079028 79.5062847222222 0.00784152542693588 3.09762696199002e-05 7.64670563
16079029 79.5121180555555 0.00775445799697704 2.88946854656936e-05 7.68146849
16079030 79.5227083333333 0.00775941097984423 3.00839304910895e-05 7.34449482
16079031 79.5289814814815 0.00775205283900585 1.31489183941145e-05 7.25859356
16079032 79.5596296296296 0.00769743176142534 1.24801969803672e-05 6.88731956
16079033 79.5934375 0.00765574581117034 1.88747503827318e-05 6.53014326
16079034 79.6127430555556 0.00762819972963689 1.42600423787576e-05 6.60515690
16079035 79.6401851851852 0.00765483654730062 3.05714164430891e-05 6.00646400
16079036 79.6483912037037 0.00758412445944895 1.62575100577863e-05 6.16267157
16079037 79.6700578703704 0.00758074759589186 0.000105047833845038 5.98672819
16079045 79.7554861111111 0.00908553414343544 1.61709511039941e-05 23.01757050
16079046 79.7661689814815 0.00886005620216203 1.40982359324151e-05 20.77812004
16079047 79.78125 0.00869249722740273 1.1798453094805e-05 19.00664330
16079048 79.8030324074074 0.00855512913369474 1.27177529938861e-05 16.44181633
16079049 79.824212962963 0.00846238191087765 2.99658414134775e-05 14.65025425
16079051 79.8349768518518 0.00845175205646415 6.6689193103183e-05 14.39316845
16079052 79.8369328703704 0.00840976982316234 1.23958964392757e-05 13.86092186
16079054 79.8617013888889 0.00831177516319058 1.32712323084305e-05 12.79040432
16079057 79.8938773148148 0.00820227193384879 3.09758012664405e-05 11.10930824
16079058 79.8996875 0.00817786342540936 3.77026835872108e-05 11.01089287
16079059 79.9031944444445 0.00815689506502336 1.29773273705983e-05 10.72490215
16079060 79.9286226851852 0.00807186506410045 1.33085193799074e-05 10.08482552
16079061 79.9519097222222 0.00803757623277596 1.40559740782834e-05 9.36127758
16079062 79.9733101851852 0.00798769971910282 1.54657963011204e-05 9.10588646
16079063 79.9921759259259 0.00791259705800451 1.85794422670081e-05 8.40718269
16080001 80.0058680555556 0.00787604506765556 3.27979456263416e-05 8.37613583
16080002 80.010787037037 0.00789348735668943 1.9543615227963e-05 8.16588783
16080003 80.0231365740741 0.00785707859512804 1.9072589190829e-05 7.96323919
16080004 80.0362152777778 0.00783158117986812 1.45693107850424e-05 7.79535866
16080005 80.0584953703704 0.00778993403372683 1.68029395904677e-05 7.21476030
16080006 80.075787037037 0.00775661656956989 2.32930783498845e-05 7.23842764
16080012 80.133275462963 0.00910907367676174 1.99067887201532e-05 22.31058884
16080013 80.1399768518519 0.00891777995492394 1.2919410999893e-05 21.37463379
16080014 80.1565972222222 0.00873933562373775 1.16376872465192e-05 18.87207413
16080015 80.1792824074074 0.00858728490919839 1.22929922540131e-05 16.13050079
16080016 80.2011226851852 0.00845080596663856 1.46544631907797e-05 14.64021206
16080020 80.3021180555556 0.00927950265043484 9.03982679986116e-06 28.08295250
16080021 80.3320486111111 0.00895336182273695 9.58777549402778e-06 23.40319824
16080022 80.3640509259259 0.00880314844856523 1.29524374158004e-05 19.25769997
16080023 80.3832407407407 0.00868157546216981 1.1604234360423e-05 18.11688614
16080024 80.4079976851852 0.00854440080208994 1.13408611158442e-05 16.72300339
16080025 80.434375 0.00848507393119289 2.44341675783804e-05 15.43155098
16080026 80.4452083333333 0.00835862727486477 1.23898863821019e-05 14.27868652
16080027 80.4693981481481 0.00828806257544456 1.32207265007675e-05 12.58955574
16080028 80.4922337962963 0.00822834549701643 1.30654177662556e-05 11.56121635
16080029 80.5165509259259 0.0081335173212649 1.28399115251278e-05 11.33626652
16080030 80.541412037037 0.00807255011744237 2.77551409646963e-05 10.12933350
16080031 80.5501157407407 0.00807446131626418 1.33318775054705e-05 10.34457302
16080032 80.5747800925926 0.00799905999592021 1.27215785787956e-05 9.47999096
16080033 80.6019444444444 0.00794418993350679 1.30613859851879e-05 9.20099735
16080043 80.7475694444444 0.00940346400172678 1.50985830665412e-05 27.86402702
16080044 80.7587152777778 0.00919420633513861 1.23285882026871e-05 25.36146355
16080045 80.775474537037 0.00898989181638338 1.19207825260124e-05 23.51567459
16080046 80.7978935185185 0.00880842670438024 1.19824706689185e-05 20.43868637
16080047 80.8195138888889 0.00869446044457397 1.23173760060446e-05 18.30367470
16080048 80.8414467592593 0.00859590247042484 1.24297190532776e-05 17.44002914
16080049 80.8633564814815 0.00850442005479329 1.51649419753953e-05 15.77299309
16080050 80.8837152777778 0.00839740965549104 1.20215212086161e-05 13.94728661
16080051 80.9089814814815 0.00831506127543085 1.19865347654446e-05 13.44315910
16080052 80.9353356481482 0.0082807713174201 1.28985729649158e-05 12.79241276
16080053 80.9591203703704 0.00819096927293165 1.35837001520484e-05 11.66364765
16080054 80.9812847222222 0.00816408214904366 1.81077961884724e-05 10.32499313
16080055 80.9988657407407 0.0080791837395332 1.39610736444067e-05 9.77542210
16081001 81.0212731481482 0.00800613142767716 1.37003010649568e-05 9.29431629
16081002 81.0451041666667 0.00797747496129007 1.55241463120231e-05 8.63614082
16081003 81.0643171296296 0.00797631679465552 1.79114285778523e-05 8.61669731
16081012 81.1566666666667 0.00905488309997996 1.11867270345399e-05 24.13428497
16081013 81.177337962963 0.00887143541863873 1.36908629296597e-05 20.74598312
16081015 81.1964583333333 0.00870389434086592 1.17224786627922e-05 19.15526962
16081016 81.2190740740741 0.0085696135751817 1.21248313279698e-05 16.66274834
16081017 81.241875 0.00838655290619111 1.2693056311039e-05 14.59803391
16081018 81.2650694444444 0.00827961243125775 1.70518556863183e-05 12.97518349
16081019 81.2797569444445 0.00814535559126174 1.39850670706438e-05 11.00488949
16081020 81.3002777777778 0.00807300509421296 1.60375448438702e-05 10.09677505
16081021 81.3213194444444 0.00802793907554674 1.84297097452579e-05 9.10884094
16081022 81.3349537037037 0.00792380407969082 1.30269390754782e-05 8.48733044
16081023 81.3618171296296 0.00788144088872427 2.26315531039054e-05 7.82311821
16081024 81.3775694444444 0.00785267932880843 2.98837264909885e-05 7.23250532
16081025 81.3835185185185 0.00783179714723769 2.22445141460019e-05 7.24672651
16081036 81.4623148148148 0.00934903184024045 1.01853838136094e-05 28.89638710
16081037 81.4871296296296 0.00912079203159305 1.64553693964405e-05 24.03386307
16081048 81.7198958333333 0.0090919344052911 1.48567518127508e-05 24.25278473
16081049 81.7318287037037 0.00895377887898816 1.15531942648057e-05 22.82877350
16081050 81.7538078703704 0.00881186499594405 1.14445071501003e-05 20.59735489
16081051 81.7770949074074 0.00879877703354393 9.49905572821898e-05 17.89796066
16081052 81.7804513888889 0.00865219089026526 1.22627609708201e-05 18.05663300
16081053 81.8018865740741 0.008545665673138 1.24812826762674e-05 16.14657211
16081054 81.8239699074074 0.00845977177163932 1.65809432485224e-05 15.40343380
16081055 81.8399884259259 0.0083325572448068 1.27536829272457e-05 13.76853275
16081056 81.8627430555556 0.00827593053898771 1.32312047275719e-05 12.35456467
16081057 81.8848726851852 0.00816983272604428 1.26753231056733e-05 11.77813148
16081058 81.909375 0.00812080661347118 1.21638584584904e-05 11.07516479
16081059 81.9372337962963 0.00805663129787271 1.36978296756972e-05 9.80798340
16081060 81.963912037037 0.00795902670078743 1.40805584986132e-05 9.12362862
16081061 81.9871643518518 0.00791985960571281 1.44936520356301e-05 8.82609463
16082001 82.0090625 0.00789206060357106 1.42738617864423e-05 8.21730328
16082002 82.0324189814815 0.00783194635630785 2.14083295257262e-05 7.87254381
16082011 82.1034606481482 0.00949170273677946 1.33082282216582e-05 28.92249489
16082012 82.1198032407407 0.00915686846166917 9.35778434233273e-06 24.63439751
16082013 82.1485069444444 0.0089486177972321 1.08637160036502e-05 22.52750015
16082014 82.172962962963 0.00884425213108083 0.000219817184920213 19.82610130
16082017 82.1808449074074 0.008757577736596 3.56340012649529e-05 19.22154999
16082018 82.1838541666667 0.00874722447906517 1.19235965768201e-05 19.36013412
16082019 82.2064699074074 0.00861843356273564 1.22781307485465e-05 17.63083267
16082022 82.2534953703704 0.00842805742790618 1.27985731392882e-05 15.17245865
16082023 82.276400462963 0.00834165384568552 1.14062437430787e-05 13.26440430
16082024 82.3076041666667 0.00705449661896152 1.2953918489699e-05 11.77411461
16082025 82.3281365740741 0.00818728541482354 1.23499295276772e-05 11.67368984
16082026 82.359849537037 0.00806359941508982 1.27952501820001e-05 10.33210468
16082027 82.3911689814815 0.00802093539310501 1.80143132622163e-05 8.68216038
16082028 82.4057638888889 0.00795107731019389 1.48071709556737e-05 8.19485378
16082029 82.4275115740741 0.00788851120418421 2.76773085460024e-05 8.12785530
16082039 82.621412037037 0.00925624716093316 1.17342272517733e-05 26.34561920
16082040 82.6397106481482 0.00902772219296345 1.18945837237906e-05 21.77633286
16082041 82.6611111111111 0.00879580978648881 1.19681444433228e-05 19.74375153
16082042 82.6828356481482 0.00865528410796556 1.24157586615195e-05 17.63485336
16082043 82.7045717592593 0.00864198549028069 2.53262230054139e-05 16.17067146
16082044 82.71125 0.00857355803883828 1.92491910693838e-05 15.86136532
16082045 82.7234606481482 0.00850897198715659 2.44555148387775e-05 15.27488899
16082046 82.7298032407407 0.00848018672080978 1.4162606348316e-05 14.52974510
16082047 82.749375 0.00838005670661114 1.30940044530765e-05 12.98120975
16082048 82.7712152777778 0.00831476786352034 1.36741324283967e-05 12.51925945
16082049 82.7919907407407 0.00822674950321426 1.34059564628725e-05 12.07538509
16082050 82.8135185185185 0.00820020782512279 1.37798245281547e-05 10.48539162
16082051 82.8350231481482 0.00813474028793686 1.40251786237303e-05 10.18977642
16082052 82.8565162037037 0.00808253029306778 1.65014136026991e-05 9.26257515
16082053 82.8749189814815 0.0080185847482404 1.43543386205635e-05 9.02805233
16082054 82.8966087962963 0.00795837919918948 1.55168682433559e-05 8.34251785
16082055 82.9166435185185 0.00793252582372462 1.46464477094215e-05 8.01991844
16082056 82.9383796296296 0.00787171344195688 1.48917002058231e-05 7.99797630
16082057 82.9598032407407 0.00782376179543261 1.83808455639673e-05 7.29786587
16083003 83.0430208333333 0.00979061631794336 4.04097509066867e-05 26.04233932
16083004 83.0469328703704 0.00933468348814844 1.12114937497652e-05 26.29540634
16083005 83.0689467592593 0.00908705967994259 1.30512095665634e-05 23.14812279
16083006 83.0842939814815 0.00892860868084473 1.17590426712687e-05 22.32062912
16083007 83.1060069444444 0.00878559918844079 1.17725044325236e-05 19.94058228
16083008 83.1292476851852 0.00869040069303756 1.23035020049975e-05 18.29162407
16083009 83.1507291666667 0.00856055168817525 1.60202277872375e-05 16.91782570
16083010 83.1695949074074 0.00845828362853469 1.28061173502593e-05 15.79106998
16083011 83.1912731481481 0.00838036820860208 1.29395694183939e-05 14.15215111
16083012 83.2131481481482 0.00832179782856741 1.31345909151616e-05 13.63798141
16083013 83.2354166666667 0.00824386157129727 1.35445889777639e-05 11.83236027
16083014 83.2569675925926 0.00818586920069565 1.31256966284116e-05 11.20772362
16083015 83.2808564814815 0.00814628210568481 2.3399268749948e-05 11.22780895
16083016 83.2913194444444 0.00811202391707062 1.3545154954486e-05 10.98460960
16083017 83.3146527777778 0.00803040813679998 2.1671764606119e-05 9.78517342
16083018 83.3250347222222 0.00804505340008983 1.4409278023212e-05 10.05250549
16083019 83.3465972222222 0.0080336007023447 3.99698785088603e-05 9.11179638
16083041 83.4663194444444 0.00962082506527919 1.18273760563067e-05 31.51343155
16083042 83.4889236111111 0.0092495753031534 1.1212732261228e-05 26.50629616
16083043 83.5106365740741 0.00904165398222811 1.34424093559574e-05 23.34093666
16083044 83.5258217592593 0.00895904188427393 2.88176164463123e-05 21.99123955
16083045 83.5339467592593 0.00889064986830253 1.53502066563267e-05 21.85667038
16083046 83.5475115740741 0.00877338058298627 1.19428504692239e-05 20.88858414
16083048 83.5760416666667 0.00867651915251328 2.5425135508143e-05 18.56276894
16083049 83.5851273148148 0.00865407538753545 1.91713798780795e-05 17.54648018
16083050 83.5954050925926 0.00859290388049494 1.66156550235414e-05 17.07448769
16083052 83.6120717592593 0.008513786314301 1.28357840916518e-05 16.17870522
16083053 83.6337615740741 0.00842594653558667 1.28198206820536e-05 15.33313465
16083054 83.655474537037 0.00836290205474928 1.83726819709743e-05 14.65828800
16083055 83.6730439814815 0.00820894522941385 1.26420745603889e-05 11.09123135
16083056 83.6976736111111 0.00815693433841546 2.38570601943924e-05 10.85296535
16083057 83.7101851851852 0.00805999770334926 1.37478882429174e-05 9.82268906
16083058 83.731875 0.008047556383336 1.38366864760469e-05 10.05929565
16083059 83.754224537037 0.00802663418256357 1.41768573508723e-05 9.72365952
16083060 83.7759837962963 0.00799538713147044 1.59736247992421e-05 9.17710495
16083068 83.8618171296296 0 0.000144578337036765 26.13472939
16084003 84.0044212962963 0.00881598882557129 7.75792780543393e-05 19.94861794
16084004 84.0061689814815 0.00874690888827744 1.1772058025396e-05 19.32599068
16084005 84.0299884259259 0.00863531011458717 7.99903444204444e-05 17.47015572
16084006 84.0311574074074 0.00863192773660861 1.32468620458661e-05 17.65694618
16084007 84.0559375 0.00848871000057954 1.28383379635588e-05 16.41570663
16084008 84.0781944444444 0.00843086416070518 1.25930655270152e-05 14.62816048
16084009 84.102037037037 0.00834401818049268 1.3464693812278e-05 13.83079529
16084010 84.1238541666667 0.00829018835795166 1.68934017756052e-05 12.72010708
16084011 84.1412037037037 0.00824844695575084 1.91778340135832e-05 12.23204708
16084012 84.1525 0.00818523161689804 1.42617448366447e-05 11.79821682
16084013 84.1769097222222 0.00814612036076144 1.41524340367251e-05 11.18562984
16084014 84.1984722222222 0.00809297699616753 1.26517209833128e-05 10.52762794
16084015 84.2259490740741 0.00802165722586645 1.39115459010232e-05 10.06269360
16084016 84.2488657407407 0.00813435158493781 9.14043006396235e-05 9.23397541
16084017 84.2500694444444 0.00770023703783654 0.000207020489759975 9.34753036
16084018 84.2529282407407 0.00796350257710574 1.58542572683179e-05 9.30948067
16085005 85.0508449074074 0.009835462490605 2.57766496001128e-05 33.30298615
16085006 85.0545023148148 0.00953492786793062 1.02244842571723e-05 31.48129463
16085007 85.0761921296296 0.00928752803870575 3.5081998740429e-05 27.26148415
16085008 85.0851388888889 0.00926499023787807 2.53906919060498e-05 24.75490379
16085009 85.0900578703704 0.00907768550683218 1.03243318363393e-05 24.53196335
16085011 85.1213888888889 0.00886518908661386 1.33921632258725e-05 21.53129959
16085012 85.1419907407407 0.00877721634477415 1.67583352792189e-05 20.09523773
16085013 85.1530671296296 0.00869163312824307 1.4381416134291e-05 19.32799911
16085014 85.1725 0.00855598456443998 1.84626672476701e-05 17.62079239
16085023 85.2619907407407 0.00932150213436867 1.01327906246387e-05 29.93878555
16085024 85.2845023148148 0.0089987595793269 1.10074427284183e-05 24.57012558
16085025 85.3102893518518 0.00879496458260611 1.18233153580971e-05 21.20994186
16085026 85.3322453703704 0.00865498977380642 1.20333253746739e-05 19.38423729
16085027 85.354375 0.00854330002018917 1.41663389032292e-05 17.99637604
16085028 85.3742476851852 0.00845098059696678 1.24075263236751e-05 16.39361191
16085029 85.3967592592593 0.00832942310091351 1.27893374516871e-05 14.70448208
16085030 85.4189351851852 0.00830858342982305 1.6720661580164e-05 13.69020176
16085031 85.4328587962963 0.0082462147662454 1.32978880048451e-05 13.74242115
16085032 85.4546759259259 0.00815325442922455 1.32241270174431e-05 12.93501472
16085033 85.4768981481482 0.00814867950805781 1.53472474231267e-05 11.52305412
16085034 85.4939699074074 0.00796855391566028 5.94087854090039e-05 11.02896976
16085035 85.4992592592593 0.008049277762509 1.39245748783506e-05 10.63942623
16085036 85.5209259259259 0.00798002955027635 1.1808929861091e-05 10.38214207
16085037 85.553900462963 0.00791099277687734 1.44371217464933e-05 9.51896858
16085051 85.6834259259259 0.00913848043846945 9.64274308049067e-06 27.03854370
16085052 85.7092013888889 0.00894509747405007 3.47980036308912e-05 21.44894981
16085053 85.7120833333333 0.00892959509783574 5.03506997060655e-05 21.57548332
16085054 85.7141319444444 0.00885883521556384 1.14394288539977e-05 21.99927330
16085055 85.7362962962963 0.00870873051540728 1.32106134524222e-05 19.90041542
16085056 85.7546180555556 0.00862959641050556 1.22942384361965e-05 17.78347969
16085057 85.7764351851852 0.00852618006869211 1.24490334907013e-05 17.10662270
16085058 85.8017592592593 0.00838250710567696 1.91732591269052e-05 15.59423923
16085061 85.8581134259259 0.00927614523908181 9.50892078633833e-06 30.10950661
16085062 85.8828125 0.00892977547047451 1.07322814762295e-05 24.62636375
16085065 85.9095023148148 0.00876717534286349 1.67879839091578e-05 20.45274544
16085067 85.9207523148148 0.00866909989060397 3.15177211046461e-05 19.46256638
16085069 85.9256018518519 0.00869669242458199 3.20295268693215e-05 18.79977036
16085070 85.9292939814815 0.00863444181577101 2.18601890029531e-05 18.60293770
16085071 85.9443402777778 0.00855456127031367 3.02094862429208e-05 18.16107178
16085072 85.9482175925926 0.00852211222886915 1.14844326485296e-05 17.64690399
16085073 85.9722685185185 0.00840975312768108 1.79455153085588e-05 16.07024765
16085074 85.9876736111111 0.00832911586095543 1.25197224375588e-05 15.14634705
16086001 86.0101157407407 0.00822246752568455 1.25961295574017e-05 13.82878685
16086002 86.0327314814815 0.00818834700184161 1.30323068321466e-05 13.19812489
16086003 86.0542939814815 0.00808869621419769 1.31441259022262e-05 12.08944607
16086004 86.0763773148148 0.00803237374408708 1.31282263460149e-05 11.46681690
16086005 86.0994560185185 0.00796962954583918 2.21003276961427e-05 10.80015564
16086006 86.1127546296296 0.00792179098189551 1.38596028440914e-05 9.99343872
16086007 86.1345601851852 0.00791060078680272 1.42674894647756e-05 9.81451511
16086008 86.15625 0.00783859541728738 1.62413359854937e-05 9.25503826
16086009 86.1796759259259 1.30274235344388 0.46842162459572 8.62780285
16086010 86.1805671296296 1.16743164808787 0.288048943988198 8.68355846
16086024 86.23875 0.00940327310642944 9.95405442402678e-06 32.37506866
16086025 86.2619328703704 0.00897138960372301 9.60577105377564e-06 26.65291786
16086026 86.2880671296296 0.00878068031191132 1.12166999975051e-05 22.12781525
16086027 86.3108101851852 0.00866107628903243 1.18138836081406e-05 20.76406097
16086028 86.3333796296296 0.00853561120183787 1.2153002491324e-05 19.13116837
16086029 86.3596180555556 0.00838875584246602 5.89792111571516e-05 16.67680740
16086030 86.3613541666667 0.00837999266244724 1.20888394240465e-05 17.26328278
16086031 86.384375 0.00830982967962655 1.2512109014171e-05 16.29318810
16086032 86.4063888888889 0.00822557082163986 1.26501469961227e-05 14.75469494
16086033 86.428900462963 0.00812988200461766 1.28663316588351e-05 13.89305782
16086034 86.4521643518519 0.00808033606141229 1.38818642743242e-05 12.96915817
16086035 86.4721412037037 0.00804078849458923 1.90336019828393e-05 11.93479252
16086036 86.4859375 0.00798991690402432 1.3751235879023e-05 12.05931759
16086037 86.5077546296296 0.00796570895895383 1.65556933885014e-05 10.26313782
16086038 86.5235532407407 0.00792279662601388 1.68319902434014e-05 10.24558735
16086039 86.5380208333333 0.00790021183858904 1.41183301492263e-05 9.70595837
16086040 86.5599537037037 0.00783494125426178 1.35164857076567e-05 9.43504620
16086041 86.5840509259259 0.00780251881991127 1.35928023131546e-05 9.09998131
16086042 86.6088425925926 0.00771128750043366 2.14078716577842e-05 8.95966244
16086050 86.9105208333333 0.00899891528795799 1.1535694567324e-05 23.21440315
16086051 86.9321296296296 0.00861922752205979 1.22575666370168e-05 17.49225044
16086052 86.9535995370371 0.0085139496370579 1.90357838822804e-05 15.98589039
16086053 86.9650694444444 0.00842738465089927 1.22914657033789e-05 15.22267151
16086054 86.9868055555556 0.00833436417399038 1.23631416168389e-05 13.69421768
16087001 87.009212962963 0.00827030710531984 1.16334742038562e-05 13.46525288
16087002 87.0399768518518 0.00813915806501597 1.32992818404256e-05 11.75804615
16087003 87.0614814814815 0.00811601639000179 1.8320566484687e-05 11.35434246
16087004 87.0741666666667 0.00804811883385735 1.35009812213537e-05 10.40012169
16087005 87.0957407407407 0.00800970132869775 1.37557398781332e-05 9.96995640
16087006 87.1181365740741 0.00794290450097637 1.40700021449192e-05 9.53775597
16087007 87.1391898148148 0.00790797994952427 1.61280185450429e-05 9.26257515
16087008 87.1603356481481 0.00782641311089547 1.40979130868154e-05 8.53251266
16087009 87.182974537037 0.00775839001513089 1.40464239030193e-05 8.08347702
16087010 87.2063194444444 0.00776408881500993 1.5662840420188e-05 7.79661846
16087011 87.2252546296296 0.00772829715535886 2.2610572319705e-05 7.69765472
16087018 87.2917939814815 0.00984067901706196 3.98696742638221e-05 31.57769966
16087019 87.2953935185185 0.00923617242736551 1.04835945173002e-05 29.59935379
16087020 87.3177314814815 0.00893964299003219 1.64537645168224e-05 22.67813683
16087021 87.3277314814815 0.00879204777420093 1.15326381883999e-05 21.85466385
16087022 87.3495833333333 0.00860239699892651 1.18755277490939e-05 19.69956589
16087023 87.3713425925926 0.00846634355855576 1.22103653988142e-05 17.33157158
16087024 87.3930092592593 0.00840777411103046 1.42234056068738e-05 15.61833954
16087025 87.4127430555556 0.00825229903518963 1.27156679104574e-05 14.89126968
16087026 87.4343402777778 0.0082085875683134 1.30823723399046e-05 13.15996361
16087027 87.4560185185185 0.00817581674361517 1.31344883241809e-05 12.70203018
16087028 87.4784375 0.00804959415934898 1.46172473230297e-05 11.19366360
16087029 87.4975694444444 0.00803748531350647 1.3696170913377e-05 11.31417274
16087030 87.5192708333333 0.0079609632116161 1.42380252611513e-05 10.36422062
16087031 87.5422685185185 0.00789055735774536 1.41019227585013e-05 9.34905720
16087032 87.5639351851852 0.00783482490281487 1.33791115418494e-05 8.45734501
16087033 87.5894212962963 0.00777059029372373 1.2467612397005e-05 8.35863781
16087041 87.6864467592593 0.00924437278303466 1.07718900819008e-05 30.44893837
16087042 87.7082986111111 0.00887172902901735 1.09990884998575e-05 23.57391930
16087043 87.7299537037037 0.00869180921622028 1.18450885178172e-05 20.39249229
16087044 87.7521527777778 0.0085796758351974 1.57355809053205e-05 18.17914963
16087045 87.7679282407407 0.00843919582383214 1.22137168637712e-05 17.37776756
16087046 87.7913194444445 0.00832283620521089 1.18936078454328e-05 15.94973850
16087047 87.8156828703704 0.00825093720577676 2.42469701134675e-05 13.40700626
16087048 87.8261342592593 0.00813332586143174 1.32499255184573e-05 12.70805550
16087049 87.847662037037 0.00807300968368167 1.32357286896776e-05 12.35255623
16087050 87.870162037037 0.00797947483917463 1.38607641607449e-05 10.48722172
16087051 87.8916782407407 0.00794274808124504 1.36491970749884e-05 9.95991993
16087052 87.9145023148148 0.00788572527670805 1.51088688899078e-05 9.29280186
16087053 87.9393055555556 0.00778588770312696 1.46784000568033e-05 8.55313492
16087054 87.9609606481482 0.00777233972607362 1.51884955758804e-05 7.79409885
16087055 87.9818171296296 0.00773637818332453 1.48973241649919e-05 7.91841316
16088001 88.003587962963 0.00770693340712154 1.9906783871924e-05 7.30979919
16088013 88.3799305555556 0.00857063842655201 1.40269016488018e-05 15.52996635
16088014 88.3950694444444 0.00847808804323298 0.000121551946333146 14.66833210
16088015 88.3965740740741 0.00842733478714247 0.000127541487075644 14.30881310
16088016 88.3977314814815 0.00838403041589368 1.2475714325144e-05 14.67636490
16088017 88.4197916666667 0.00823285875862742 1.27922809771872e-05 12.50520039
16088018 88.4418402777778 0.0081674923933472 1.32621644117832e-05 10.73833084
16088019 88.4633912037037 0.00808832715901754 1.36769486890441e-05 10.11560249
16088020 88.4852083333333 0.00797199825052062 1.65105283753157e-05 9.03390217
16088021 88.5044328703704 0.00783899836149374 1.44179085213235e-05 7.89672279
16088022 88.5260532407407 0.00778925858989953 1.4593272103729e-05 7.21594191
16088023 88.5485416666667 0.00769459536624968 1.52455973491473e-05 6.80890656
16088024 88.570150462963 0.00776116016573986 0.000122659499670799 6.01374483
16088025 88.5721527777778 0.00768801183673224 1.52802017603496e-05 6.37646818
16088026 88.5938657407407 0.00762250286682434 1.61413119824873e-05 5.89382267
16088027 88.6144907407407 0.007584396061478 2.5839817030044e-05 5.73183727
16088028 88.625775462963 0.00752525194745993 1.61488235050552e-05 5.58451033
16088029 88.6472685185185 0.00749318209240524 1.6507715994581e-05 5.34883833
16088030 88.6690740740741 0.00744797269622828 1.67357028450232e-05 4.87812185
16088031 88.6906944444444 0.00740498891850238 1.85069714532065e-05 4.87996531
16088039 88.7539583333333 0.00938802503253844 1.15550314718484e-05 29.00484467
16088040 88.7814236111111 0.00872029244227224 1.20732497312763e-05 18.58687019
16088041 88.802962962963 0.00851220554136558 1.25740216737524e-05 16.26908493
16088042 88.8244791666667 0.00837575265389479 1.29964761227999e-05 13.95732975
16088043 88.8459259259259 0.00827575692990083 1.32554953090977e-05 12.51122570
16088044 88.8673379629629 0.00825176377262448 2.68855816220095e-05 11.71787643
16088045 88.8791087962963 0.00814370753200782 1.36129332189397e-05 11.00488949
16088046 88.9006828703704 0.00804523434349752 1.42549527197118e-05 9.35974789
16088047 88.9221412037037 0.00797063890894702 1.42117886161891e-05 9.08818913
16088048 88.9438078703704 0.00790933602504376 1.45502092356917e-05 8.42613792
16088049 88.9654398148148 0.00786830066254073 2.64345545743034e-05 7.64051151
16088050 88.9773148148148 0.00780855357137002 1.40080438763197e-05 7.89927101
16089001 89.0055324074074 0.00771991706594812 2.31232127412138e-05 7.09731627
16089002 89.0197106481481 0.0077390790214058 0.00036941073313808 6.76712751
16089003 89.0243055555556 0.00770403629666833 2.28917659910838e-05 6.70424366
16089004 89.0337615740741 0.00766584259930803 1.49958220553684e-05 6.52574921
16089005 89.056724537037 0.00759220699346328 1.52307380276162e-05 6.14682865
16089014 89.2633564814815 0.00950847942474847 1.30387188129603e-05 29.20970917
16089015 89.2849652777778 0.00885212184238858 1.39275875289275e-05 20.87653160
16089016 89.2992939814815 0.00859655424873704 1.20111034289012e-05 18.28559685
16089017 89.3209490740741 0.00842997903191264 1.25424603408851e-05 14.88323879
16089018 89.342662037037 0.00829499266481467 1.26459141543081e-05 13.34675217
16089019 89.3645023148148 0.00820423799986476 1.44242727080505e-05 11.58330917
16089020 89.3850462962963 0.00808354196625807 1.34765057427503e-05 10.74794483
16089021 89.4067245370371 0.00784189875960533 0.000172742550508479 9.25955868
16089023 89.4117476851852 0.0080981015159747 0.000108926957130079 9.28523350
16089024 89.4138078703704 0.00798734794517098 1.39117905701555e-05 9.43041420
16089026 89.4514699074074 0.00783991561931628 1.41768111710248e-05 8.03673649
16089027 89.4737615740741 0.00782777612251862 1.46864779958518e-05 45.27399063
16089028 89.4954398148148 0.00774314203092845 1.70754326082399e-05 41.64648056
16089029 89.5146643518519 0.0076889136579204 1.56626762563028e-05 40.60952377
16089030 89.5409490740741 0.00766777602551995 1.5379162689614e-05 37.40254974
16089031 89.562662037037 0.00759128545303344 1.46348225662027e-05 36.08871460
16089041 89.7601157407407 0.00929773698065993 9.98334287712706e-06 182.86233521
16089042 89.7815856481482 0.00896398374551735 1.06692945058662e-05 142.51605225
16089043 89.803125 0.00885608634964424 2.39610687017216e-05 131.71847534
16089044 89.8085069444444 0.0087195845199241 1.33571810766114e-05 127.58502197
16089045 89.8255787037037 0.0086040886596787 1.15505023794976e-05 115.46185303
16089046 89.8473263888889 0.00847306531756875 1.21012986551841e-05 101.74797058
16089047 89.868900462963 0.00842220580120426 3.80846540701608e-05 91.73369598
16089048 89.871724537037 0.00840201267840517 2.14575469203285e-05 87.79306793
16089049 89.8824884259259 0.00826756937053942 1.26271506384701e-05 86.00953674
16089050 89.9043287037037 0.00822412138578067 1.36126065891162e-05 76.52550507
16089051 89.924224537037 0.00808022418595584 1.26662094553958e-05 67.61991882
16089052 89.9481018518518 0.00802710584498009 1.32838676498343e-05 63.29878235
16089053 89.9701851851852 0.00796606495886411 1.35263435482777e-05 56.64737320
16089054 89.9930555555556 0.00792479608986636 2.35999093407671e-05 52.53974533
16090001 90.0078009259259 0.00785195858023937 1.94105237957819e-05 48.57903671
16090002 90.0197222222222 0.00779230961853655 1.41080641068414e-05 47.51047516
16090003 90.0422685185185 0.00772624989822372 1.44299498482048e-05 44.00945663
16090004 90.0648263888889 0.00771977319390032 1.52277919622039e-05 41.83962631
16090005 90.0859490740741 0.00772611933349586 3.67179460183751e-05 38.59712601
16090015 90.1456828703704 0.0090894784754078 9.28911673184373e-06 159.79698181
16090016 90.1723958333333 0.00881461953863501 1.91692555288119e-05 132.16435242
16090017 90.1801851851852 0.00872087111488823 1.15324154844566e-05 123.02979279
16090018 90.2026504629629 0.00851750589418099 1.15144653145288e-05 108.26747131
16090019 90.2256018518519 0.00840648324342784 1.21053073668872e-05 95.62612915
16090020 90.2484837962963 0.00832687820381004 1.52921542738601e-05 84.51523590
16090021 90.2669444444444 0.00817340230884688 1.26650181104772e-05 75.74220276
16090022 90.2896990740741 0.00808529701837277 1.35099493327992e-05 70.06624603
16090023 90.3111458333333 0.00804368519477352 1.36664771532497e-05 63.67874908
16090024 90.3327083333333 0.00796704072359872 1.37276962304727e-05 58.86749649
16090025 90.3543055555555 0.00791074358622536 1.41318118887857e-05 52.30318451
16090026 90.3758564814815 0.00783540504181969 1.62112557329438e-05 52.84562302
16090027 90.3932291666667 0.00778368724856277 1.55303712182049e-05 48.93227386
16090028 90.4147685185185 0.00773514295021484 1.47864960219919e-05 47.12100601
16090029 90.4363657407408 0.00770262160000731 1.47608044220759e-05 42.63293839
16090030 90.458287037037 0.00765183730623941 2.05576219572248e-05 41.81199646
16090038 90.5326041666667 0.00921734165298526 1.10515886974717e-05 178.01789856
16090039 90.5517939814815 0.00887774635001051 1.2122040203613e-05 137.18955994
16090041 90.7018634259259 0.0092438830054748 8.07375105590103e-06 198.81770325
16090042 90.736099537037 0.00880525854128477 1.13616229763156e-05 130.76644897
16090044 90.7599537037037 0.00859316044747047 1.38910091381849e-05 110.31613922
16090045 90.7753703703704 0.00848208177354561 1.14800006071095e-05 99.73548126
16090046 90.8015277777778 0.00829612240605276 1.0974176523097e-05 84.94906616
16090047 90.8346412037037 0.00813560243649621 1.32352937575356e-05 72.99460602
16090048 90.8560648148148 0.00804817127374605 1.33959768409016e-05 63.08842087
16090049 90.8776736111111 0.00801953530790479 1.8541628770884e-05 57.13258362
16090050 90.8950347222222 0.00788447540355649 1.39434437413705e-05 54.02821732
16090051 90.9168865740741 0.00781040813126433 1.41383014696421e-05 49.12957001
16090052 90.9387615740741 0.00780583267140745 1.62736328177101e-05 43.23894501
16090053 90.9559259259259 0.00773269219787827 1.82189113870882e-05 42.10976410
16091003 91.0219212962963 0.00931431700855337 9.82888715187402e-06 184.60972595
16091004 91.0440972222222 0.00899363790317762 1.03131806711263e-05 152.71107483
16091005 91.0663773148148 0.00873614743323689 1.14376970782044e-05 130.65798950
16091006 91.0887268518518 0.00850188690143149 1.18219154374074e-05 112.66606140
16091007 91.1104976851852 0.00834573274932573 1.24272237523719e-05 94.42102814
16091008 91.1320949074074 0.00823458659927141 1.76703619610822e-05 82.29786682
16091009 91.1475462962963 0.00809241412863434 1.29353266824057e-05 75.76630402
16091010 91.1702083333333 0.00798906278852791 1.33635991900254e-05 63.35437393
16091011 91.1918171296296 0.00792205700738207 1.3810557793416e-05 55.06262970
16091012 91.2134375 0.0078045395517265 1.39636168161668e-05 50.57310486
16091013 91.235474537037 0.00774249488459826 1.44760965308082e-05 46.09627533
16091014 91.2571296296296 0.00766908106413936 1.66785804169259e-05 42.41609955
16091036 91.7921412037037 1.02898767393601 0.0461175015302359 124.68075562
16091037 91.7934143518518 2.11828948841744 0.197037925485281 116.51027679
16091038 91.7959953703704 3.81088404688813 0.35823931686915 114.07600403
16091049 91.8978125 0.0114937764277909 8.59105666203439e-05 191.12924194
16091050 91.9022800925926 0.0113483072698018 9.2308971660845e-05 174.42671204
16091051 91.904837962963 0.0108673236499295 0.000216934672626109 166.19599915
16091052 91.9058564814815 0.0109548147802202 2.11917536977795e-05 168.72666931
16091053 91.9147569444444 0.0108767927652397 3.26951197752253e-05 152.91593933
16091054 91.9225694444444 0.0107600593598755 6.93276471885429e-05 140.56381226
16091055 91.9256944444444 0.010167192195126 1.89126418811103e-05 138.88873291
16091056 91.9357523148148 0.00899580214141935 2.98871804925763e-05 129.42881775
16091057 91.9403587962963 0.0088769480957116 2.00235713196153e-05 119.67965698
16091060 91.9528819444444 0.00872732285402599 1.9322406504311e-05 109.47257233
16091061 91.9614236111111 0.0086421182587667 1.67907434423876e-05 104.00148010
16091062 91.9726388888889 0.00851806373915178 1.19306337474532e-05 97.22889709
16091063 91.9960416666667 0.00832280372574941 1.26572993452997e-05 80.40588379
16092001 92.0225694444444 0.00819193206696529 1.30501665271067e-05 68.63218689
16092002 92.0446064814815 0.00810583108669832 2.04462705598031e-05 60.25400543
16092003 92.0581597222222 0.00805807690943542 2.6272276407934e-05 56.52693939
16092014 92.1361111111111 0.00950384349323217 1.01734324442935e-05 192.81636047
16092015 92.158287037037 0.00914401979093507 1.2539362864976e-05 146.90255737
16092016 92.1740393518518 0.00889958486510446 1.15161888463279e-05 129.21189880
16092017 92.1965972222222 0.00868222769201451 1.19368690865956e-05 111.75019073
16092018 92.2184722222222 0.00852931259993022 1.23817336637216e-05 96.27687073
16092019 92.2409606481481 0.00842417631037608 1.53028391412564e-05 82.94862366
16092020 92.2596875 0.0082896734847652 1.4270242461711e-05 78.47774506
16092021 92.2790625 0.00820391271187257 1.34019830410024e-05 67.01737213
16092022 92.3015972222222 0.0080930900100197 1.37903067784162e-05 58.97541428
16092023 92.3237847222222 0.00804860704001497 2.41234388092754e-05 54.31764984
16092031 92.4337037037037 0.00954602912688603 1.01220354109887e-05 203.16806030
16092033 92.4577199074074 0.00912859827297591 1.2450652233176e-05 162.14691162
16092034 92.4738078703704 0.00886669971774417 1.15687704919938e-05 134.23709106
16092035 92.4953472222222 0.00864971093996642 1.19716089745381e-05 115.91978455
16092036 92.5170486111111 0.00845228943192041 1.28850260428683e-05 98.87986755
16092037 92.5385300925926 0.00829167819327827 1.29790570059786e-05 79.12849426
16092040 92.5652662037037 0.00823699038634165 0.000152285629982091 67.52351379
16092042 92.5755671296296 0.00804635016410116 1.42322579172247e-05 59.27128220
16092044 92.5975462962963 0.0079550594743373 1.65678762813771e-05 52.26948929
16092048 92.6213425925926 0.00784813801778298 1.83437472705172e-05 45.96208191
16092049 92.6358333333333 0.00779755596228747 1.47182311606608e-05 44.49292755
16092050 92.6573263888889 0.00772860868103462 1.51705776212692e-05 39.92407990
16092051 92.6786111111111 0.00767976009129592 2.93220594380437e-05 38.15511703
16092052 92.6879282407407 0.00766611972398386 1.54020785815288e-05 37.14116669
16092053 92.7093402777778 0.0076216616720402 1.56748545330152e-05 37.10301590
16092054 92.7313310185185 0.00756463459134326 1.58884787182006e-05 34.16722488
16092055 92.7528356481482 0.00757948871969164 2.65433840222741e-05 31.72190094
16092063 92.826724537037 0.00952470183819338 9.9736922184338e-06 197.70901489
16092064 92.8487268518518 0.00916492339284056 1.15867440844433e-05 156.79634094
16092065 92.8671296296296 0.00889745375796308 1.15209606477835e-05 136.18934631
16092066 92.8886458333333 0.00876906835181762 1.30266474940997e-05 123.00569153
16092067 92.9107986111111 0.00862842455408028 1.21644136061866e-05 110.35227966
16092068 92.9323726851852 0.0085103711869252 1.44206038412776e-05 100.14520264
16092069 92.9539583333333 0.00840355870044729 1.29276860546315e-05 89.72120667
16092070 92.975787037037 0.00827211833814877 1.31024895665928e-05 79.74308777
16092071 92.9980208333333 0.00820107232554044 1.33221441092986e-05 74.00688171
16093001 93.0199189814815 0.00814884597207214 1.34479769994334e-05 68.34297180
16093002 93.0420486111111 0.00805082879944478 1.38055119574822e-05 62.69359207
16093003 93.0641319444445 0.0080221607422122 2.34736197672882e-05 59.37041473
16093004 93.0766087962963 0.00796846694081897 1.65914558140887e-05 55.89333344
16093010 93.1431597222222 0.00954289881362447 9.477967259547e-06 214.50788879
16093011 93.1666319444445 0.0090651036085903 9.40073468468349e-06 166.69009399
16093012 93.1933217592593 0.00879866962467975 1.15740329708379e-05 132.42947388
16093013 93.2156481481481 0.00861334021311233 1.17856166307782e-05 121.13781738
16093014 93.2382986111111 0.00851161785166249 1.20581837241438e-05 104.66427612
16093015 93.2603703703704 0.00848372732062264 3.81673557679091e-05 93.43286896
16093016 93.268912037037 0.00828780431107559 1.18514179511966e-05 86.74464417
16093017 93.2940856481482 0.00818631048605759 1.3021790796433e-05 82.05685425
16093018 93.3157523148148 0.00812056282697705 1.39894350848407e-05 71.80156708
