16064077 64.8970486111111 0.037720314292096 0.000197535964162747 1.00000000
16064078 64.9029513888889 0.0375852204500826 0.000107043817838642 1.00000000
16064079 64.9289930555556 0.0370267116526896 9.85882566270501e-05 1.00000000
16064080 64.9525925925926 0.0369454717158842 0.000117074655495788 1.00000000
16064081 64.9709722222222 0.0374636167224184 0.000366997271225678 1.00000000
16064082 64.9816782407407 0.0372593870193716 0.000187433670157071 1.00000012
16065001 65.005162037037 0.0363840305895856 0.000121213205710838 1.00000000
16065002 65.0282291666667 0.0369713114856416 0.000118287048151824 1.00000000
16065003 65.0501041666667 0.0359408086382912 0.000115036360586729 1.00000000
16065005 65.0744791666667 0.0367412708059625 0.0001214739222557 1.00000000
16065006 65.1009837962963 0.0355245300795915 0.000119095880101135 1.00000000
16065007 65.1239351851852 0.0367926610198761 0.000127246969527426 1.00000000
16065008 65.1466087962963 0.0361303088931921 0.000130488350509101 1.00000000
16065009 65.1678240740741 0.036122557992139 0.000134028105878297 1.00000000
16065010 65.1896296296296 0.0368394307754416 0.00013606739461286 1.00000000
16065011 65.2114236111111 0.0343984408159405 0.0168386381416814 1.00000000
16065012 65.2132407407407 0.0361096647981963 0.000133049753208574 1.00000000
16065013 65.2365046296296 0.0361595055605167 0.000136598003239743 1.00000012
16065014 65.2600347222222 0.0361322362735934 0.000175228291289141 1.00000012
16065015 65.2762037037037 0.035729503284946 0.000155232579768067 1.00000000
16065016 65.2954282407407 0.0357430725104088 0.000148153113563488 1.00000000
16065017 65.3172453703704 0.0361106236004278 0.000154169934772639 1.00000000
16065018 65.3394675925926 0.0363719407836285 0.000191815440448746 1.00000000
16065023 65.4300810185185 0.0365943423507641 9.69438123638872e-05 1.00000000
16065024 65.4460763888889 0.0374995751797426 0.000131328015599119 1.00000000
16065025 65.4573842592593 0.0371450797629677 9.31482252113496e-05 1.00000000
16065026 65.4824074074074 0.0377685273629562 0.000139965464366083 1.00000000
16065027 65.4934259259259 0.0355805756489316 9.04524326919784e-05 1.00000000
16065028 65.5176851851852 0.0361097077944016 0.000109078501254742 1.00000012
16065036 65.6069097222222 0.0367699825065158 9.76385950749504e-05 1.00000000
16065037 65.6238888888889 0.0364023351572174 0.000107224479683972 1.00000000
16065038 65.6397685185185 0.0363602288743006 9.14014405465825e-05 1.00000000
16065039 65.6635763888889 0.0369932795246941 0.000109293879087671 1.00000000
16065041 65.6933680555556 0.0364211613008018 0.000106266288165215 1.00000000
16065042 65.7133101851852 0.0371223507593037 0.000130902503493084 1.00000000
16065043 65.7327893518518 0.0364484555823664 0.000427710044949092 1.00000000
16065044 65.7369328703704 0.0370570391491162 0.000108402451777152 1.00000000
16065045 65.7596875 0.0354368892476471 0.000103665981459537 1.00000000
16065046 65.7839236111111 0.036206556839282 0.00011453105605111 1.00000000
16065047 65.8055555555556 0.035218509026446 0.000111972086457312 1.00000000
16065048 65.8272106481482 0.0365247638934983 0.000119908629670779 1.00000000
16065059 65.8928935185185 0.0350048642278699 0.00146540923729401 1.00000000
16065060 65.8946064814815 0.0370770964769753 0.000124528071056501 1.00000000
16065061 65.9165046296296 0.0357375120930765 0.000126353826151313 1.00000000
16065072 65.9942476851852 0.037024151258235 8.76676377640904e-05 1.00000000
16066001 66.0158449074074 0.0363716487500589 9.66464785345047e-05 1.00000000
16066002 66.0371759259259 0.0375404176695306 9.5538380159513e-05 1.00000000
16066003 66.0603703703704 0.0372088691159598 9.95574956984893e-05 1.00000000
16066004 66.0834027777778 0.0356840889675573 9.87884282816389e-05 1.00000012
16066005 66.10625 0.0366830658536899 0.000120157755310908 1.00000000
16066006 66.1283912037037 0.0360524568605297 0.000102135638300113 1.00000000
16066007 66.1528935185185 0.0355603809421517 0.000112994181154715 1.00000000
16066008 66.1738425925926 0.0363758954977437 0.00011229390403574 1.00000012
16066009 66.1962847222222 0.0360120953437578 0.00011399268107824 1.00000000
16066011 66.2189930555556 0.0360767767952195 0.000115423707469387 1.00000000
16066012 66.2407523148148 0.0363364657797534 0.000173429850519132 1.00000000
16066015 66.3109375 0.0358631222482357 7.49149603398627e-05 1.00000000
16066016 66.3363657407407 0.0369560855169234 9.43091696155128e-05 1.00000000
16066017 66.3602893518518 0.0367655581745354 9.11855145697177e-05 1.00000000
16066018 66.3835416666667 0.0367081651317448 0.000139228629336892 1.00000000
16066019 66.3950925925926 0.0358147972959129 0.000138844350976824 1.00000000
16066020 66.4070023148148 0.0364805295526798 0.000186294900082801 1.00000000
16066021 66.417974537037 0.0365356212723033 0.000134009462513585 1.00000000
16066026 66.5050462962963 0.036164397603236 0.000112103287073496 1.00000000
16066027 66.5266319444444 0.0348843177403208 0.000109195933194388 1.00000000
16066028 66.5486805555556 0.0317032037880773 0.0274423353156687 1.00000000
16066030 66.552037037037 0.0353185843220862 0.000250714652818961 1.00000000
16066031 66.5626273148148 0.0354031075124096 0.000115845639199218 1.00000000
16066032 66.5840162037037 0.03555893026182 0.000127717159876326 1.00000000
16066033 66.6055671296296 0.0354735452863225 0.000121267874746919 1.00000000
16066035 66.6351851851852 0.0348336950738891 0.000128297737076448 1.00000000
16066046 66.7824537037037 0.0363285823089119 0.00016879123504152 1.00000000
16066047 66.788125 0.0361202263648613 8.75373097812988e-05 1.00000000
16066048 66.8092824074074 0.0354490290968298 0.0143190583610367 1.00000000
16066049 66.8121990740741 0.034899646812819 9.5563016125734e-05 1.00000000
16066050 66.8308912037037 0.0362755069256265 9.55840076766588e-05 1.00000000
16066051 66.8525231481482 0.0350547283820814 8.23651122311559e-05 1.00000000
16066052 66.8809375 0.0356294541661805 9.81307958664014e-05 1.00000000
16066053 66.9028935185185 0.035183962865826 0.000106237940146271 1.00000000
16066054 66.921875 0.0358868923656376 0.000121202851425893 1.00000000
16066055 66.9436921296296 0.0353983583494296 0.000109943180132276 1.00000000
16066057 66.9650578703704 0.0129428933184352 0.00404399114755845 1.00000000
16066059 66.9681597222222 0.0360913803367316 0.000107637641583016 1.00000000
16066060 66.9897569444444 0.0358343534235115 0.000108390697624841 1.00000000
16067001 67.0113194444445 0.0356073098343289 0.000106359726210012 1.00000012
16067003 67.0350578703704 0.0344033094974176 0.000105545070783717 1.00000000
16067004 67.0573958333333 0.0358618778176418 0.000120661981439935 1.00000000
16067005 67.0761921296296 0.0354673657150117 0.000109272831402193 1.00000000
16067006 67.0989467592593 0.0351332348680879 0.000231323004367518 1.00000000
16067013 67.3713078703704 0.0354514787669797 0.000104498940099029 1.00000000
16067014 67.3866898148148 0.0345033687580035 0.000138120735555207 1.00000000
16067015 67.3963773148148 0.0363131776509777 9.83759307479782e-05 1.00000000
16067016 67.417962962963 0.036115059599054 9.56623944391147e-05 1.00000000
16067017 67.4403356481481 0.0351069803754824 9.75254073381682e-05 1.00000000
16067019 67.4765972222222 0.0342039953234632 9.87891720812924e-05 1.00000000
16067020 67.4983912037037 0.034716687170451 0.000102154705756271 1.00000000
16067021 67.5203009259259 0.0352651176019716 0.000105026511991426 1.00000000
16067022 67.5418634259259 0.0360109836319012 0.000114938780008358 1.00000000
16067039 67.8637847222222 0.0355764365209736 7.42820515031373e-05 1.00000000
16067040 67.8905555555556 0.0353768201284631 0.000207598333629349 1.00000000
16067041 67.8948726851852 0.0340437584301161 8.63049593815734e-05 1.00000000
16067042 67.9174189814815 0.0345011505159126 8.76628807255065e-05 1.00000000
16067043 67.9411342592593 0.0345275014045062 9.42697084198161e-05 1.00000000
16067044 67.9627083333333 0.0343029659549725 0.00034411751794849 1.00000000
16067045 67.9840046296296 0 1.41824790350571e-05 1.00000000
16067046 67.9853125 0 4.41856783996363e-06 1.00000000
16067047 67.9907291666667 0 4.7101372273758e-06 1.00000000
16068001 68.0031018518518 0.0344889782774499 0.000104343810556111 1.00000000
16068003 68.0260185185185 0.0340531957791996 0.000105612168662698 1.00000000
16068004 68.0483333333333 0.0340277339519273 0.000111179459683737 1.00000000
16068005 68.0675115740741 0.0343415459437613 0.000103147645370215 1.00000000
16068006 68.0903125 0.0343138299479364 0.000103387767984628 1.00000012
16068007 68.1174537037037 0.0339489379515327 0.000116801270487431 1.00000000
16068008 68.1392939814815 0.0335620204548684 0.000102413226842278 1.00000000
16068009 68.1621643518518 0.0337028540613422 0.000106329324403665 1.00000000
16068010 68.1857638888889 0.0343218358962851 0.000169451035499052 1.00000000
16068012 68.246875 0.0353156413883212 8.89548511286244e-05 1.00000000
16068013 68.2663310185185 0.0341601059523342 0.000168243046142855 1.00000000
16068014 68.2734027777778 0.0337685835499303 8.46895002206698e-05 1.00000000
16068015 68.2975694444444 0.0338326959109866 9.08236863719739e-05 1.00000000
16068016 68.3195486111111 0.0339363522368903 9.85574573399425e-05 1.00000000
16068017 68.3428935185185 0.0322202592604445 0.000183161168404185 1.00000000
16068018 68.3486689814815 0.0337544371411759 8.53977273259436e-05 1.00000000
16068021 68.3798263888889 0.0334059324795783 0.00012950437121596 1.00000012
16068022 68.4118518518518 0.0324168545619053 8.99851043576807e-05 1.00000000
16068023 68.4384143518518 0.0335780739612162 0.00017607353210934 1.00000000
16068024 68.4461921296296 0.0340855053204064 0.000100124996321074 1.00000000
16068025 68.4699537037037 0.033194972664184 0.000134225126674825 1.00000000
16068028 68.4859606481482 0.0333384197283463 0.000150382682971798 1.00000000
16068029 68.502349537037 0.0329694339403652 9.71104374492189e-05 1.00000000
16068030 68.5272569444444 0.0328005303146104 0.000103523404393191 1.00000000
16068032 68.5526736111111 0.0329826394292149 0.000101291621287933 1.00000000
16068034 68.5782291666667 0.0320813576856091 0.00010598626471134 1.00000000
16068035 68.599837962963 0.0329489908464963 0.000103319226051295 1.00000000
16068036 68.6297222222222 0.0328097682255341 0.000110313679625229 1.00000000
16068037 68.6513425925926 0.0322469849247789 0.000142293013553353 1.00000000
16068038 68.6691319444444 0.0319330647850936 0.000109203683073841 1.00000000
16068039 68.6912731481481 0.0323536691739366 0.000111126572019266 1.00000000
16068040 68.7132407407407 0.0332974974726288 0.000149335179746218 1.00000000
16068042 68.7340162037037 0.0320466159922772 0.000114759796720411 1.00000000
16068043 68.7550462962963 0.0326607831268894 0.000550252477461772 1.00000000
16068055 68.9483912037037 0.036334090036365 8.77413569087419e-05 1.00000000
16068056 68.9699768518519 0.0352600102737444 0.000114796025270857 1.00000000
16068057 68.9841898148148 0.0352420106187467 0.000244752790121778 1.00000000
16068058 68.99125 0.0356306978493674 9.74947289453229e-05 1.00000000
16069001 69.0131597222222 0.0358976431386497 9.81266849346331e-05 1.00000000
16069002 69.0361342592593 0.0348710195322962 9.99241577397866e-05 1.00000000
16069003 69.0579282407407 0.0361333861575372 0.000121851831177764 1.00000012
16069004 69.0814699074074 0.0365367950251903 0.000320651445576406 1.00000000
16069005 69.0909143518519 0.0351006304905103 0.000205237216039316 1.00000000
16069006 69.0980208333333 0.0356465313431081 0.000121423915778583 1.00000000
16069007 69.1196875 0.0347763811324982 0.000120444625345905 1.00000000
16069008 69.1410763888889 0.0352897204785775 0.000119397202921232 1.00000000
16069009 69.1627430555556 0.0360737070827377 0.000123345436569203 1.00000000
16069010 69.1842013888889 0.0353955576511602 0.000151012812738806 1.00000000
16069011 69.2037731481481 0.0345321226803436 0.000124096234757513 1.00000000
16069012 69.2254050925926 0.0351088577795882 0.000125142518420979 1.00000000
16069013 69.2470717592593 0.0346327894745082 0.000324986719209762 1.00000000
16069014 69.2531597222222 0.0331373319359838 0.00200543173464459 1.00000000
16069015 69.2615509259259 0.032731717462868 0.00191886651725506 1.00000000
16069016 69.2623032407407 0.0346023673127877 0.000158563366809076 1.00000000
16069024 69.373912037037 0.0352237868460916 0.000148731670249366 1.00000000
16069025 69.3819328703704 0.0350676418320617 8.73221409298392e-05 1.00000000
16069026 69.4041435185185 0.0339684283611059 9.08266682877113e-05 1.00000000
16069027 69.4257523148148 0.034722606856153 9.66352843276959e-05 1.00000000
16069028 69.4475 0.0345040010279364 9.89125327839951e-05 1.00000000
16069029 69.4692361111111 0.0345914613938895 0.000169985467527558 1.00000000
16069030 69.4827199074074 0.03574905842267 0.000127849353955162 1.00000000
16069031 69.5024537037037 0.0346251647647397 0.000165372432177492 1.00000000
16069032 69.5130092592593 0.0333707391807285 0.000207112128617351 1.00000000
16069033 69.5209606481481 0.0346459352357067 0.000148925243481152 1.00000000
16069034 69.5343981481482 0.033921633584547 0.000105135240080963 1.00000000
16069035 69.5563773148148 0.0345473864843137 0.000108679924243439 1.00000000
16069036 69.578599537037 0.0351010770807624 0.000101777685858518 1.00000000
16069037 69.6068518518519 0.0339823863867116 0.000394837421965852 1.00000000
16069038 69.6149305555556 0.0348614137595189 0.000332479445971063 1.00000000
16069039 69.6199652777778 0.0343455810102572 0.000119494599111646 1.00000000
16069040 69.640162037037 0.0351168247820108 0.00032021870063079 1.00000000
16069041 69.6436574074074 0.0341764207358698 0.000112936906210197 1.00000000
16069042 69.6658217592593 0.0341343269466946 0.000112917600285937 1.00000000
16069045 69.7399537037037 0.00522593266880099 0.00291413572457296 1.00000012
16069049 69.7549537037037 0.0336234349711036 0.000142023133444271 1.00000000
16069050 69.7623148148148 0 0.000827884094276786 1.00000000
16069052 69.7661921296296 0 0.000274740010026757 1.00000000
16069053 69.7671875 0.0345544492980262 0.000105371280784082 1.00000000
16069054 69.7823611111111 0.0338699376307661 9.49212870759831e-05 1.00000000
16069055 69.8032291666667 0.0345740551739861 0.000176280353622524 1.00000000
16069060 69.8327083333333 0.0334380912910698 7.60009500703155e-05 1.00000000
16069061 69.8701851851852 0.0340436524402894 0.000274039956709988 1.00000000
16069062 69.8764583333333 0.0339059759034126 9.88785905599347e-05 1.00000000
16069063 69.8999305555555 0.0335692269015557 0.000135923648488213 1.00000000
16069064 69.9148263888889 0.0335264868243669 0.000104379962307054 1.00000000
16069065 69.9369097222222 0.0339716510056633 0.000107431112778651 1.00000000
16069066 69.9580902777778 0.0331158197214819 0.000109369711188517 1.00000000
16069067 69.9803703703704 0.0332280137608281 0.000155055274039677 1.00000000
16070003 70.0367592592593 0.0346696392033537 7.29153691370909e-05 1.00000000
16070004 70.0633449074074 0.0335997215253516 8.64174266465502e-05 1.00000000
16070005 70.0850925925926 0.0332109890479921 8.84960589347246e-05 1.00000000
16070006 70.106724537037 0.0333444601845605 9.00980486846884e-05 1.00000000
16070008 70.1313657407407 0.0344442272303844 8.74607239181819e-05 1.00000000
16070009 70.1621064814815 0.0331521562253327 8.61557663912042e-05 1.00000000
16070010 70.1884490740741 0.0337232059476387 9.69394229848696e-05 1.00000000
16070011 70.2109606481481 0.0334470218903279 0.02895750692142 1.00000000
16070012 70.2146759259259 0.0338373032904051 0.000101072574925115 1.00000000
16070013 70.2363888888889 0.0340850150328537 0.000104045452521446 1.00000000
16070014 70.258287037037 0.032832168353932 0.000255149247997179 1.00000000
16070015 70.2639467592593 0.0341029509462528 0.000198302037873511 1.00000000
16070035 70.9882060185185 0 6.2203904350573e-05 1.00000000
16070039 70.9987384259259 0.0347949669217215 8.81718040296548e-05 1.00000000
16071001 71.0191319444445 0.0175101918750336 7.891937374297e-05 1.00000000
16071002 71.0339236111111 0.0194190493099079 9.57593004995653e-05 1.00000000
16071003 71.068287037037 0.0556624957377974 0.000449357033405751 1.00000000
16071004 71.0716087962963 0.194532086308861 0.00288637143439496 1.00000000
16071005 71.0737037037037 0.187513545042705 0.00213621100946863 1.00000000
16071006 71.0756944444444 0.19366080565859 0.000336896072101653 1.00000000
16071007 71.0863194444444 0.192247210668266 0.000238174577238169 1.00000000
16071010 71.1229166666667 0.0354898657039744 0.000186255626745209 1.00000000
16071014 71.1386342592593 0 0.000285601228716061 1.00000000
16071016 71.1455671296296 0.0350343781049831 0.000114869629457696 1.00000000
16071018 71.1668981481481 0.0341953904722206 0.000189770962172558 1.00000000
16071020 71.1765277777778 0.0347385458735034 0.000639444207446548 1.00000000
16071021 71.1777893518518 0.0340324926578972 0.000105048289815178 1.00000012
16071022 71.2003240740741 0.0354823016724561 0.00011248059473511 1.00000000
16071023 71.2225462962963 0.0348817492514642 0.000165690584389182 1.00000000
16071024 71.2375231481482 0.0347689657469363 0.000116231556919895 1.00000000
16071025 71.2591782407407 0.033916292603125 0.000114886859250803 1.00000000
16071026 71.2811226851852 0.0345860950403772 0.000121922177551251 1.00000000
16071027 71.3009259259259 0.0342802860806348 0.000136848710903364 1.00000000
16071042 71.5155787037037 0.0331368600655934 7.3991163925463e-05 1.00000000
16071043 71.5372106481481 0.0341304758384225 0.000210066415671028 1.00000000
16071044 71.5414930555556 0.0338842300635233 0.00012308702052678 1.00000000
16071045 71.550787037037 0.0337567130680836 0.000152612906560047 1.00000000
16071046 71.5577777777778 0.0327385421860637 0.000154192573603501 1.00000000
16071050 71.6122453703704 0.0326945131646845 0.000171177561015319 1.00000000
16071051 71.6193402777778 0.0336472552877311 0.00012638880898227 1.00000000
16071052 71.6387384259259 0.0319456624461218 9.37514350305693e-05 1.00000000
16071053 71.6634259259259 0.0324216088643141 0.000101181671875167 1.00000000
16071054 71.6854976851852 0.0331472500501966 0.000105066262174381 1.00000000
16071055 71.7071643518519 0.0336313664574716 9.82921769777628e-05 1.00000000
16071056 71.7329050925926 0.0331691777427906 9.89284883747416e-05 1.00000012
16071058 71.7631134259259 0.032455627757791 0.000107017800117405 1.00000000
16071059 71.7852893518519 0.0333433743903161 0.000156820037833356 1.00000000
16071060 71.8067939814815 0.0330083987784382 0.000237895230815065 1.00000000
16071061 71.8167592592593 0.0326962000727348 9.8711630141311e-05 1.00000000
16071062 71.8456828703704 0.0328734213763261 0.000293244712884753 1.00000000
16071076 71.940474537037 0.0346975279954407 0.000186463329945615 1.00000000
16071077 71.9459375 0.0343684245805807 9.64935828240273e-05 1.00000000
16071078 71.9664236111111 0.0341602720451825 9.55906488668754e-05 1.00000000
16071079 71.9878472222222 0.0343732023394966 9.40251427470432e-05 1.00000000
16072001 72.0112615740741 0.0340384109474497 9.82949052951719e-05 1.00000000
16072002 72.032962962963 0.0337282713333193 0.000106978168257465 1.00000012
16072003 72.0580439814815 0.0339427022843521 0.000103414546651638 1.00000000
16072006 72.0842361111111 0.0343312464080463 0.000139085844316177 1.00000000
16072007 72.0978819444444 0.0338240871473818 9.47025263243471e-05 1.00000000
16072008 72.1255324074074 0.0340443842476397 9.95921090774611e-05 1.00000000
16072009 72.1514467592593 0.0338344528492438 0.000115328151638011 1.00000012
16072010 72.1761689814815 0.0335838641334129 0.000121504753252701 1.00000000
16072012 72.1984953703704 0.0338586064382697 0.000108513493880565 1.00000000
16072013 72.2226157407407 0.0325179922422804 0.000110530476735586 1.00000000
16072014 72.2442592592593 0.0320983005754262 0.000158762307257878 1.00000000
16072021 72.3665509259259 0.0358659168062879 7.75142335180164e-05 1.00000000
16072022 72.3900347222222 0.0353026230804005 0.000156834031156305 1.00000000
16072023 72.3971064814815 0.0344283121759544 8.99883042898902e-05 1.00000000
16072024 72.4189467592593 0.0333814195211494 9.28539410983204e-05 1.00000000
16072025 72.4406134259259 0.0337945497632816 9.81958385394745e-05 1.00000000
16072026 72.4623726851852 0.0342331452671512 9.93001574568648e-05 1.00000000
16072027 72.495162037037 0.0330558335116546 0.000221207789565585 1.00000000
16072033 72.5346064814815 0.0313048082663746 0.000103856670450706 1.00000012
16072034 72.5546643518519 0.0311498201132144 0.000103755350409283 1.00000000
16072035 72.5764467592593 0.0327322335941887 0.000110579022142609 1.00000000
16072036 72.5982407407407 0.031848467268456 0.000138136092927271 1.00000000
16072038 72.6175694444444 0.0312938740707714 0.000101924462360395 1.00000000
16072039 72.6406481481481 0.0322324679099862 0.000110893478388317 1.00000000
16072040 72.6620023148148 0.0310147732772268 9.76181994221619e-05 1.00000000
16072041 72.6885185185185 0.0318166829105314 0.000110617633088392 1.00000000
16072042 72.7110416666667 0.0313898815682972 0.000110163074759255 1.00000000
16072043 72.7334027777778 0.0319457825302527 0.000257117054440962 1.00000000
16072046 72.778912037037 0.0350386707058226 0.000903200692788681 1.00000000
16072047 72.7818055555556 0.0335811562212476 0.00021581835765051 1.00000000
16072056 72.8738657407407 0.035361439796607 0.000214695317595094 1.00000000
16072057 72.8804166666667 0.0336843246292379 7.11021453538473e-05 1.00000000
16072058 72.9048611111111 0.0336806986451747 8.35603893529958e-05 1.00000000
16072059 72.9256018518519 0.0335411216124992 8.15364046212035e-05 1.00000000
16072060 72.9476273148148 0.0335674968110838 0.000103842121235251 1.00000000
16072061 72.9620833333333 0.0325691484026551 7.20252214395843e-05 1.00000000
16072062 72.9953587962963 0.0326667214272098 8.78107228586801e-05 1.00000000
16073001 73.0159953703704 0.0329904711232193 0.000130323983476482 1.00000000
16073004 73.0294328703704 0.0034228748418084 0.00150298148732476 1.00000000
16073007 73.0367476851852 0.00309913156200558 0.00136086186225228 1.00000000
16073010 73.0430439814815 0.0334772793822725 9.25528551300821e-05 1.00000000
16073011 73.0634490740741 0.0338266677331519 0.000446666196854897 1.00000000
16073012 73.0663194444444 0.0325073421430374 9.12210271789986e-05 1.00000000
16073013 73.0884606481481 0.0330774072458801 0.000115233803328219 1.00000000
16073015 73.1042361111111 0.000662894204149064 0.000934974276798448 1.00000000
16073017 73.1074421296296 0.0321127837240765 0.000152312294623137 1.00000000
16073018 73.1199074074074 0.0329121999469062 9.64586467258746e-05 1.00000000
16073019 73.1414814814815 0.0335032893684922 9.77984848631968e-05 1.00000000
16073020 73.1632407407407 0.032416652091886 0.000105026543901764 1.00000000
16073021 73.1809143518519 0.0327373455814204 0.000135641557306594 1.00000000
16073029 73.2650578703704 0.0340320876339978 7.33691500339454e-05 1.00000000
16073030 73.2868981481482 0.0332533156547957 7.20357590469611e-05 1.00000000
16073031 73.3103703703704 0.0333438218930581 7.97257961820324e-05 1.00000000
16073032 73.3321180555556 0.0334836973322844 0.000112228631872211 1.00000000
16073033 73.3457175925926 0.0330630487948896 8.23229305713806e-05 1.00000000
16073034 73.367650462963 0.0331039192220661 0.000234991892702345 1.00000000
16073035 73.3754166666667 0.0326301508071834 0.000121149624297508 1.00000000
16073037 73.3894097222222 0.0331031521158088 8.31887806397107e-05 1.00000000
16073038 73.413275462963 0.0330602539063533 8.79691856886211e-05 1.00000000
16073039 73.4350347222222 0.0329978138512159 0.000133211894100983 1.00000000
16073040 73.4460648148148 0.0328467795650251 0.000241306538212894 1.00000000
16073045 73.4592824074074 0.0324192373967589 8.7749288235347e-05 1.00000000
16073046 73.4810416666667 0.0329691954983275 0.000109882248161651 1.00000000
16073047 73.5001157407408 0.0318617962002047 8.9325875212417e-05 1.00000000
16073048 73.5217476851852 0.0325096349192496 9.48635049229443e-05 1.00000000
16073049 73.5427777777778 0.0319628187437534 0.000110918394337141 1.00000000
16073050 73.5614583333333 0.0322566491936688 0.000143456696857912 1.00000000
16077019 77.3125810185185 0.179531153799152 0.000312153534730447 1.00000000
16077020 77.3284722222222 0.172867716002115 0.000372747959019595 1.00000000
16077021 77.3367476851852 0.0313610018920716 0.000238165802028151 1.00000000
16077027 77.4984722222222 0.0347080934445343 0.000101195132881379 1.00000000
16077028 77.5122916666667 0.0346260155086456 0.000139157373300186 1.00000000
16077029 77.5204050925926 0.0342345814936987 0.000173704371398422 1.00000000
16077030 77.5309490740741 0.03330110126802 8.57790883531396e-05 1.00000000
16077031 77.5531597222222 0.0338678191250198 9.25077129478197e-05 1.00000000
16077032 77.5753125 0.033844153321223 9.19903112552059e-05 1.00000000
16077033 77.5981481481481 0.034624372581652 0.000109380415832336 1.00000000
16077034 77.6201388888889 0.0342232636094046 9.27215395734631e-05 1.00000000
16077036 77.665625 0.0334238091395837 0.000197456983168486 1.00000000
16077037 77.6726273148148 0.0345723452632194 0.000199929164544799 1.00000000
16077038 77.6788310185185 0.0336849654308181 0.000100111784560872 1.00000000
16077039 77.7011226851852 0.0342747083981617 0.000103161195167336 1.00000012
16077040 77.7228472222222 0.0340372885659074 0.000101242858087976 1.00000000
16077041 77.7502777777778 0.0343100880882358 0.000113776789570127 1.00000000
16077043 77.7760185185185 0.0344981711831695 0.000130422461704663 1.00000000
16077044 77.7921064814815 0.0332102838543584 0.000106991387433471 1.00000000
16077045 77.814537037037 0.0338026488400774 0.000116390398086242 1.00000000
16077046 77.8343518518518 0.0338366410385987 9.96936481380756e-05 1.00000000
16077047 77.8620717592593 0.034724593468369 0.000119818879179213 1.00000000
16077054 77.9684953703704 0.036022561803611 6.88650346375337e-05 1.00000000
16077055 77.9963657407407 0.0361007059843687 0.000111055789377689 1.00000000
16078001 78.0084143518519 0.0367306102214368 8.34380412538644e-05 1.00000000
16078002 78.0325231481481 0.0352373239336956 8.67111140070566e-05 1.00000000
16078003 78.0543634259259 0.0364951680417695 0.000138833096582168 1.00000000
16078004 78.0697453703704 0.035893394357422 8.84966168958654e-05 1.00000000
16078005 78.0961805555556 0.0349613712136017 9.0539945872906e-05 1.00000000
16078006 78.1180787037037 0.0355042779852397 9.54340910165625e-05 1.00000000
16078007 78.140150462963 0.0374821847536073 9.64087725460898e-05 1.00000000
16078008 78.1641666666667 0.035501263120647 0.000142971991137142 1.00000000
16078009 78.1745601851852 0.0368175434601757 0.000100720763480869 1.00000000
16078010 78.1967824074074 0.0360028701887615 0.000191460923359249 1.00000000
16078011 78.2253356481481 0.0368446676558876 0.000105292462008195 1.00000000
16078012 78.2473958333333 0.0368621003429826 0.000102739869606992 1.00000012
16078013 78.27125 0.0358448319504337 9.12231200125584e-05 1.00000000
16078014 78.3001967592593 0.0368070736302993 0.00014540194010194 1.00000000
16078024 78.4903009259259 0.0386930112774748 0.000204520721645097 1.00000000
16078025 78.4957407407407 0.0372940514660278 0.00020431659995819 1.00000000
16078027 78.5023611111111 0.037209631732313 8.93573745226362e-05 1.00000000
16078028 78.5210532407407 0.0368633412120405 7.87802079099183e-05 1.00000000
16078029 78.5432175925926 0.0360076174395999 6.84609388047269e-05 1.00000000
16078030 78.5721296296296 0.0355754668808367 0.000111832509498503 1.00000000
16078031 78.5840856481481 0.035853862396759 7.32154310405248e-05 1.00000000
16078032 78.6130208333333 0.0354016712844375 0.000254688707883995 1.00000000
16078033 78.6198148148148 0.0360057193084889 8.79053187968376e-05 1.00000000
16078034 78.6427546296296 0.0358223731638932 8.78068877242612e-05 1.00000000
16078035 78.6648148148148 0.0355630480582552 8.73809755827675e-05 1.00000000
16078036 78.6878009259259 0.0349949475224833 8.83847378192075e-05 1.00000000
16078037 78.7097685185185 0.0363442405782376 9.2010319418178e-05 1.00000000
16078038 78.7319675925926 0.0363727121473328 0.000137003706911839 1.00000000
16078039 78.7490162037037 0.0354005629560005 9.40354280031802e-05 1.00000000
16078040 78.7704861111111 0.0357018808436249 9.16935138334676e-05 1.00000000
16078041 78.7941550925926 0.0354432258831231 9.43483277584301e-05 1.00000000
16078042 78.8160300925926 0.0359206547617344 9.53848907082749e-05 1.00000000
16078055 78.9542592592593 0.0378617542986279 7.42659939697572e-05 1.00000012
16078056 78.9807175925926 0.0371207118818239 8.21750334600961e-05 1.00000012
16079001 79.0039814814815 0.0371317750275352 8.41304063145751e-05 1.00000000
16079002 79.0265625 0.0364018020527741 0.000107636050809058 1.00000000
16079010 79.161099537037 0.0368635299472112 0.000127438170992529 1.00000012
16079011 79.1699768518518 0.0372839669662825 0.000105048873218305 1.00000000
16079013 79.1864236111111 0.0375475966709066 8.82162512949783e-05 1.00000000
16079014 79.2081828703704 0.0368957172536902 8.7128295694388e-05 1.00000000
16079015 79.2302314814815 0.0366198127132274 8.83379125015097e-05 1.00000000
16079016 79.252650462963 0.0368548175007114 8.86988815683521e-05 1.00000000
16079017 79.277025462963 0.0365536851744842 6.94071884273297e-05 1.00000000
16079018 79.321724537037 0.0363783417700318 7.78062046834866e-05 1.00000000
16079019 79.3553935185185 0.0365155272498054 8.31452558598185e-05 1.00000000
16079020 79.3863310185185 0.0369520183795821 0.000170301767571309 1.00000000
16079021 79.3991435185185 0.0358783026020329 0.000217298952229179 1.00000000
16079022 79.4054166666667 0.0371665208552725 8.37467388098829e-05 1.00000000
16079023 79.4372916666667 0.036648208234529 8.44728664935601e-05 1.00000012
16079024 79.4704976851852 0.0358749338531204 0.000138699743535101 1.00000000
16079026 79.4848263888889 0.035341574966595 0.000586442786115869 1.00000000
16079027 79.486099537037 0.0359445930983573 0.000128293493454062 1.00000000
16079028 79.5062847222222 0.0370476092925893 0.00022158013859788 1.00000000
16079029 79.5121180555555 0.0360447494474814 0.00019933986768344 1.00000000
16079030 79.5227083333333 0.0366188759793652 0.000210285598385471 1.00000000
16079031 79.5289814814815 0.035778551515597 9.0303147620284e-05 1.00000000
16079032 79.5596296296296 0.0369484601635706 8.83083023014423e-05 1.00000000
16079033 79.5934375 0.0365905037711973 0.000132546710045926 1.00000000
16079034 79.6127430555556 0.0355602646113536 9.72112830141103e-05 1.00000012
16079035 79.6401851851852 0.0357350235991901 0.000208944820903008 1.00000000
16079036 79.6483912037037 0.035657721681273 0.000111286546591814 1.00000000
16079037 79.6700578703704 0.036984480063711 0.000731837264085799 1.00000000
16079045 79.7554861111111 0.0377099431288298 0.000123526494878704 1.00000000
16079046 79.7661689814815 0.0372500506360114 0.000106999012423576 1.00000000
16079047 79.78125 0.0361398437268109 8.6672736855476e-05 1.00000000
16079048 79.8030324074074 0.0358767226588297 9.21267463457935e-05 1.00000000
16079049 79.824212962963 0.0368514192438351 0.00022240226039858 1.00000000
16079051 79.8349768518518 0.0375004765874305 0.000501886175663174 1.00000000
16079052 79.8369328703704 0.0373558285936159 9.26413770376547e-05 1.00000000
16079054 79.8617013888889 0.0362901700524006 9.59629260906613e-05 1.00000000
16079057 79.8938773148148 0.0368072606432509 0.000225696573624252 1.00000000
16079058 79.8996875 0.0363218089302338 0.000273138191130505 1.00000000
16079059 79.9031944444445 0.035308850102876 9.10676523262634e-05 1.00000000
16079060 79.9286226851852 0.0354773410561625 9.37555744196751e-05 1.00000000
16079061 79.9519097222222 0.0360259135849181 0.000100138839335083 1.00000000
16079062 79.9733101851852 0.0362196297104419 0.000110712278383264 1.00000000
16079063 79.9921759259259 0.0353850303067205 0.000130308875372662 1.00000012
16080001 80.0058680555556 0.035874776307743 0.000232266479568467 1.00000012
16080002 80.010787037037 0.0363143866539721 0.000140328804787834 1.00000000
16080003 80.0231365740741 0.0369873570453989 0.000138812542205721 1.00000000
16080004 80.0362152777778 0.0365885123102998 0.000105203855585053 1.00000000
16080005 80.0584953703704 0.0352469073925852 0.000116691307106611 1.00000000
16080006 80.075787037037 0.0363946803164939 0.000167159934653794 1.00000000
16080012 80.133275462963 0.0372706978160478 0.000148424048533946 1.00000000
16080013 80.1399768518519 0.0363835574409272 9.48399940442418e-05 1.00000000
16080014 80.1565972222222 0.0361140510040579 8.41820410857292e-05 1.00000000
16080015 80.1792824074074 0.0360595552167662 8.84313057712413e-05 1.00000000
16080016 80.2011226851852 0.0367702829207226 0.000107303769515115 1.00000000
16080020 80.3021180555556 0.0378043149185904 6.68599002632861e-05 1.00000000
16080021 80.3320486111111 0.0378427776011879 7.08763372844179e-05 1.00000012
16080022 80.3640509259259 0.0376130881729927 9.48403023356701e-05 1.00000000
16080023 80.3832407407407 0.0372977775386925 8.42226483275547e-05 1.00000000
16080024 80.4079976851852 0.036914409700921 8.12384270008479e-05 1.00000000
16080025 80.434375 0.0375607607849433 0.000177582287540508 1.00000000
16080026 80.4452083333333 0.0375418657189573 9.00721326898182e-05 1.00000000
16080027 80.4693981481481 0.0373230525417074 9.54414254010984e-05 1.00000000
16080028 80.4922337962963 0.0378512625212999 9.52790078849243e-05 1.00000000
16080029 80.5165509259259 0.0363672648081592 9.02778197803409e-05 1.00000000
16080030 80.541412037037 0.0370505753011231 0.000199138007589233 1.00000000
16080031 80.5501157407407 0.0370160261244064 9.5135353929572e-05 1.00000000
16080032 80.5747800925926 0.0373976080059215 9.16836354906065e-05 1.00000000
16080033 80.6019444444444 0.0367359704133577 9.22634106304699e-05 1.00000012
16080043 80.7475694444444 0.0375021919908997 0.000110930454158759 1.00000000
16080044 80.7587152777778 0.0372055040984266 8.9789086509227e-05 1.00000000
16080045 80.775474537037 0.0373636845703509 8.72180511002736e-05 1.00000000
16080046 80.7978935185185 0.0370491142804308 8.66812094600816e-05 1.00000000
16080047 80.8195138888889 0.0364419749762998 8.72870584780277e-05 1.00000000
16080048 80.8414467592593 0.0372024354842378 8.94095584958947e-05 1.00000000
16080049 80.8633564814815 0.0358243109023823 0.00010535321565292 1.00000000
16080050 80.8837152777778 0.0366251757829254 8.50610222755851e-05 1.00000000
16080051 80.9089814814815 0.0366081739306466 8.48174691077764e-05 1.00000000
16080052 80.9353356481482 0.036234506700958 8.96511141086296e-05 1.00000000
16080053 80.9591203703704 0.0358884767494469 9.35691785558128e-05 1.00000000
16080054 80.9812847222222 0.0364224148923506 0.000126361905486447 1.00000000
16080055 80.9988657407407 0.0363163286974614 9.73433354613024e-05 1.00000000
16081001 81.0212731481482 0.0361840036405739 9.52884406243253e-05 1.00000000
16081002 81.0451041666667 0.0363924535524222 0.000108134075521176 1.00000000
16081003 81.0643171296296 0.0359242216864523 0.000122725995749766 1.00000000
16081012 81.1566666666667 0.0367022631162221 8.10843093669762e-05 1.00000012
16081013 81.177337962963 0.0372654075446809 0.000100713535889082 1.00000000
16081015 81.1964583333333 0.0378300250283044 8.7161752958349e-05 1.00000000
16081016 81.2190740740741 0.0382376785111298 9.06120294119753e-05 1.00000000
16081017 81.241875 0.0380971341390793 9.50407810175615e-05 1.00000000
16081018 81.2650694444444 0.0381850736650068 0.000128014114867802 1.00000000
16081019 81.2797569444445 0.0368038743178747 0.000101529150283146 1.00000000
16081020 81.3002777777778 0.0368638582233259 0.000117434331886869 1.00000000
16081021 81.3213194444444 0.0381897915905106 0.00013884023501265 1.00000000
16081022 81.3349537037037 0.0374807376265246 9.68946238750513e-05 1.00000000
16081023 81.3618171296296 0.036272775001693 0.000163043769067881 1.00000000
16081024 81.3775694444444 0.0374445874877193 0.000220766692859583 1.00000000
16081025 81.3835185185185 0.0372185201718904 0.000163771435625254 1.00000000
16081036 81.4623148148148 0.0371280083717983 7.36515306236668e-05 1.00000000
16081037 81.4871296296296 0.0352218387835726 0.000112765172729133 1.00000000
16081048 81.7198958333333 0.0369923161433187 0.000108451465038661 1.00000000
16081049 81.7318287037037 0.0357310879426224 8.08770543824109e-05 1.00000000
16081050 81.7538078703704 0.0371919753198239 8.29684056579679e-05 1.00000000
16081051 81.7770949074074 0.036359475776043 0.00067356013610501 1.00000000
16081052 81.7804513888889 0.0370631346158818 8.82578547140674e-05 1.00000000
16081053 81.8018865740741 0.0368782802433261 8.91099704425303e-05 1.00000000
16081054 81.8239699074074 0.0361897560487068 0.000116098294065693 1.00000000
16081055 81.8399884259259 0.0365087053698503 9.022355019188e-05 1.00000000
16081056 81.8627430555556 0.0362383170813407 9.28070201763481e-05 1.00000000
16081057 81.8848726851852 0.0362710417758437 8.90566297652148e-05 1.00000000
16081058 81.909375 0.0364568913036148 8.55932954053239e-05 1.00000000
16081059 81.9372337962963 0.0367401058352217 9.68674980466991e-05 1.00000000
16081060 81.963912037037 0.0350424827606612 9.52628076390222e-05 1.00000000
16081061 81.9871643518518 0.0351660236005429 9.83365753723917e-05 1.00000000
16082001 82.0090625 0.0358932627253673 9.85881073858269e-05 1.00000000
16082002 82.0324189814815 0.0354890500625827 0.000147008253862045 1.00000000
16082011 82.1034606481482 0.0379110898964484 9.76119226102073e-05 1.00000000
16082012 82.1198032407407 0.0368082922906525 6.65994019934641e-05 1.00000000
16082013 82.1485069444444 0.0365967651759284 7.67346368244996e-05 1.00000000
16082014 82.172962962963 0.0346479414582884 0.00145303213262025 1.00000000
16082017 82.1808449074074 0.0358765260656588 0.000246938296060939 1.00000000
16082018 82.1838541666667 0.0368123384779551 8.42533929445817e-05 1.00000000
16082019 82.2064699074074 0.036364270357153 8.55956813927456e-05 1.00000000
16082022 82.2534953703704 0.0354928673247221 8.67805310967091e-05 1.00000000
16082023 82.276400462963 0.0361900078078366 7.8869288115705e-05 1.00000000
16082024 82.3076041666667 0.0305653776665866 8.84352116444149e-05 1.00000000
16082025 82.3281365740741 0.0360518221410318 8.45345436752019e-05 1.00000000
16082026 82.359849537037 0.0363227210566467 8.84937307688136e-05 1.00000000
16082027 82.3911689814815 0.0364667494702635 0.000125845716728613 1.00000012
16082028 82.4057638888889 0.0370233401521487 0.000104823444957086 1.00000000
16082029 82.4275115740741 0.0370459028497602 0.000197423284540371 1.00000000
16082039 82.621412037037 0.0381489836568581 8.74415244572561e-05 1.00000000
16082040 82.6397106481482 0.038511382731592 8.96910620753683e-05 1.00000000
16082041 82.6611111111111 0.0371077593353507 8.69384860378312e-05 1.00000000
16082042 82.6828356481482 0.0373090595378879 9.03809020362059e-05 1.00000000
16082043 82.7045717592593 0.0378103100071628 0.000186880993704076 1.00000000
16082044 82.71125 0.0377902129223109 0.000140987977478569 1.00000000
16082045 82.7234606481482 0.0378465991252453 0.000179708559398807 1.00000000
16082046 82.7298032407407 0.0376336121276995 0.000102998648385543 1.00000000
16082047 82.749375 0.0365390631143567 9.25551050477293e-05 1.00000000
16082048 82.7712152777778 0.0369748285942284 9.76645730006376e-05 1.00000000
16082049 82.7919907407407 0.0366073698628563 9.52614230464681e-05 1.00000000
16082050 82.8135185185185 0.0369000899927098 9.81512730366763e-05 1.00000000
16082051 82.8350231481482 0.0368327227280661 9.96799862399606e-05 1.00000000
16082052 82.8565162037037 0.0373310380511971 0.000118735240022332 1.00000000
16082053 82.8749189814815 0.0373282226377156 0.00010346194140966 1.00000000
16082054 82.8966087962963 0.0366749738707875 0.000109908296057535 1.00000012
16082055 82.9166435185185 0.0366430483255295 0.000103477598225919 1.00000000
16082056 82.9383796296296 0.0363535049007737 0.000104536125916841 1.00000012
16082057 82.9598032407407 0.0361316185589449 0.000128276941901977 1.00000012
16083003 83.0430208333333 0.0421627929878702 0.00031990674877725 1.00000012
16083004 83.0469328703704 0.0389282272539585 8.47289236131705e-05 1.00000000
16083005 83.0689467592593 0.0382097410045037 9.66607334654201e-05 1.00000000
16083006 83.0842939814815 0.0373123132246569 8.50720182593596e-05 1.00000000
16083007 83.1060069444444 0.0371851879069505 8.43399367724681e-05 1.00000000
16083008 83.1292476851852 0.0370613026862504 8.76035500571405e-05 1.00000000
16083009 83.1507291666667 0.0379092226475125 0.00011689653167686 1.00000000
16083010 83.1695949074074 0.036972652534444 9.11668424978914e-05 1.00000000
16083011 83.1912731481481 0.0360943917239321 9.02853726725221e-05 1.00000000
16083012 83.2131481481482 0.0369208565656365 9.31144706430664e-05 1.00000000
16083013 83.2354166666667 0.0381499302591958 9.90799208752404e-05 1.00000000
16083014 83.2569675925926 0.0371405177730308 9.34465736385823e-05 1.00000000
16083015 83.2808564814815 0.0375898601858473 0.000168137722934787 1.00000000
16083016 83.2913194444444 0.0363281451345335 9.42964537696556e-05 1.00000000
16083017 83.3146527777778 0.0364083956152896 0.000151820495051113 1.00000000
16083018 83.3250347222222 0.0368698935450837 0.000101875701633218 1.00000000
16083019 83.3465972222222 0.0361061860109944 0.000275001561163981 1.00000000
16083041 83.4663194444444 0.0381389302210642 8.59280841813906e-05 1.00000000
16083042 83.4889236111111 0.0378135343138219 8.13252869704425e-05 1.00000000
16083043 83.5106365740741 0.03710761613185 9.5719415346899e-05 1.00000000
16083044 83.5258217592593 0.0374601417788403 0.000210722501860501 1.00000000
16083045 83.5339467592593 0.0370888318163369 0.000109253769156487 1.00000000
16083046 83.5475115740741 0.0369693016201467 8.46096511376835e-05 1.00000000
16083048 83.5760416666667 0.0370367650990887 0.000180757365864739 1.00000000
16083049 83.5851273148148 0.0373208340448862 0.000136847872011885 1.00000000
16083050 83.5954050925926 0.0373842794585421 0.000119183191712737 1.00000000
16083052 83.6120717592593 0.0375127893055818 9.21698808369019e-05 1.00000000
16083053 83.6337615740741 0.0364903255951299 8.94268089719974e-05 1.00000000
16083054 83.655474537037 0.0384834245220947 0.000134709854732119 1.00000000
16083055 83.6730439814815 0.0362084686616036 8.92578249506152e-05 1.00000000
16083056 83.6976736111111 0.0377289951549783 0.000174869377901914 1.00000000
16083057 83.7101851851852 0.0366213046265174 9.83723708914863e-05 1.00000000
16083058 83.731875 0.0367903377036202 9.91090931213067e-05 1.00000000
16083059 83.754224537037 0.0370115940251961 0.000101537997703641 1.00000000
16083060 83.7759837962963 0.0365698145483781 0.000112965470440851 1.00000012
16083068 83.8618171296296 0 0.00131543155022971 1.00000000
16084003 84.0044212962963 0.0374742602268652 0.000544676979091498 1.00000000
16084004 84.0061689814815 0.0388606353980467 8.60716977425819e-05 1.00000000
16084005 84.0299884259259 0.0374480283909243 0.00057097522758679 1.00000000
16084006 84.0311574074074 0.0374177256428422 9.32776826787413e-05 1.00000000
16084007 84.0559375 0.0381693211665512 9.25027602353449e-05 1.00000000
16084008 84.0781944444444 0.0384706832337417 9.08451339735691e-05 1.00000000
16084009 84.102037037037 0.0379876122303373 9.62867491908498e-05 1.00000000
16084010 84.1238541666667 0.0374122371254993 0.00011890377469639 1.00000000
16084011 84.1412037037037 0.0385647335239313 0.000139250618492387 1.00000000
16084012 84.1525 0.0375330925316651 0.000100966035551344 1.00000000
16084013 84.1769097222222 0.0370669475567703 9.8932431247057e-05 1.00000000
16084014 84.1984722222222 0.0371410238156763 8.83387939158062e-05 1.00000000
16084015 84.2259490740741 0.0372025624742862 9.76058543823037e-05 1.00000000
16084016 84.2488657407407 0.0382370256513236 0.00064801401978897 1.00000012
16084017 84.2500694444444 0.0357742715163871 0.00142736211803073 1.00000000
16084018 84.2529282407407 0.0370231176390194 0.000110417510033107 1.00000000
16085005 85.0508449074074 0.0383934073626785 0.000187115754409878 1.00000000
16085006 85.0545023148148 0.0381546365791069 7.44245309187669e-05 1.00000000
16085007 85.0761921296296 0.0374092938288954 0.000251985508879657 1.00000000
16085008 85.0851388888889 0.0365650180105736 0.000177977337066102 1.00000000
16085009 85.0900578703704 0.0369791084981746 7.31063747250711e-05 1.00000000
16085011 85.1213888888889 0.0370336302285151 9.4947510490466e-05 1.00000000
16085012 85.1419907407407 0.0372419679046712 0.000119275449743768 1.00000000
16085013 85.1530671296296 0.0360810544771657 9.94175613585296e-05 1.00000000
16085014 85.1725 0.0365129478668398 0.000129089437310234 1.00000000
16085023 85.2619907407407 0.0391488929371377 7.59744659078086e-05 1.00000000
16085024 85.2845023148148 0.0376149573416708 7.97615186798086e-05 1.00000000
16085025 85.3102893518518 0.0375315103013198 8.6004711593303e-05 1.00000000
16085026 85.3322453703704 0.0373577735329485 8.67439462672833e-05 1.00000000
16085027 85.354375 0.0381520728786752 0.000104271849522461 1.00000000
16085028 85.3742476851852 0.0370553865300958 8.87604193727276e-05 1.00000000
16085029 85.3967592592593 0.0363046402821278 8.96592778305534e-05 1.00000000
16085030 85.4189351851852 0.0375862133929438 0.000120905557156558 1.00000000
16085031 85.4328587962963 0.0374566975987134 9.5863270878203e-05 1.00000000
16085032 85.4546759259259 0.0371202253166559 9.48405434207321e-05 1.00000000
16085033 85.4768981481482 0.0374086904946607 0.000110405825591819 1.00000000
16085034 85.4939699074074 0.0371140531907991 0.000430443631047234 1.00000000
16085035 85.4992592592593 0.0365321656125015 9.85346344363732e-05 1.00000000
16085036 85.5209259259259 0.0365499562909036 8.35471665699466e-05 1.00000000
16085037 85.553900462963 0.0371103458588468 0.000103737909983394 1.00000000
16085051 85.6834259259259 0.0361831854513159 6.90026048854407e-05 1.00000000
16085052 85.7092013888889 0.0374001506658025 0.000257700925790238 1.00000000
16085053 85.7120833333333 0.0371650753870792 0.000373158315723801 1.00000000
16085054 85.7141319444444 0.03721790984404 8.39710632670329e-05 1.00000000
16085055 85.7362962962963 0.0364125007639042 9.47385422541887e-05 1.00000000
16085056 85.7546180555556 0.0349993037169844 8.44522286776001e-05 1.00000000
16085057 85.7764351851852 0.0340871298498044 8.32259804905198e-05 1.00000000
16085058 85.8017592592593 0.0349760572622665 0.000131421784276971 1.00000000
16085061 85.8581134259259 0.0366920352219285 6.90346381541632e-05 1.00000000
16085062 85.8828125 0.0364449804833998 7.80038832777786e-05 1.00000000
16085065 85.9095023148148 0.0368633507305179 0.000122768125332487 1.00000000
16085067 85.9207523148148 0.0364835706272728 0.00022844515518861 1.00000000
16085069 85.9256018518519 0.0370515704018567 0.000233832540731648 1.00000000
16085070 85.9292939814815 0.0359446514210941 0.000155850902235058 1.00000000
16085071 85.9443402777778 0.0359218893416364 0.000214890645794938 1.00000000
16085072 85.9482175925926 0.0366133689784272 8.29414698746399e-05 1.00000000
16085073 85.9722685185185 0.0362068645318934 0.000128427568893345 1.00000000
16085074 85.9876736111111 0.0363774695598646 8.96363444684784e-05 1.00000000
16086001 86.0101157407407 0.0357601830042642 8.89892517393649e-05 1.00000000
16086002 86.0327314814815 0.036748697956225 9.42395017246388e-05 1.00000000
16086003 86.0542939814815 0.0354487719001809 9.17861766645249e-05 1.00000000
16086004 86.0763773148148 0.0364260471034302 9.4022116414775e-05 1.00000000
16086005 86.0994560185185 0.035175642390766 0.000153228180597614 1.00000000
16086006 86.1127546296296 0.0356974668573232 9.73692179042667e-05 1.00000000
16086007 86.1345601851852 0.0344488665184078 9.68399603561378e-05 1.00000000
16086008 86.15625 0.0352713208518432 0.000112621263232935 1.00000000
16086009 86.1796759259259 408.754128513368 21.9143252458011 1.00000000
16086010 86.1805671296296 498.245454527836 15.6186469792348 1.00000012
16086024 86.23875 0.0387276939366245 7.51119383133488e-05 1.00000000
16086025 86.2619328703704 0.0361627914774389 6.83546076810604e-05 1.00000012
16086026 86.2880671296296 0.0363659325841671 8.02075098510486e-05 1.00000000
16086027 86.3108101851852 0.0368002540106531 8.52222834044661e-05 1.00000000
16086028 86.3333796296296 0.0359887495683157 8.55001118684882e-05 1.00000000
16086029 86.3596180555556 0.0353804908143139 0.000411443197701581 1.00000000
16086030 86.3613541666667 0.0369073872880039 8.73922675831347e-05 1.00000000
16086031 86.384375 0.036057520605799 8.81299911582327e-05 1.00000000
16086032 86.4063888888889 0.0363104262110766 8.98655774875761e-05 1.00000000
16086033 86.428900462963 0.0352821043471464 8.89623244140023e-05 1.00000000
16086034 86.4521643518519 0.0357565712644182 9.70710771771692e-05 1.00000000
16086035 86.4721412037037 0.0367734640568739 0.000136397713388584 1.00000000
16086036 86.4859375 0.0366772868401426 9.8104437115899e-05 1.00000000
16086037 86.5077546296296 0.0350111478383714 0.000112690615932698 1.00000000
16086038 86.5235532407407 0.035994974171722 0.000117778157648207 1.00000000
16086039 86.5380208333333 0.0362564899012348 9.94066606712033e-05 1.00000000
16086040 86.5599537037037 0.0359260197878377 9.46683139208597e-05 1.00000000
16086041 86.5840509259259 0.0364863182092743 9.63595480342334e-05 1.00000000
16086042 86.6088425925926 0.0365165842509403 0.000152476091052887 1.00000000
16086050 86.9105208333333 0.0376631749163393 8.85320022530874e-05 1.00000000
16086051 86.9321296296296 0.0360150007729435 9.04330646842851e-05 1.00000000
16086052 86.9535995370371 0.0356404803699483 0.000138679109735498 1.00000000
16086053 86.9650694444444 0.0356349232988666 8.87716645481966e-05 1.00000000
16086054 86.9868055555556 0.0360279288592984 8.99801461621707e-05 1.00000000
16087001 87.009212962963 0.0362787543471418 8.46681923115745e-05 1.00000000
16087002 87.0399768518518 0.0362158715632055 9.6769408398778e-05 1.00000000
16087003 87.0614814814815 0.0355221254971415 0.000129957128137292 1.00000000
16087004 87.0741666666667 0.0351008697838265 9.48328990571349e-05 1.00000000
16087005 87.0957407407407 0.0349151748408619 9.56016096981526e-05 1.00000000
16087006 87.1181365740741 0.0347475071105792 9.73975383887774e-05 1.00000012
16087007 87.1391898148148 0.0359354230919588 0.000114830993450688 1.00000000
16087008 87.1603356481481 0.0356276381215088 0.000100105813616142 1.00000000
16087009 87.182974537037 0.0350327519979563 9.82042934097592e-05 1.00000000
16087010 87.2063194444444 0.0351723046506453 0.000109487890186441 1.00000000
16087011 87.2252546296296 0.034746209455418 0.000156580790800824 1.00000012
16087018 87.2917939814815 0.0401952728579668 0.000305413217366421 1.00000000
16087019 87.2953935185185 0.0358566131758222 7.39335694860218e-05 1.00000000
16087020 87.3177314814815 0.0366263632829482 0.000119454606773081 1.00000000
16087021 87.3277314814815 0.0363023967577858 8.30772233578661e-05 1.00000000
16087022 87.3495833333333 0.0359289816319144 8.43027396658197e-05 1.00000000
16087023 87.3713425925926 0.0360765452932843 8.71048463772723e-05 1.00000000
16087024 87.3930092592593 0.0353681900878302 9.94354905265091e-05 1.00000000
16087025 87.4127430555556 0.0353391758134762 8.91084624293592e-05 1.00000000
16087026 87.4343402777778 0.0362167262890358 9.35339783347506e-05 1.00000000
16087027 87.4560185185185 0.035201796409982 9.10090046036364e-05 1.00000000
16087028 87.4784375 0.0352660507011696 0.000102188005326787 1.00000000
16087029 87.4975694444444 0.0357692242787108 9.68125207442178e-05 1.00000000
16087030 87.5192708333333 0.0346806161600194 9.7833112011235e-05 1.00000000
16087031 87.5422685185185 0.0359439196268536 0.000100340943638117 1.00000012
16087032 87.5639351851852 0.0357670552653 9.45905322624301e-05 1.00000000
16087033 87.5894212962963 0.0352441135564931 8.70023635636e-05 1.00000012
16087041 87.6864467592593 0.0379086287213209 8.0119321546899e-05 1.00000000
16087042 87.7082986111111 0.0364503875727419 7.94410819911024e-05 1.00000000
16087043 87.7299537037037 0.0362242562108089 8.48717444718355e-05 1.00000000
16087044 87.7521527777778 0.0360273972414529 0.000111843103095079 1.00000000
16087045 87.7679282407407 0.0356377374478833 8.58740480404386e-05 1.00000000
16087046 87.7913194444445 0.0355723697411149 8.32673722463006e-05 1.00000000
16087047 87.8156828703704 0.0355520716693657 0.000170110317150725 1.00000000
16087048 87.8261342592593 0.0361010999419634 9.42049147653122e-05 1.00000000
16087049 87.847662037037 0.0356537170305501 9.27790937679398e-05 1.00000000
16087050 87.870162037037 0.0353489714221785 9.64100348801055e-05 1.00000000
16087051 87.8916782407407 0.035361330197107 9.48794236060618e-05 1.00000000
16087052 87.9145023148148 0.034390253903852 0.000102050461806232 1.00000000
16087053 87.9393055555556 0.035110533951469 0.000101322606017019 1.00000000
16087054 87.9609606481482 0.035751241623104 0.000106746960060744 1.00000000
16087055 87.9818171296296 0.0353634325310709 0.000103184838148868 1.00000000
16088001 88.003587962963 0.0352847150740908 0.000137633726005521 1.00000000
16088013 88.3799305555556 0.0363030604654749 0.000104664745576006 1.00000000
16088014 88.3950694444444 0.0350104137006972 0.000883599854850622 1.00000000
16088015 88.3965740740741 0.0356191683029893 0.000944827774828952 1.00000000
16088016 88.3977314814815 0.0358884923619198 9.18746267200776e-05 1.00000000
16088017 88.4197916666667 0.0366483580860418 9.5912574617659e-05 1.00000000
16088018 88.4418402777778 0.0354639289277783 9.58338033928815e-05 1.00000000
16088019 88.4633912037037 0.0352461725884846 9.78235909392612e-05 1.00000000
16088020 88.4852083333333 0.035718565710683 0.000119745393279652 1.00000000
16088021 88.5044328703704 0.0362791808329454 0.000106265569880808 1.00000000
16088022 88.5260532407407 0.0347455192230383 0.000102956760182971 1.00000000
16088023 88.5485416666667 0.0351262476644752 0.000108963748355019 1.00000000
16088024 88.570150462963 0.0351691936534267 0.00084089615625098 1.00000012
16088025 88.5721527777778 0.0349253164078358 0.000107598219406244 1.00000000
16088026 88.5938657407407 0.0340145117549985 0.000111597186429249 1.00000000
16088027 88.6144907407407 0.0343991925813772 0.000179979132565744 1.00000000
16088028 88.625775462963 0.0357333776596002 0.000116640329193689 1.00000000
16088029 88.6472685185185 0.0345605502885442 0.000115245133162871 1.00000000
16088030 88.6690740740741 0.0360124032616741 0.000121770705305595 1.00000000
16088031 88.6906944444444 0.0343535803580574 0.000129325665749303 1.00000000
16088039 88.7539583333333 0.0413013758494869 9.12634875788579e-05 1.00000012
16088040 88.7814236111111 0.0375381077155528 8.98672449287232e-05 1.00000000
16088041 88.802962962963 0.037016071825364 9.22203813817862e-05 1.00000000
16088042 88.8244791666667 0.0373283005081892 9.55706198311638e-05 1.00000000
16088043 88.8459259259259 0.0364471052092766 9.50196619721662e-05 1.00000000
16088044 88.8673379629629 0.0367450177007219 0.000193742862284337 1.00000000
16088045 88.8791087962963 0.0371665105441388 9.92761529069945e-05 1.00000000
16088046 88.9006828703704 0.0352420582154426 9.87130668449495e-05 1.00000000
16088047 88.9221412037037 0.0360012049393212 0.000100433348656484 1.00000000
16088048 88.9438078703704 0.0360175948379648 0.000102753695958535 1.00000000
16088049 88.9654398148148 0.0354547948208915 0.000186499724421482 1.00000000
16088050 88.9773148148148 0.0354096255731005 9.74790565636473e-05 1.00000000
16089001 89.0055324074074 0.0368318135586991 0.000168615097054813 1.00000000
16089002 89.0197106481481 0.0362722867346133 0.00288529537800434 1.00000000
16089003 89.0243055555556 0.0367566259774441 0.000164422032360298 1.00000000
16089004 89.0337615740741 0.0355823313795098 0.000104976107791391 1.00000000
16089005 89.056724537037 0.0353552656856743 0.000106037429326473 1.00000000
16089014 89.2633564814815 0.0437671005514552 0.000108281400042586 1.00000000
16089015 89.2849652777778 0.0380318769762404 0.000105919496019555 1.00000000
16089016 89.2992939814815 0.0370310233077922 8.98729325014069e-05 1.00000000
16089017 89.3209490740741 0.0380064904206744 9.62108810738218e-05 1.00000000
16089018 89.342662037037 0.0366038145181191 9.33335539953746e-05 1.00000000
16089019 89.3645023148148 0.0370819526448559 0.000107585471027195 1.00000000
16089020 89.3850462962963 0.0370295668429527 0.000100737278168648 1.00000000
16089021 89.4067245370371 0.0371127950905183 0.00132017115075823 1.00000000
16089023 89.4117476851852 0.0358538451392356 0.000776048892619485 1.00000000
16089024 89.4138078703704 0.0374330440852175 0.000105146427842922 1.00000000
16089026 89.4514699074074 0.0362917284767587 0.000104261312466984 1.00000000
16089027 89.4737615740741 0.0368317394553558 0.00010850209841161 1.00000000
16089028 89.4954398148148 0.036926250727308 0.000126972397188721 1.00000000
16089029 89.5146643518519 0.035964291416218 0.000113626453276169 1.00000000
16089030 89.5409490740741 0.0365303206090123 0.000112638187458717 1.00000012
16089031 89.562662037037 0.0365367381556502 0.000107343100175253 1.00000000
16089041 89.7601157407407 0.0361960147650469 7.18899931937633e-05 1.00000000
16089042 89.7815856481482 0.0370776581885153 7.88903905441943e-05 1.00000000
16089043 89.803125 0.0369505155977953 0.000176935249338175 1.00000012
16089044 89.8085069444444 0.0367293859089428 9.86066718939629e-05 1.00000000
16089045 89.8255787037037 0.0380479425503568 8.76478119033592e-05 1.00000000
16089046 89.8473263888889 0.036082988168431 8.75286665467792e-05 1.00000000
16089047 89.868900462963 0.0364439573545338 0.00027722742521424 1.00000000
16089048 89.871724537037 0.0359311585772844 0.000153684599121054 1.00000000
16089049 89.8824884259259 0.0361985754554479 9.14185118176411e-05 1.00000000
16089050 89.9043287037037 0.0369970113446619 0.000100314818848756 1.00000000
16089051 89.924224537037 0.0366845733318661 9.3031232967739e-05 1.00000000
16089052 89.9481018518518 0.0370790873800795 9.84250250654848e-05 1.00000000
16089053 89.9701851851852 0.0356860583268633 9.61569697044251e-05 1.00000000
16089054 89.9930555555556 0.0358655193541311 0.000168551632011128 1.00000000
16090001 90.0078009259259 0.0358057633864068 0.00013885110847697 1.00000000
16090002 90.0197222222222 0.0359054173871148 0.00010105741534697 1.00000000
16090003 90.0422685185185 0.0357634722731211 0.000103228048234486 1.00000000
16090004 90.0648263888889 0.0363526920202366 0.000110748985269877 1.00000000
16090005 90.0859490740741 0.0358047388466104 0.000262911014811413 1.00000000
16090015 90.1456828703704 0.037662459901935 7.02134228839872e-05 1.00000000
16090016 90.1723958333333 0.0368297111616039 0.000142059740912341 1.00000000
16090017 90.1801851851852 0.0373557316591657 8.61470734846555e-05 1.00000000
16090018 90.2026504629629 0.0375316918553964 8.6650416363335e-05 1.00000000
16090019 90.2256018518519 0.0366620215418726 8.89432711272514e-05 1.00000000
16090020 90.2484837962963 0.0367643257018786 0.000112166070623642 1.00000000
16090021 90.2669444444444 0.0366223697647694 9.26571056077198e-05 1.00000000
16090022 90.2896990740741 0.037342000088862 0.000101008592295668 1.00000000
16090023 90.3111458333333 0.0360737202318242 9.83134811101014e-05 1.00000000
16090024 90.3327083333333 0.0362090894643479 9.92247334490798e-05 1.00000000
16090025 90.3543055555555 0.0374102625988603 0.000105156695443379 1.00000000
16090026 90.3758564814815 0.0350050340094823 0.000113556647709207 1.00000000
16090027 90.3932291666667 0.0363668487263288 0.000112704688692029 1.00000000
16090028 90.4147685185185 0.0365138460843135 0.00010795302472178 1.00000000
16090029 90.4363657407408 0.0368828809708331 0.000108797231926202 1.00000000
16090030 90.458287037037 0.0370949094823028 0.000152696188818384 1.00000012
16090038 90.5326041666667 0.0385945979885897 8.58541777353573e-05 1.00000000
16090039 90.5517939814815 0.036801056296578 9.05711821680339e-05 1.00000000
16090041 90.7018634259259 0.0375229879986894 6.06691090138883e-05 1.00000000
16090042 90.736099537037 0.0374604428634169 8.61087128026212e-05 1.00000000
16090044 90.7599537037037 0.0361883076420806 0.00010196378037911 1.00000000
16090045 90.7753703703704 0.0371296111913696 8.6226469124303e-05 1.00000000
16090046 90.8015277777778 0.0365612838076063 8.13953688041041e-05 1.00000000
16090047 90.8346412037037 0.0376305738369004 0.000101295578901345 1.00000000
16090048 90.8560648148148 0.0350809193584295 9.50185160735137e-05 1.00000000
16090049 90.8776736111111 0.0340607758645885 0.000128811991991494 1.00000000
16090050 90.8950347222222 0.0351561276411703 9.94835910080439e-05 1.00000000
16090051 90.9168865740741 0.0362144191639853 0.000104235882909483 1.00000000
16090052 90.9387615740741 0.0364357393054334 0.000119909719429233 1.00000000
16090053 90.9559259259259 0.0362680819517451 0.000134398905972857 1.00000000
16091003 91.0219212962963 0.036246374207019 7.11831023208832e-05 1.00000000
16091004 91.0440972222222 0.0361860676177022 7.46165473935143e-05 1.00000000
16091005 91.0663773148148 0.0362312931445964 8.28608724341636e-05 1.00000000
16091006 91.0887268518518 0.0359325129310498 8.54900404037644e-05 1.00000000
16091007 91.1104976851852 0.0353677648807754 8.85894563482488e-05 1.00000000
16091008 91.1320949074074 0.0356391991473244 0.000126609798320084 1.00000000
16091009 91.1475462962963 0.0355994739928771 9.31835337655656e-05 1.00000000
16091010 91.1702083333333 0.0355280218247831 9.61111856086393e-05 1.00000000
16091011 91.1918171296296 0.0354032088545739 9.87180771596387e-05 1.00000012
16091012 91.2134375 0.0356919121478982 0.000100919177332113 1.00000000
16091013 91.235474537037 0.0357323728057732 0.000104818674184102 1.00000000
16091014 91.2571296296296 0.0358100322190375 0.000121694487183301 1.00000000
16091036 91.7921412037037 512.982910515932 3.60070425325436 1.00000000
16091037 91.7934143518518 530.910829587595 11.298512069158 1.00000000
16091038 91.7959953703704 501.159517184859 12.8683096113107 1.00000000
16091049 91.8978125 0.216309453927591 0.00137057972502839 1.00000012
16091050 91.9022800925926 0.216761747042559 0.00147554364278358 1.00000000
16091051 91.904837962963 0.198211079676307 0.00324442485370392 1.00000000
16091052 91.9058564814815 0.210654656915799 0.000332791510509531 1.00000000
16091053 91.9147569444444 0.209637369916758 0.000507831828120283 1.00000000
16091054 91.9225694444444 0.207793437057451 0.00106482802475329 1.00000000
16091055 91.9256944444444 0.158093847993168 0.000266141901334137 1.00000000
16091056 91.9357523148148 0.0387224286082137 0.000228234206477012 1.00000000
16091057 91.9403587962963 0.0383053177857209 0.000151446401850995 1.00000000
16091060 91.9528819444444 0.038382807542871 0.000146782021289919 1.00000000
16091061 91.9614236111111 0.0371014257531161 0.000123840799005955 1.00000000
16091062 91.9726388888889 0.0373804362825671 8.85875867208222e-05 1.00000000
16091063 91.9960416666667 0.0375807516635052 9.47230805217183e-05 1.00000000
16092001 92.0225694444444 0.0363352288839283 9.4324613956509e-05 1.00000000
16092002 92.0446064814815 0.0378189181791406 0.000154801624967951 1.00000000
16092003 92.0581597222222 0.0359471336550326 0.000188494619321843 1.00000000
16092014 92.1361111111111 0.0381091676986402 7.50523831475295e-05 1.00000000
16092015 92.158287037037 0.038479010704163 9.38829686413417e-05 1.00000000
16092016 92.1740393518518 0.0381522609487908 8.58827727108693e-05 1.00000000
16092017 92.1965972222222 0.0379778643707899 8.86923386331229e-05 1.00000000
16092018 92.2184722222222 0.0366985787475557 8.89533977355493e-05 1.00000000
16092019 92.2409606481481 0.0376674575421539 0.000112975382227523 1.00000000
16092020 92.2596875 0.0375754091481226 0.000104966836296416 1.00000000
16092021 92.2790625 0.0372327142708982 9.82150070672412e-05 1.00000000
16092022 92.3015972222222 0.0369791641416374 0.00010059807051886 1.00000000
16092023 92.3237847222222 0.0364960017944032 0.000173933636908018 1.00000000
16092031 92.4337037037037 0.0369948145317529 7.24049852191106e-05 1.00000000
16092033 92.4577199074074 0.0378222126261431 9.16304583309765e-05 1.00000000
16092034 92.4738078703704 0.0365838022855179 8.2896414876655e-05 1.00000000
16092035 92.4953472222222 0.0366947974251209 8.63791373152055e-05 1.00000000
16092036 92.5170486111111 0.0366802875188553 9.30724403557708e-05 1.00000000
16092037 92.5385300925926 0.0360468262242878 9.26831389395913e-05 1.00000000
16092040 92.5652662037037 0.0368003479221559 0.00110226872554264 1.00000000
16092042 92.5755671296296 0.0355727456593745 0.000100998706507197 1.00000000
16092044 92.5975462962963 0.0362191099109326 0.000120209038531711 1.00000000
16092048 92.6213425925926 0.0364744181695742 0.000133999018301978 1.00000000
16092049 92.6358333333333 0.0360297877593817 0.000106151850217988 1.00000000
16092050 92.6573263888889 0.0356051328958292 0.000108353814172695 1.00000000
16092051 92.6786111111111 0.0361633376121184 0.000212328690506875 1.00000000
16092052 92.6879282407407 0.0351371352135381 0.000108811861007873 1.00000000
16092053 92.7093402777778 0.0372590924245805 0.000116857765784797 1.00000000
16092054 92.7313310185185 0.0349138180121512 0.000111298174260159 1.00000000
16092055 92.7528356481482 0.0352628731142064 0.000187055112605285 1.00000000
16092063 92.826724537037 0.0376579091519639 7.3116639848105e-05 1.00000000
16092064 92.8487268518518 0.0375373511664098 8.52030203817409e-05 1.00000000
16092065 92.8671296296296 0.0378155220635353 8.56256226681158e-05 1.00000000
16092066 92.8886458333333 0.037774646813622 9.66533477017712e-05 1.00000000
16092067 92.9107986111111 0.0372724954018251 8.87258462531098e-05 1.00000000
16092068 92.9323726851852 0.0364062534998942 0.00010279869263811 1.00000000
16092069 92.9539583333333 0.0379702310783745 9.55151784460436e-05 1.00000000
16092070 92.975787037037 0.0367870722684627 9.43231317440516e-05 1.00000000
16092071 92.9980208333333 0.0370221227991763 9.62385202424693e-05 1.00000000
16093001 93.0199189814815 0.0371882813095744 9.7371030804495e-05 1.00000000
16093002 93.0420486111111 0.0365145315484907 9.86745511416314e-05 1.00000000
16093003 93.0641319444445 0.037271750924103 0.000171214416633281 1.00000000
16093004 93.0766087962963 0.0358503077473883 0.000116289349552493 1.00000000
16093010 93.1431597222222 0.0372620350041039 6.90727189408502e-05 1.00000000
16093011 93.1666319444445 0.0372919140813593 6.9041533944177e-05 1.00000000
16093012 93.1933217592593 0.0372245357499085 8.4874051837153e-05 1.00000000
16093013 93.2156481481481 0.0374069078626158 8.7217123176947e-05 1.00000000
16093014 93.2382986111111 0.0378204581549713 8.98675425542177e-05 1.00000000
16093015 93.2603703703704 0.0364717374853063 0.000273756987047937 1.00000000
16093016 93.268912037037 0.0375562775443866 8.82846904111735e-05 1.00000000
16093017 93.2940856481482 0.0370662501178068 9.56262122003805e-05 1.00000000
16093018 93.3157523148148 0.0361977390493322 0.000100249450451596 1.00000000
