16064077 64.8970486111111 0.00127002807745481 4.00794532021271e-06 1.00000000
16064078 64.9029513888889 0.00125920829122517 2.1947558316002e-06 1.00000000
16064079 64.9289930555556 0.001230905759395 2.06047213014295e-06 1.00000000
16064080 64.9525925925926 0.00122021204528153 2.46397609793488e-06 1.00000000
16064081 64.9709722222222 0.00120951901685683 7.60765388159124e-06 1.00000000
16064082 64.9816782407407 0.0011872124472999 3.86871861808648e-06 1.00000012
16065001 65.005162037037 0.00118139692909632 2.57027877700288e-06 1.00000000
16065002 65.0282291666667 0.00116566745708073 2.47629890383512e-06 1.00000012
16065003 65.0501041666667 0.00115309161734094 2.48052046010185e-06 1.00000000
16065005 65.0744791666667 0.00113485254245591 2.54591674360834e-06 1.00000000
16065006 65.1009837962963 0.00112822974264133 2.58408313888655e-06 1.00000000
16065007 65.1239351851852 0.00111858327168996 2.68199650076558e-06 1.00000000
16065008 65.1466087962963 0.0011141211396658 2.78522482171489e-06 1.00000000
16065009 65.1678240740741 0.00111621304849206 2.87937173978931e-06 1.00000012
16065010 65.1896296296296 0.00110124467941636 2.84858548010756e-06 1.00000012
16065011 65.2114236111111 0.899748457341294 0.010612131765956 1.00000000
16065012 65.2132407407407 0.00109172813123472 2.8356365934086e-06 1.00000000
16065013 65.2365046296296 0.00109048843528034 2.91437735403943e-06 1.00000000
16065014 65.2600347222222 0.00108508638951559 3.75058911042517e-06 1.00000000
16065015 65.2762037037037 0.00107850906931212 3.35317278344057e-06 1.00000000
16065016 65.2954282407407 0.00107216334906182 3.18281068534317e-06 1.00000012
16065017 65.3172453703704 0.00106715699562331 3.26753903547198e-06 1.00000000
16065018 65.3394675925926 0.00106290348773307 4.04132458085857e-06 1.00000000
16065023 65.4300810185185 0.00134345057154686 2.0159962899701e-06 1.00000000
16065024 65.4460763888889 0.00130823796855819 2.66567345702775e-06 1.00000000
16065025 65.4573842592593 0.0012857701286946 1.92342827189163e-06 1.00000000
16065026 65.4824074074074 0.00126392754864462 2.85457366269824e-06 1.00000000
16065027 65.4934259259259 0.00123581673563657 1.9560050571446e-06 1.00000000
16065028 65.5176851851852 0.00121625622975706 2.33408872223165e-06 1.00000000
16065036 65.6069097222222 0.00131452965565284 2.02380430673995e-06 1.00000000
16065037 65.6238888888889 0.00128545615065631 2.25390030178918e-06 1.00000000
16065038 65.6397685185185 0.001258978735864 1.92781375022206e-06 1.00000000
16065039 65.6635763888889 0.00123701339665128 2.27087874554728e-06 1.00000000
16065041 65.6933680555556 0.00120511568797381 2.23743661765064e-06 1.00000000
16065042 65.7133101851852 0.00119670690592883 2.72271633271484e-06 1.00000000
16065043 65.7327893518518 0.00117078386021315 8.92957476081053e-06 1.00000000
16065044 65.7369328703704 0.00117315123577665 2.24891460054207e-06 1.00000000
16065045 65.7596875 0.00116423400445009 2.24614967076494e-06 1.00000012
16065046 65.7839236111111 0.00115802456480698 2.43766526965614e-06 1.00000000
16065047 65.8055555555556 0.00114989928976338 2.45203521664364e-06 1.00000000
16065048 65.8272106481482 0.00114720319784696 2.52937666503372e-06 1.00000000
16065059 65.8928935185185 0.0010682954941394 3.08611437361327e-05 1.00000000
16065060 65.8946064814815 0.00112453838550025 2.59061332701132e-06 1.00000000
16065061 65.9165046296296 0.00112492230707524 2.74003923650987e-06 1.00000000
16065072 65.9942476851852 0.00130894114819265 1.80848504916843e-06 1.00000000
16066001 66.0158449074074 0.00127323122193941 2.0347691504696e-06 1.00000000
16066002 66.0371759259259 0.00125176063549981 1.96353654318321e-06 1.00000000
16066003 66.0603703703704 0.00122423849810813 2.0646148911374e-06 1.00000000
16066004 66.0834027777778 0.00121119488697537 2.13632440336939e-06 1.00000000
16066005 66.10625 0.00119781367305191 2.53567022978779e-06 1.00000000
16066006 66.1283912037037 0.00117941600153158 2.19765232431714e-06 1.00000000
16066007 66.1528935185185 0.00117302665120889 2.45681920399969e-06 1.00000000
16066008 66.1738425925926 0.00115672045210878 2.38857932609235e-06 1.00000012
16066009 66.1962847222222 0.00115415436957551 2.45173128911178e-06 1.00000000
16066011 66.2189930555556 0.0011444147425432 2.48392290619185e-06 1.00000000
16066012 66.2407523148148 0.00114102740557163 3.71336860190079e-06 1.00000000
16066015 66.3109375 0.00133459378013257 1.61205554441619e-06 1.00000000
16066016 66.3363657407407 0.00128509433144997 1.96258982301965e-06 1.00000000
16066017 66.3602893518518 0.00125510312902348 1.91741479558105e-06 1.00000000
16066018 66.3835416666667 0.00123078616213844 2.92202312822739e-06 1.00000000
16066019 66.3950925925926 0.00122469248167917 2.98305163638931e-06 1.00000000
16066020 66.4070023148148 0.0012083636683246 3.92215268384254e-06 1.00000000
16066021 66.417974537037 0.00119346889159525 2.82760746472241e-06 1.00000000
16066026 66.5050462962963 0.00113276671308377 2.36550173028953e-06 1.00000000
16066027 66.5266319444444 0.00112704837205853 2.38702053433063e-06 1.00000000
16066028 66.5486805555556 1.16536984845499 0.0164611747265966 1.00000000
16066030 66.552037037037 0.00111820456512025 5.41561188135618e-06 1.00000000
16066031 66.5626273148148 0.00111272304768162 2.48814438830759e-06 1.00000000
16066032 66.5840162037037 0.00110137666336211 2.7288996777477e-06 1.00000000
16066033 66.6055671296296 0.00109380807717274 2.5882718468836e-06 1.00000000
16066035 66.6351851851852 0.00108821193629704 2.78977724493841e-06 1.00000000
16066046 66.7824537037037 0.00132277060176148 3.49965303427176e-06 1.00000000
16066047 66.788125 0.00128456751474465 1.8185222904516e-06 1.00000000
16066048 66.8092824074074 0.835373249232597 0.00960270477314511 1.00000000
16066049 66.8121990740741 0.0012410013954469 2.04780233870376e-06 1.00000000
16066050 66.8308912037037 0.0012277742201735 1.98181285424123e-06 1.00000000
16066051 66.8525231481482 0.00120055385718963 1.76602804345227e-06 1.00000000
16066052 66.8809375 0.0011846636538662 2.07974701580729e-06 1.00000000
16066053 66.9028935185185 0.00117705139155195 2.29005311460027e-06 1.00000000
16066054 66.921875 0.00116979458902951 2.57175419679534e-06 1.00000000
16066055 66.9436921296296 0.00115483563394991 2.36618658270482e-06 1.00000000
16066059 66.9681597222222 0.00114591196073718 2.2771782942646e-06 1.00000000
16066060 66.9897569444444 0.00113821233119632 2.30178694245902e-06 1.00000000
16067001 67.0113194444445 0.00113185223534478 2.29263975370325e-06 1.00000000
16067003 67.0350578703704 0.00112609742142636 2.34304534987849e-06 1.00000000
16067004 67.0573958333333 0.001118848047653 2.57597568123275e-06 1.00000000
16067005 67.0761921296296 0.00110954165558944 2.35509095864863e-06 1.00000000
16067006 67.0989467592593 0.00111019626762555 5.06152440255808e-06 1.00000000
16067013 67.3713078703704 0.00127192526507407 2.22753859003279e-06 1.00000000
16067014 67.3866898148148 0.00124243727820856 3.00784449537548e-06 1.00000000
16067015 67.3963773148148 0.00122595917670881 2.04078204986613e-06 1.00000000
16067016 67.417962962963 0.00122360600643917 2.02004922493341e-06 1.00000000
16067017 67.4403356481481 0.00119779870225736 2.10487407959717e-06 1.00000000
16067019 67.4765972222222 0.00116937366911763 2.18437998800668e-06 1.00000000
16067020 67.4983912037037 0.00115752020963511 2.2281670619494e-06 1.00000000
16067021 67.5203009259259 0.00114517205587397 2.25038543678243e-06 1.00000000
16067022 67.5418634259259 0.00113833721044409 2.41601837024536e-06 1.00000000
16067039 67.8637847222222 0.00128091014316367 1.57482734202361e-06 1.00000000
16067040 67.8905555555556 0.00125071296488157 4.46230893153079e-06 1.00000000
16067041 67.8948726851852 0.00122543053710847 1.90495462222111e-06 1.00000000
16067042 67.9174189814815 0.00120357672328943 1.90866693433725e-06 1.00000000
16067043 67.9411342592593 0.00118698466677344 2.05715444921096e-06 1.00000000
16067044 67.9627083333333 0.00117406438602611 7.4438858425683e-06 1.00000000
16067045 67.9840046296296 0 2.05447710559406e-07 1.00000000
16067046 67.9853125 0 6.26036344477374e-08 1.00000000
16067047 67.9907291666667 0 6.75846625200109e-08 1.00000000
16068001 68.0031018518518 0.00115907706935098 2.29926911012384e-06 1.00000000
16068003 68.0260185185185 0.0011463805407868 2.35600833138743e-06 1.00000000
16068004 68.0483333333333 0.00114178986131413 2.48519269332431e-06 1.00000000
16068005 68.0675115740741 0.00113662146130358 2.29826630939783e-06 1.00000000
16068006 68.0903125 0.00112809189992066 2.30643346926103e-06 1.00000000
16068007 68.1174537037037 0.00111803583799526 2.63198038775492e-06 1.00000000
16068008 68.1392939814815 0.00110712415082503 2.32947727752283e-06 1.00000000
16068009 68.1621643518518 0.00110160679429167 2.41062631272537e-06 1.00000000
16068010 68.1857638888889 0.00109736134498763 3.76136099691229e-06 1.00000000
16068012 68.246875 0.00130558449440326 1.88717229998044e-06 1.00000000
16068013 68.2663310185185 0.00124853621321108 3.61312074135003e-06 1.00000000
16068014 68.2734027777778 0.00122712626283981 1.84468237202233e-06 1.00000000
16068015 68.2975694444444 0.00120238476256597 1.97166140759271e-06 1.00000000
16068016 68.3195486111111 0.00118480785178648 2.13871994698159e-06 1.00000000
16068017 68.3428935185185 0.00117069580764557 4.18063553266801e-06 1.00000012
16068018 68.3486689814815 0.00115983725295359 1.86677654707665e-06 1.00000000
16068021 68.3798263888889 0.00114789938166032 2.86422046931549e-06 1.00000000
16068022 68.4118518518518 0.00112900788554333 2.05952128382989e-06 1.00000000
16068023 68.4384143518518 0.00112431080142921 3.89235434011078e-06 1.00000000
16068024 68.4461921296296 0.0011152439596466 2.17730141095019e-06 1.00000000
16068025 68.4699537037037 0.00110500563812133 3.00472472327725e-06 1.00000000
16068028 68.4859606481482 0.00109836939185021 3.34380305351718e-06 1.00000000
16068029 68.502349537037 0.00109251629856395 2.18874171654246e-06 1.00000000
16068030 68.5272569444444 0.00108415088531188 2.34258630523948e-06 1.00000000
16068032 68.5526736111111 0.00107639476786667 2.27836196098108e-06 1.00000000
16068034 68.5782291666667 0.00107226343171532 2.44403145216979e-06 1.00000000
16068035 68.599837962963 0.00106191745309813 2.31884239873969e-06 1.00000000
16068036 68.6297222222222 0.00105210048965913 2.47954470041572e-06 1.00000000
16068037 68.6513425925926 0.00104063010990399 3.22484261792534e-06 1.00000000
16068038 68.6691319444444 0.0010404041009761 2.51731118625861e-06 1.00000000
16068039 68.6912731481481 0.00104133839558181 2.5384093789287e-06 1.00000000
16068040 68.7132407407407 0.0010352594575696 3.29466506285778e-06 1.00000000
16068042 68.7340162037037 0.00103115362524339 2.64333096419404e-06 1.00000000
16068043 68.7550462962963 0.00103873600159524 1.24885288644443e-05 1.00000000
16068055 68.9483912037037 0.00131980462876219 1.83895959413179e-06 1.00000000
16068056 68.9699768518519 0.00124287251727622 2.40703944348532e-06 1.00000000
16068057 68.9841898148148 0.00123866637801922 5.15527397694113e-06 1.00000000
16068058 68.99125 0.00122090812843194 2.0345189443641e-06 1.00000000
16069001 69.0131597222222 0.00119315541617633 2.02690729088137e-06 1.00000000
16069002 69.0361342592593 0.001184465171295 2.13400776873159e-06 1.00000012
16069003 69.0579282407407 0.00116815050062821 2.50859781232755e-06 1.00000000
16069004 69.0814699074074 0.00116283051612863 6.57813210170308e-06 1.00000000
16069005 69.0909143518519 0.00111689220966272 4.20987617918136e-06 1.00000000
16069006 69.0980208333333 0.00111729842230544 2.46397121929292e-06 1.00000000
16069007 69.1196875 0.0011143251931174 2.51525690855351e-06 1.00000000
16069008 69.1410763888889 0.00111446180771586 2.47129046371983e-06 1.00000000
16069009 69.1627430555556 0.00111003340886786 2.51702002418693e-06 1.00000000
16069010 69.1842013888889 0.00110639741476945 3.13034607183085e-06 1.00000000
16069011 69.2037731481481 0.00109816762798367 2.64030126773047e-06 1.00000012
16069012 69.2254050925926 0.00109224728520576 2.62131794230456e-06 1.00000000
16069013 69.2470717592593 0.00108765735716943 6.91761429452272e-06 1.00000000
16069014 69.2531597222222 0.000965269812121735 3.80477822001323e-05 1.00000000
16069015 69.2615509259259 0.000957868322564733 3.81439564804923e-05 1.00000000
16069016 69.2623032407407 0.00108281656653493 3.37352495866234e-06 1.00000000
16069024 69.373912037037 0.00127646836128366 3.15424799519237e-06 1.00000000
16069025 69.3819328703704 0.0012398745796101 1.84393464735405e-06 1.00000000
16069026 69.4041435185185 0.00120688780066988 1.96900684368389e-06 1.00000000
16069027 69.4257523148148 0.00117580114032991 2.03414327642916e-06 1.00000000
16069028 69.4475 0.00115806384252902 2.11583818540527e-06 1.00000000
16069029 69.4692361111111 0.00114596433236765 3.61156697290851e-06 1.00000000
16069030 69.4827199074074 0.00113518608821116 2.64987471553694e-06 1.00000012
16069031 69.5024537037037 0.00111844834981476 3.51934592078811e-06 1.00000012
16069032 69.5130092592593 0.00111266865017428 4.52530815452448e-06 1.00000000
16069033 69.5209606481481 0.00111307477806943 3.15672878789672e-06 1.00000000
16069034 69.5343981481482 0.0011041731750861 2.27476321967203e-06 1.00000000
16069035 69.5563773148148 0.00110210512622591 2.31254738746701e-06 1.00000000
16069036 69.578599537037 0.00109280792722311 2.1353656757088e-06 1.00000000
16069037 69.6068518518519 0.00107608790792811 8.53499036201242e-06 1.00000000
16069038 69.6149305555556 0.00108175944740011 6.97251578546795e-06 1.00000000
16069039 69.6199652777778 0.00107764090777265 2.56126219136428e-06 1.00000000
16069040 69.640162037037 0.00107591347463582 6.74095840633917e-06 1.00000000
16069041 69.6436574074074 0.0010725050169291 2.43209743092776e-06 1.00000000
16069042 69.6658217592593 0.00106971841858278 2.43857583883542e-06 1.00000000
16069045 69.7399537037037 9.07456992737265e-05 2.33835306217795e-05 1.00000000
16069049 69.7549537037037 0.00126277628167522 3.11048451389488e-06 1.00000000
16069050 69.7623148148148 2.27221977584626e-06 3.2133456455452e-06 1.00000000
16069053 69.7671875 0.00120607365853053 2.21952084708624e-06 1.00000000
16069054 69.7823611111111 0.001164897682948 2.01237629540119e-06 1.00000000
16069055 69.8032291666667 0.00115096714848875 3.67214227856484e-06 1.00000000
16069060 69.8327083333333 0.00112721470595067 1.64725323046345e-06 1.00000000
16069061 69.8701851851852 0.00111329195430082 5.84651797495992e-06 1.00000000
16069062 69.8764583333333 0.00110583201246978 2.11230409472497e-06 1.00000000
16069063 69.8999305555555 0.00110072396101821 2.94567566486293e-06 1.00000000
16069064 69.9148263888889 0.0010981479381889 2.27481938301059e-06 1.00000000
16069065 69.9369097222222 0.00108404813330809 2.29973188173828e-06 1.00000000
16069066 69.9580902777778 0.00107967805990414 2.40779571215889e-06 1.00000012
16069067 69.9803703703704 0.00107922053999271 3.40795364557436e-06 1.00000000
16070003 70.0367592592593 0.00125035651243378 1.51594295869034e-06 1.00000000
16070004 70.0633449074074 0.00119044487305932 1.82946928827281e-06 1.00000000
16070005 70.0850925925926 0.00116959861217444 1.89676898338284e-06 1.00000000
16070006 70.106724537037 0.00115623832304352 1.92914881934755e-06 1.00000000
16070008 70.1313657407407 0.0011511658934414 1.85007101953603e-06 1.00000000
16070009 70.1621064814815 0.00112841544777699 1.88755863697684e-06 1.00000000
16070010 70.1884490740741 0.00111010056972535 2.07427201088344e-06 1.00000000
16070011 70.2109606481481 0.837607074697519 0.00824161765154231 1.00000000
16070012 70.2146759259259 0.00110101269643069 2.15488774178711e-06 1.00000000
16070013 70.2363888888889 0.00109317343990594 2.2015674742525e-06 1.00000000
16070014 70.258287037037 0.00108289858453415 5.58185694413697e-06 1.00000000
16070015 70.2639467592593 0.00109100430310278 4.21945706213228e-06 1.00000012
16070035 70.9882060185185 0 5.3223904983931e-06 1.00000000
16070039 70.9987384259259 0.00124145923736866 1.85542573713563e-06 1.00000000
16071001 71.0191319444445 0.000587695299900994 1.61708106756113e-06 1.00000000
16071002 71.0339236111111 0.000663350745139109 2.021138803567e-06 1.00000000
16071003 71.068287037037 0.00131985732878538 6.96377792434861e-06 1.00000000
16071004 71.0716087962963 0.0019546030318837 3.27583762628251e-05 1.00000000
16071005 71.0737037037037 0.00202474733354022 2.71290196913742e-05 1.00000000
16071006 71.0756944444444 0.00204993443315208 4.2814431781961e-06 1.00000000
16071007 71.0863194444444 0.0020336325734193 3.05665769093024e-06 1.00000012
16071010 71.1229166666667 0.00115817979242131 3.97560112714779e-06 1.00000000
16071014 71.1386342592593 0 7.98459322807433e-06 1.00000000
16071016 71.1455671296296 0.00115214012254866 2.4960805510344e-06 1.00000000
16071018 71.1668981481481 0.00114301345357695 4.19568549285262e-06 1.00000000
16071020 71.1765277777778 0.00113817429872601 1.39788708350111e-05 1.00000012
16071021 71.1777893518518 0.00112543068601395 2.3224586338636e-06 1.00000000
16071022 71.2003240740741 0.00111986670846333 2.39071965833973e-06 1.00000000
16071023 71.2225462962963 0.00111459684658043 3.58304832589476e-06 1.00000000
16071024 71.2375231481482 0.0011093541773307 2.52107484811314e-06 1.00000000
16071025 71.2591782407407 0.00109871342479815 2.55850975496688e-06 1.00000000
16071026 71.2811226851852 0.00109555473384976 2.66863132814832e-06 1.00000000
16071027 71.3009259259259 0.00109262690375216 3.02798164447381e-06 1.00000000
16071042 71.5155787037037 0.00129754010290552 1.68329320289032e-06 1.00000012
16071043 71.5372106481481 0.00125850580644545 4.61967903347324e-06 1.00000000
16071044 71.5414930555556 0.00124389965709406 2.72063235040625e-06 1.00000000
16071045 71.550787037037 0.00122130932577848 3.35826084463926e-06 1.00000000
16071046 71.5577777777778 0.00121269277357762 3.49084084411037e-06 1.00000000
16071050 71.6122453703704 0.00111578691726314 3.77777594979558e-06 1.00000000
16071051 71.6193402777778 0.00110775842888045 2.72945142745525e-06 1.00000000
16071052 71.6387384259259 0.00108775760501823 2.11752749817451e-06 1.00000000
16071053 71.6634259259259 0.00107445421830268 2.25679922551101e-06 1.00000000
16071054 71.6854976851852 0.00107318670326041 2.30492065678667e-06 1.00000000
16071055 71.7071643518519 0.00106775091586557 2.13694440896589e-06 1.00000012
16071056 71.7329050925926 0.0010611931398014 2.18455703616981e-06 1.00000000
16071058 71.7631134259259 0.0010576285307712 2.40472820727494e-06 1.00000000
16071059 71.7852893518519 0.00105419073751811 3.40819148318112e-06 1.00000000
16071060 71.8067939814815 0.00104151891399985 5.25011139805765e-06 1.00000000
16071061 71.8167592592593 0.00103485184420901 2.19935505298368e-06 1.00000000
16071062 71.8456828703704 0.00102180150049801 6.43686283946803e-06 1.00000000
16071076 71.940474537037 0.00121202237495094 3.89260573425272e-06 1.00000000
16071077 71.9459375 0.00118006288608911 2.01189308522986e-06 1.00000000
16071078 71.9664236111111 0.00115841876405248 2.01682947198488e-06 1.00000000
16071079 71.9878472222222 0.00114119221318696 1.97275561631152e-06 1.00000000
16072001 72.0112615740741 0.00113049912326767 2.08773909168534e-06 1.00000012
16072002 72.032962962963 0.00112545765183996 2.30027137883373e-06 1.00000000
16072003 72.0580439814815 0.00111200561235148 2.22240823922637e-06 1.00000000
16072006 72.0842361111111 0.00110241914350343 2.93649076090214e-06 1.00000000
16072007 72.0978819444444 0.00109176954381463 2.03605667716128e-06 1.00000000
16072008 72.1255324074074 0.00108596341208345 2.13064494943396e-06 1.00000000
16072009 72.1514467592593 0.00107620634843176 2.48769114147105e-06 1.00000000
16072010 72.1761689814815 0.00107755855915637 2.6490999978729e-06 1.00000000
16072012 72.1984953703704 0.00106847351660098 2.34689127431798e-06 1.00000000
16072013 72.2226157407407 0.00106140224322097 2.48631698848799e-06 1.00000000
16072014 72.2442592592593 0.00105755196771454 3.60545127327053e-06 1.00000000
16072021 72.3665509259259 0.00127111639607913 1.67506324710306e-06 1.00000000
16072022 72.3900347222222 0.00121548941139613 3.39981045734e-06 1.00000000
16072023 72.3971064814815 0.00118291341856351 1.98959879999006e-06 1.00000000
16072024 72.4189467592593 0.00114613970597188 2.10151337702689e-06 1.00000000
16072025 72.4406134259259 0.00112587707679629 2.19561828047587e-06 1.00000000
16072026 72.4623726851852 0.00111407903243224 2.19668671415912e-06 1.00000000
16072027 72.495162037037 0.00108869372207371 5.01792226942636e-06 1.00000000
16072033 72.5346064814815 0.0010656643493134 2.49612695607496e-06 1.00000000
16072034 72.5546643518519 0.00105608589772861 2.5045530021139e-06 1.00000000
16072035 72.5764467592593 0.00104654551566481 2.5328575892473e-06 1.00000000
16072036 72.5982407407407 0.00104111609181129 3.24387434816144e-06 1.00000012
16072038 72.6175694444444 0.00103310914294061 2.43958850720411e-06 1.00000000
16072039 72.6406481481481 0.00102160212780277 2.57435013854475e-06 1.00000000
16072040 72.6620023148148 0.00102157139850484 2.34685174366836e-06 1.00000000
16072041 72.6885185185185 0.00101972353224892 2.60550404159655e-06 1.00000000
16072042 72.7110416666667 0.00101159990802024 2.6321218956481e-06 1.00000000
16072043 72.7334027777778 0.00100644391218099 6.04381784065843e-06 1.00000000
16072046 72.778912037037 0.00089228872824836 2.74472550802332e-05 1.00000000
16072047 72.7818055555556 0.000903520408725217 6.7515592749926e-06 1.00000000
16072056 72.8738657407407 0.00134681026541059 4.60333235027618e-06 1.00000000
16072057 72.8804166666667 0.00129441828604405 1.59012929473405e-06 1.00000000
16072058 72.9048611111111 0.00123252413904722 1.85373759674435e-06 1.00000000
16072059 72.9256018518519 0.001210435887679 1.81696307989539e-06 1.00000000
16072060 72.9476273148148 0.00120098680594111 2.32128565154997e-06 1.00000000
16072061 72.9620833333333 0.00118447656763176 1.66337329496773e-06 1.00000000
16072062 72.9953587962963 0.00116453948540914 2.01931739987793e-06 1.00000000
16073001 73.0159953703704 0.00115908972526421 2.98231910791087e-06 1.00000000
16073004 73.0294328703704 5.50253757968891e-05 1.65321674695199e-05 1.00000000
16073007 73.0367476851852 4.93053215899654e-05 2.41537770141771e-05 1.00000000
16073010 73.0430439814815 0.00114554447169611 2.08666342447421e-06 1.00000000
16073011 73.0634490740741 0.0011399865491917 1.00950918126515e-05 1.00000000
16073012 73.0663194444444 0.00113339652760045 2.11240809617584e-06 1.00000000
16073013 73.0884606481481 0.00112422516989475 2.63107243978584e-06 1.00000000
16073015 73.1042361111111 1.19928460600271e-05 6.70398492482654e-06 1.00000000
16073017 73.1074421296296 0.00111924529448059 3.5828464313004e-06 1.00000000
16073018 73.1199074074074 0.0011092136946503 2.20880251142665e-06 1.00000000
16073019 73.1414814814815 0.00110506835914337 2.20195840957928e-06 1.00000000
16073020 73.1632407407407 0.00109612830068913 2.44461190313827e-06 1.00000012
16073021 73.1809143518519 0.00109515658489991 3.12655473719317e-06 1.00000000
16073029 73.2650578703704 0.00129866797885297 1.65203187109744e-06 1.00000000
16073030 73.2868981481482 0.00125409104582356 1.65243061954711e-06 1.00000000
16073031 73.3103703703704 0.00123422901761724 1.8249552140655e-06 1.00000000
16073032 73.3321180555556 0.00121306527273919 2.54314777439228e-06 1.00000000
16073033 73.3457175925926 0.00119597786089228 1.88978849973298e-06 1.00000000
16073034 73.367650462963 0.00118395067561375 5.38234021193873e-06 1.00000000
16073035 73.3754166666667 0.00117332968443443 2.81575417022207e-06 1.00000000
16073037 73.3894097222222 0.0011690820917609 1.9127674176088e-06 1.00000000
16073038 73.413275462963 0.00114696377224253 2.01471224902956e-06 1.00000000
16073039 73.4350347222222 0.0011419287648965 3.07240162499755e-06 1.00000000
16073040 73.4460648148148 0.00113446078499653 5.57600183431776e-06 1.00000000
16073045 73.4592824074074 0.00113466558377216 2.0568489829833e-06 1.00000000
16073046 73.4810416666667 0.00112306445453232 2.51831375866201e-06 1.00000000
16073047 73.5001157407408 0.00110705162650374 2.11603011765966e-06 1.00000000
16073048 73.5217476851852 0.00109234767913278 2.19261698072484e-06 1.00000000
16073049 73.5427777777778 0.00109177271522833 2.59617744986734e-06 1.00000000
16073050 73.5614583333333 0.00110595629458845 3.39072898384984e-06 1.00000000
16077019 77.3125810185185 0.00198402662577004 3.86701307702188e-06 1.00000000
16077020 77.3284722222222 0.00191424400808793 4.68387685196101e-06 1.00000012
16077021 77.3367476851852 0.00113398813915575 5.24062260182641e-06 1.00000000
16077027 77.4984722222222 0.00128784206029579 2.21317881723025e-06 1.00000000
16077028 77.5122916666667 0.00125493683695931 3.01870034378368e-06 1.00000000
16077029 77.5204050925926 0.00124711480785544 3.82051299128452e-06 1.00000000
16077030 77.5309490740741 0.00121969611230176 1.93849875862411e-06 1.00000000
16077031 77.5531597222222 0.00119472008625417 2.05920943389285e-06 1.00000000
16077032 77.5753125 0.00118402191586231 2.06386710901398e-06 1.00000000
16077033 77.5981481481481 0.00117623526090974 2.40840582725341e-06 1.00000000
16077034 77.6201388888889 0.00116458724174411 2.07918779673134e-06 1.00000012
16077036 77.665625 0.00113885281351148 4.46686210586359e-06 1.00000000
16077037 77.6726273148148 0.00113750629681873 4.38825041101911e-06 1.00000000
16077038 77.6788310185185 0.001133541955103 2.2671797937132e-06 1.00000000
16077039 77.7011226851852 0.00112803782197676 2.29811840510902e-06 1.00000000
16077040 77.7228472222222 0.00112154103720238 2.27756128602075e-06 1.00000000
16077041 77.7502777777778 0.00110990859412021 2.52336609383914e-06 1.00000000
16077043 77.7760185185185 0.00110670029316238 2.89222651881952e-06 1.00000012
16077044 77.7921064814815 0.00109553164768841 2.44195030532429e-06 1.00000000
16077045 77.814537037037 0.00108645759204919 2.61355807592617e-06 1.00000000
16077046 77.8343518518518 0.00108768920125924 2.25666868213058e-06 1.00000000
16077047 77.8620717592593 0.0010820685088355 2.64315102997966e-06 1.00000000
16077054 77.9684953703704 0.00134671041685713 1.50977121174094e-06 1.00000000
16077055 77.9963657407407 0.00130215241477235 2.42368065148371e-06 1.00000000
16078001 78.0084143518519 0.00128018256810809 1.79207332027525e-06 1.00000000
16078002 78.0325231481481 0.00125887899943551 1.94827443135946e-06 1.00000000
16078003 78.0543634259259 0.00125268024622394 3.02356676877206e-06 1.00000000
16078004 78.0697453703704 0.00123724644624282 1.95533408539867e-06 1.00000000
16078005 78.0961805555556 0.00121779604273722 2.05448742481899e-06 1.00000000
16078006 78.1180787037037 0.00120262897843914 2.12133393082334e-06 1.00000000
16078007 78.140150462963 0.0012033152712053 2.0688002446563e-06 1.00000000
16078008 78.1641666666667 0.0011924308086909 3.25008282938387e-06 1.00000000
16078009 78.1745601851852 0.00118638287633227 2.20515050259097e-06 1.00000000
16078010 78.1967824074074 0.0011788959409968 4.2361502444612e-06 1.00000000
16078011 78.2253356481481 0.00116587178972171 2.29605181274754e-06 1.00000000
16078012 78.2473958333333 0.00115813347449868 2.24155695907867e-06 1.00000000
16078013 78.27125 0.00114670087732019 2.04458727899389e-06 1.00000000
16078014 78.3001967592593 0.00114320873463481 3.18024251681265e-06 1.00000000
16078024 78.4903009259259 0.00152415857173361 4.49642998343629e-06 1.00000000
16078025 78.4957407407407 0.00149383056807008 4.6266348265094e-06 1.00000000
16078027 78.5023611111111 0.00145427400962159 2.01231088113607e-06 1.00000012
16078028 78.5210532407407 0.00141587658874786 1.79168226664115e-06 1.00000000
16078029 78.5432175925926 0.00138545525925096 1.59849011688669e-06 1.00000012
16078030 78.5721296296296 0.00136705577761471 2.6435938273905e-06 1.00000000
16078031 78.5840856481481 0.00134618820476196 1.71974872207334e-06 1.00000000
16078032 78.6130208333333 0.0013318850754175 6.02691058619894e-06 1.00000000
16078033 78.6198148148148 0.00132027575638355 2.0490577226388e-06 1.00000000
16078034 78.6427546296296 0.0013053981010815 2.0556861870012e-06 1.00000000
16078035 78.6648148148148 0.00129321600738293 2.0648399014228e-06 1.00000000
16078036 78.6878009259259 0.00128701709450182 2.12456272516619e-06 1.00000000
16078037 78.7097685185185 0.00127861189552552 2.13193099213637e-06 1.00000000
16078038 78.7319675925926 0.00127447973942503 3.18194283993089e-06 1.00000000
16078039 78.7490162037037 0.00126127039541707 2.23602146290493e-06 1.00000000
16078040 78.7704861111111 0.00125697724511932 2.1627048657021e-06 1.00000000
16078041 78.7941550925926 0.00124463535615592 2.24398808938302e-06 1.00000000
16078042 78.8160300925926 0.00123840080967043 2.23190031606624e-06 1.00000000
16078055 78.9542592592593 0.00146531467179454 1.63556374693329e-06 1.00000000
16078056 78.9807175925926 0.00140119528793326 1.82609479005574e-06 1.00000000
16079001 79.0039814814815 0.00136676607057253 1.87565633380991e-06 1.00000000
16079002 79.0265625 0.00134979554334561 2.45641323278268e-06 1.00000000
16079010 79.161099537037 0.00141484738430677 2.85933481116906e-06 1.00000012
16079011 79.1699768518518 0.00139269125103589 2.33430102543249e-06 1.00000000
16079013 79.1864236111111 0.00136648570456767 1.95325201340926e-06 1.00000000
16079014 79.2081828703704 0.00134513631436106 1.96582746152955e-06 1.00000000
16079015 79.2302314814815 0.00132125675828654 2.01079324235103e-06 1.00000000
16079016 79.252650462963 0.00129915768364426 2.00492173798315e-06 1.00000000
16079017 79.277025462963 0.00127821070140857 1.58757349009573e-06 1.00000000
16079018 79.321724537037 0.00124745716736504 1.78591242609171e-06 1.00000000
16079019 79.3553935185185 0.00124119105966383 1.90135265885304e-06 1.00000000
16079020 79.3863310185185 0.00124130285775537 3.86026790637437e-06 1.00000000
16079021 79.3991435185185 0.00123956559619013 5.00147019705385e-06 1.00000000
16079022 79.4054166666667 0.00122968896444041 1.88094899383207e-06 1.00000000
16079023 79.4372916666667 0.00122137270844775 1.92632478739587e-06 1.00000000
16079024 79.4704976851852 0.00121076552344531 3.23441434537252e-06 1.00000000
16079026 79.4848263888889 0.00121518963003368 1.37792741872189e-05 1.00000000
16079027 79.486099537037 0.00120936023104427 2.98909471108011e-06 1.00000012
16079028 79.5062847222222 0.00120353742542539 5.00283780573861e-06 1.00000000
16079029 79.5121180555555 0.00119712968594002 4.67720755181905e-06 1.00000000
16079030 79.5227083333333 0.00119457773337523 4.87201996997835e-06 1.00000000
16079031 79.5289814814815 0.00118324617473287 2.12000068902931e-06 1.00000000
16079032 79.5596296296296 0.00117837200001989 2.01320954575712e-06 1.00000012
16079033 79.5934375 0.00117125836051031 3.04315803969878e-06 1.00000000
16079034 79.6127430555556 0.00116424766117241 2.29923820346778e-06 1.00000000
16079035 79.6401851851852 0.00116651863322633 4.92480583224543e-06 1.00000012
16079036 79.6483912037037 0.00115722565187322 2.61851226410896e-06 1.00000000
16079037 79.6700578703704 0.00112913189091729 1.6522751938695e-05 1.00000012
16079045 79.7554861111111 0.00140694706527498 2.66105116062775e-06 1.00000000
16079046 79.7661689814815 0.00137437201904206 2.32142810774097e-06 1.00000000
16079047 79.78125 0.00134253915761316 1.93420206163014e-06 1.00000000
16079048 79.8030324074074 0.0013176971174962 2.07799237125872e-06 1.00000000
16079049 79.824212962963 0.00130880155874787 4.89884031160828e-06 1.00000000
16079051 79.8349768518518 0.00130289926424714 1.09391258745032e-05 1.00000000
16079052 79.8369328703704 0.0012930385580978 2.02031162770085e-06 1.00000000
16079054 79.8617013888889 0.00127934753544612 2.16241805789772e-06 1.00000000
16079057 79.8938773148148 0.00126126074461288 5.02368085081507e-06 1.00000000
16079058 79.8996875 0.00125895560727173 6.15206171447396e-06 1.00000000
16079059 79.9031944444445 0.00124971507217913 2.10759136567186e-06 1.00000000
16079060 79.9286226851852 0.00123905425982551 2.1611182126696e-06 1.00000000
16079061 79.9519097222222 0.0012329057668306 2.28100741277014e-06 1.00000000
16079062 79.9733101851852 0.00122609882219735 2.50856938698634e-06 1.00000000
16079063 79.9921759259259 0.00121939504279791 3.02341588275884e-06 1.00000000
16080001 80.0058680555556 0.00121264041860306 5.31207792331843e-06 1.00000000
16080002 80.010787037037 0.00121189984067576 3.17283447463461e-06 1.00000000
16080003 80.0231365740741 0.0012047765285243 3.08699445963004e-06 1.00000000
16080004 80.0362152777778 0.0011988415650008 2.35697002819151e-06 1.00000000
16080005 80.0584953703704 0.00119719097555762 2.72457549944247e-06 1.00000000
16080006 80.075787037037 0.00119290392231225 3.77563091121123e-06 1.00000012
16080012 80.133275462963 0.00141330707664097 3.27488473730397e-06 1.00000000
16080013 80.1399768518519 0.00137882027709718 2.12023221487598e-06 1.00000000
16080014 80.1565972222222 0.00134930605868894 1.9058866434283e-06 1.00000000
16080015 80.1792824074074 0.00132473287586032 2.00916670695844e-06 1.00000000
16080016 80.2011226851852 0.00130124187199464 2.3937858278156e-06 1.00000000
16080020 80.3021180555556 0.00143942532722827 1.48480772563716e-06 1.00000000
16080021 80.3320486111111 0.00138409757038909 1.56877062109788e-06 1.00000012
16080022 80.3640509259259 0.00135444593871618 2.11110038628683e-06 1.00000000
16080023 80.3832407407407 0.00133884270545344 1.89181581672349e-06 1.00000000
16080024 80.4079976851852 0.00131835165352858 1.84773970456515e-06 1.00000000
16080025 80.434375 0.00129615625104226 3.95843112883729e-06 1.00000000
16080026 80.4452083333333 0.00128881390820888 2.01522851975335e-06 1.00000000
16080027 80.4693981481481 0.00127653423141792 2.1494146201275e-06 1.00000000
16080028 80.4922337962963 0.00126319355037876 2.11905815582461e-06 1.00000000
16080029 80.5165509259259 0.001248461962431 2.08079598391703e-06 1.00000000
16080030 80.541412037037 0.00124284462963972 4.50562571466476e-06 1.00000000
16080031 80.5501157407407 0.00123591135196888 2.15577306201224e-06 1.00000000
16080032 80.5747800925926 0.00122599433262268 2.0590879695387e-06 1.00000012
16080033 80.6019444444444 0.00121819578159396 2.11315481926219e-06 1.00000000
16080043 80.7475694444444 0.00146368344645063 2.48486066302058e-06 1.00000000
16080044 80.7587152777778 0.00142041161878753 2.02206967377445e-06 1.00000000
16080045 80.775474537037 0.00138891318262597 1.95260174507623e-06 1.00000000
16080046 80.7978935185185 0.00136017616187945 1.95709426953802e-06 1.00000000
16080047 80.8195138888889 0.00134207748017988 2.00874253857923e-06 1.00000000
16080048 80.8414467592593 0.00132353870389695 2.02360556704698e-06 1.00000000
16080049 80.8633564814815 0.00131214833754406 2.4678160130094e-06 1.00000000
16080050 80.8837152777778 0.00129492201720725 1.95668493337474e-06 1.00000000
16080051 80.9089814814815 0.00127642336390899 1.94512287945146e-06 1.00000000
16080052 80.9353356481482 0.0012703031100922 2.09266527463022e-06 1.00000000
16080053 80.9591203703704 0.00125568860020377 2.2002711376514e-06 1.00000000
16080054 80.9812847222222 0.00125628136307107 2.93913697115138e-06 1.00000000
16080055 80.9988657407407 0.00124152088977804 2.26197222172151e-06 1.00000000
16081001 81.0212731481482 0.00123230252866311 2.22112497271107e-06 1.00000000
16081002 81.0451041666667 0.00122212284978236 2.51062982561467e-06 1.00000012
16081003 81.0643171296296 0.00122280375266362 2.89635992189447e-06 1.00000000
16081012 81.1566666666667 0.00140315652694039 1.838590698946e-06 1.00000000
16081013 81.177337962963 0.00137221980982176 2.24266351719718e-06 1.00000000
16081015 81.1964583333333 0.00134618796134192 1.91752666990523e-06 1.00000000
16081016 81.2190740740741 0.00132138870963639 1.97814869689615e-06 1.00000000
16081017 81.241875 0.00128768133667422 2.06455112540668e-06 1.00000000
16081018 81.2650694444444 0.00127863242512165 2.78023714683024e-06 1.00000000
16081019 81.2797569444445 0.00125512390839683 2.27489804578328e-06 1.00000000
16081020 81.3002777777778 0.00124107605769221 2.60891007008571e-06 1.00000000
16081021 81.3213194444444 0.00122638719260101 2.98220326849006e-06 1.00000012
16081022 81.3349537037037 0.00121750399507619 2.11287962486593e-06 1.00000000
16081023 81.3618171296296 0.00120943551337408 3.66562371749384e-06 1.00000000
16081024 81.3775694444444 0.00120068279430646 4.83148069787161e-06 1.00000000
16081025 81.3835185185185 0.00119862699113474 3.60240068568223e-06 1.00000000
16081036 81.4623148148148 0.00144899940259797 1.6730350016831e-06 1.00000000
16081037 81.4871296296296 0.00140633509282124 2.69157819759476e-06 1.00000000
16081048 81.7198958333333 0.00140916194711192 2.44181271348096e-06 1.00000000
16081049 81.7318287037037 0.00138459971319221 1.89302914891009e-06 1.00000000
16081050 81.7538078703704 0.00135837398117378 1.86828273072442e-06 1.00000000
16081051 81.7770949074074 0.00132810804044166 1.51068119019401e-05 1.00000000
16081052 81.7804513888889 0.00133363644275196 1.99868810493605e-06 1.00000000
16081053 81.8018865740741 0.00131645892110037 2.03302888778561e-06 1.00000000
16081054 81.8239699074074 0.00129987122476229 2.69517479975252e-06 1.00000000
16081055 81.8399884259259 0.00128551503081855 2.07672057676559e-06 1.00000000
16081056 81.8627430555556 0.00127094397808396 2.14742421462311e-06 1.00000000
16081057 81.8848726851852 0.00125730072137068 2.05702950656989e-06 1.00000000
16081058 81.909375 0.00124387846301389 1.96905543896457e-06 1.00000000
16081059 81.9372337962963 0.00123839643845317 2.22029767058003e-06 1.00000000
16081060 81.963912037037 0.00122158154559614 2.28033466081502e-06 1.00000000
16081061 81.9871643518518 0.00121480534288266 2.34530335802726e-06 1.00000012
16082001 82.0090625 0.00120606506681606 2.30492939151337e-06 1.00000000
16082002 82.0324189814815 0.0012025264961825 3.46863557916054e-06 1.00000000
16082011 82.1034606481482 0.00147174875116385 2.18744370497356e-06 1.00000000
16082012 82.1198032407407 0.00142281319420419 1.53739716395396e-06 1.00000000
16082013 82.1485069444444 0.0013896948392452 1.78067065071e-06 1.00000000
16082014 82.172962962963 0.00139081888003186 3.60055801256111e-05 1.00000000
16082017 82.1808449074074 0.00135287496309169 5.81661039406076e-06 1.00000000
16082018 82.1838541666667 0.00135573193466295 1.9493080041821e-06 1.00000000
16082019 82.2064699074074 0.00133431940093266 2.00425578030842e-06 1.00000000
16082022 82.2534953703704 0.00130095972564229 2.08198752912881e-06 1.00000000
16082023 82.276400462963 0.0012900054847272 1.85696919468415e-06 1.00000000
16082024 82.3076041666667 0.00127969110107093 2.4735581431885e-06 1.00000000
16082025 82.3281365740741 0.00126596318569452 2.00757611745712e-06 1.00000000
16082026 82.359849537037 0.00124722201455771 2.0809244612962e-06 1.00000000
16082027 82.3911689814815 0.00123372248096264 2.9179385776936e-06 1.00000000
16082028 82.4057638888889 0.00122465645687528 2.40214274248189e-06 1.00000000
16082029 82.4275115740741 0.00121357134390999 4.4824620570325e-06 1.00000000
16082039 82.621412037037 0.00143974778883627 1.93330714341578e-06 1.00000000
16082040 82.6397106481482 0.00140327211118078 1.95618805152736e-06 1.00000000
16082041 82.6611111111111 0.00136568149758384 1.96269837017425e-06 1.00000000
16082042 82.6828356481482 0.0013412095466842 2.03157295896323e-06 1.00000000
16082043 82.7045717592593 0.00133734516399948 4.14485176510373e-06 1.00000000
16082044 82.71125 0.00132300673083924 3.13704066158072e-06 1.00000000
16082045 82.7234606481482 0.00131491140655404 3.98483527803472e-06 1.00000000
16082046 82.7298032407407 0.00131209507262808 2.31202601778912e-06 1.00000000
16082047 82.749375 0.00129623455567733 2.13567358922555e-06 1.00000000
16082048 82.7712152777778 0.00128518848372362 2.22770657458182e-06 1.00000000
16082049 82.7919907407407 0.00126867935118236 2.18125365361087e-06 1.00000000
16082050 82.8135185185185 0.00125974266571886 2.23630606014158e-06 1.00000000
16082051 82.8350231481482 0.00124974765019402 2.27440481575253e-06 1.00000000
16082052 82.8565162037037 0.00124518676875561 2.680770927766e-06 1.00000000
16082053 82.8749189814815 0.00123040053679753 2.32503672120707e-06 1.00000000
16082054 82.8966087962963 0.00122452848731333 2.51742480761376e-06 1.00000000
16082055 82.9166435185185 0.00121687554677184 2.3725510531029e-06 1.00000012
16082056 82.9383796296296 0.0012177958596946 2.41736060512917e-06 1.00000000
16082057 82.9598032407407 0.00120553118166094 2.979708112963e-06 1.00000000
16083003 83.0430208333333 0.00152825410954319 6.68157703251704e-06 1.00000000
16083004 83.0469328703704 0.00144947175753686 1.84535695241266e-06 1.00000000
16083005 83.0689467592593 0.00141104233089362 2.14324522856052e-06 1.00000000
16083006 83.0842939814815 0.00138680144781331 1.92745098028533e-06 1.00000000
16083007 83.1060069444444 0.00136622546421896 1.92780950826448e-06 1.00000000
16083008 83.1292476851852 0.00134366652502711 2.00844172864863e-06 1.00000000
16083009 83.1507291666667 0.00132929070021422 2.62104524141564e-06 1.00000000
16083010 83.1695949074074 0.00130984802120538 2.08960150289023e-06 1.00000000
16083011 83.1912731481481 0.0012932236899343 2.10576523775447e-06 1.00000000
16083012 83.2131481481482 0.00128422930069468 2.13824672276214e-06 1.00000000
16083013 83.2354166666667 0.00127556154570549 2.20493478087068e-06 1.00000000
16083014 83.2569675925926 0.00126524718988122 2.1353938858169e-06 1.00000000
16083015 83.2808564814815 0.00126383982567711 3.8077899174377e-06 1.00000000
16083016 83.2913194444444 0.00124665808113116 2.1931458981812e-06 1.00000000
16083017 83.3146527777778 0.0012457715813529 3.52901644208383e-06 1.00000000
16083018 83.3250347222222 0.00123486853194896 2.33451038317163e-06 1.00000000
16083019 83.3465972222222 0.0012303561123792 6.46442325273214e-06 1.00000000
16083041 83.4663194444444 0.00149753036818742 1.94800621598678e-06 1.00000000
16083042 83.4889236111111 0.00143499962959278 1.83919330330184e-06 1.00000000
16083043 83.5106365740741 0.00140205097397089 2.20255427525299e-06 1.00000000
16083044 83.5258217592593 0.00138442144177063 4.70612735786913e-06 1.00000000
16083045 83.5339467592593 0.00138109678645428 2.51169415190558e-06 1.00000000
16083046 83.5475115740741 0.00135974025540086 1.95184525885754e-06 1.00000000
16083048 83.5760416666667 0.00134235071117544 4.14946479341239e-06 1.00000000
16083049 83.5851273148148 0.00133340603548145 3.12545170470143e-06 1.00000000
16083050 83.5954050925926 0.0013271545517552 2.70700310428603e-06 1.00000000
16083052 83.6120717592593 0.00131503787522089 2.09033588770025e-06 1.00000000
16083053 83.6337615740741 0.001299414474951 2.08451367299476e-06 1.00000000
16083054 83.655474537037 0.00129525558348627 2.99270326245649e-06 1.00000000
16083055 83.6730439814815 0.00125973740255404 2.05229500207919e-06 1.00000000
16083056 83.6976736111111 0.00125273458792072 3.878154278229e-06 1.00000000
16083057 83.7101851851852 0.00124433152333081 2.23754151150235e-06 1.00000000
16083058 83.731875 0.00123539934325992 2.24376889163963e-06 1.00000000
16083059 83.754224537037 0.00123425533664632 2.29776792116015e-06 1.00000000
16083060 83.7759837962963 0.00122780750662017 2.58824816165901e-06 1.00000000
16084003 84.0044212962963 0.00132511115194201 1.23838417702338e-05 1.00000000
16084004 84.0061689814815 0.0013560561109855 1.92239040310827e-06 1.00000000
16084005 84.0299884259259 0.00132894902306277 1.30221646312302e-05 1.00000000
16084006 84.0311574074074 0.00133635824724926 2.15891434288867e-06 1.00000000
16084007 84.0559375 0.00131099796902882 2.08695534849723e-06 1.00000000
16084008 84.0781944444444 0.00130371008736099 2.0496018040887e-06 1.00000000
16084009 84.102037037037 0.00128814995101596 2.1899646269478e-06 1.00000000
16084010 84.1238541666667 0.00127994185959912 2.74376806190813e-06 1.00000000
16084011 84.1412037037037 0.00127407891311016 3.11324891222235e-06 1.00000000
16084012 84.1525 0.00126664526302526 2.31811990600588e-06 1.00000000
16084013 84.1769097222222 0.00125335485311556 2.29221480681768e-06 1.00000000
16084014 84.1984722222222 0.00124610663838281 2.04907408749543e-06 1.00000000
16084015 84.2259490740741 0.00123492098495135 2.255431206522e-06 1.00000000
16084016 84.2488657407407 0.00122419600747348 1.47136614436534e-05 1.00000000
16084017 84.2500694444444 0.00123855385114517 3.50240828171136e-05 1.00000000
16084018 84.2529282407407 0.00122613246462631 2.56672879448505e-06 1.00000000
16085005 85.0508449074074 0.00152368467475925 4.23446304179952e-06 1.00000000
16085006 85.0545023148148 0.00148203109040012 1.68146846497186e-06 1.00000000
16085007 85.0761921296296 0.00143357551778108 5.72712269490865e-06 1.00000000
16085008 85.0851388888889 0.00143310139306334 4.15056568273349e-06 1.00000000
16085009 85.0900578703704 0.00140485935488962 1.68925347545888e-06 1.00000012
16085011 85.1213888888889 0.00137089241733926 2.18743019959148e-06 1.00000000
16085012 85.1419907407407 0.00135324881069552 2.72941469126395e-06 1.00000000
16085013 85.1530671296296 0.00134018473155087 2.34232425853884e-06 1.00000000
16085014 85.1725 0.00131857089264814 3.00475779033116e-06 1.00000000
16085023 85.2619907407407 0.00144386762190958 1.6615875587774e-06 1.00000000
16085024 85.2845023148148 0.00139250267701693 1.80108779062348e-06 1.00000000
16085025 85.3102893518518 0.00135773572959957 1.92900314575769e-06 1.00000000
16085026 85.3322453703704 0.00132975146412046 1.95806865365394e-06 1.00000000
16085027 85.354375 0.00132170654718129 2.31139712172809e-06 1.00000000
16085028 85.3742476851852 0.00130040893345275 2.01662495761451e-06 1.00000000
16085029 85.3967592592593 0.00128771366787239 2.08232321658643e-06 1.00000000
16085030 85.4189351851852 0.00127762154022763 2.71460895793572e-06 1.00000000
16085031 85.4328587962963 0.00127346328257701 2.16150775982002e-06 1.00000000
16085032 85.4546759259259 0.00125801455473954 2.14918775823331e-06 1.00000000
16085033 85.4768981481482 0.00125278432041892 2.48980681324995e-06 1.00000000
16085034 85.4939699074074 0.00124149761742408 9.67290658800492e-06 1.00000000
16085035 85.4992592592593 0.00123752161297736 2.2566164981788e-06 1.00000000
16085036 85.5209259259259 0.00122735174190185 1.91440733213816e-06 1.00000000
16085037 85.553900462963 0.00121536615048193 2.33719581737347e-06 1.00000000
16085051 85.6834259259259 0.00141699583736449 1.58439949227131e-06 1.00000000
16085052 85.7092013888889 0.00138097188053165 5.6819461132709e-06 1.00000000
16085053 85.7120833333333 0.0013673332389303 8.18514032592707e-06 1.00000000
16085054 85.7141319444444 0.00136638156790577 1.87166629481622e-06 1.00000000
16085055 85.7362962962963 0.00134752972708176 2.15973736469585e-06 1.00000000
16085056 85.7546180555556 0.0013283836323623 2.00492612823954e-06 1.00000000
16085057 85.7764351851852 0.00130834398670827 2.02289414310577e-06 1.00000000
16085058 85.8017592592593 0.0012926703946505 3.12419910642886e-06 1.00000000
16085061 85.8581134259259 0.00144115889759503 1.56568426256271e-06 1.00000000
16085062 85.8828125 0.00138002943047717 1.75838299184298e-06 1.00000000
16085065 85.9095023148148 0.00134939768740797 2.74107325379584e-06 1.00000000
16085067 85.9207523148148 0.00134363931720054 5.15686105678998e-06 1.00000000
16085069 85.9256018518519 0.0013358958424842 5.21382117189113e-06 1.00000000
16085070 85.9292939814815 0.00133319213872906 3.5757563930596e-06 1.00000000
16085071 85.9443402777778 0.00133131471198228 4.9596897823119e-06 1.00000000
16085072 85.9482175925926 0.00131342993841976 1.87244952465411e-06 1.00000000
16085073 85.9722685185185 0.00129544941067456 2.9240590750453e-06 1.00000000
16085074 85.9876736111111 0.00127946732678958 2.03382488374348e-06 1.00000000
16086001 86.0101157407407 0.00126360827516211 2.04628240336779e-06 1.00000000
16086002 86.0327314814815 0.00125238697437968 2.11119438609654e-06 1.00000000
16086003 86.0542939814815 0.0012447746126233 2.13276009318816e-06 1.00000000
16086004 86.0763773148148 0.00123361660049971 2.12900199503676e-06 1.00000000
16086005 86.0994560185185 0.00123291183588078 3.5943466430855e-06 1.00000000
16086006 86.1127546296296 0.00121585058416821 2.24720815081089e-06 1.00000000
16086007 86.1345601851852 0.00120871814336732 2.30616753086959e-06 1.00000000
16086008 86.15625 0.00120383473886581 2.6302074205289e-06 1.00000000
16086009 86.1796759259259 0.000221288144241484 4.03751415378453e-05 1.00000012
16086010 86.1805671296296 0.000860731163558705 7.85354650559377e-05 1.00000000
16086024 86.23875 0.00145505162888052 1.63188242264332e-06 1.00000000
16086025 86.2619328703704 0.00138322227599217 1.57019886442471e-06 1.00000000
16086026 86.2880671296296 0.0013507396157065 1.82752159731561e-06 1.00000000
16086027 86.3108101851852 0.00133315037133387 1.92324886479235e-06 1.00000000
16086028 86.3333796296296 0.00130829515764162 1.97378837993544e-06 1.00000000
16086029 86.3596180555556 0.00127898967333311 9.50328348648037e-06 1.00000000
16086030 86.3613541666667 0.00128571632199082 1.96205475058727e-06 1.00000000
16086031 86.384375 0.00127239265266799 2.02789528213172e-06 1.00000000
16086032 86.4063888888889 0.00125816916219799 2.04679404140216e-06 1.00000000
16086033 86.428900462963 0.00124365904553796 2.08161112642709e-06 1.00000000
16086034 86.4521643518519 0.00123795009314627 2.24845984156636e-06 1.00000000
16086035 86.4721412037037 0.00122993442950031 3.07824755114331e-06 1.00000000
16086036 86.4859375 0.00122373207920655 2.22292970850756e-06 1.00000000
16086037 86.5077546296296 0.00121594786743708 2.6704731051998e-06 1.00000000
16086038 86.5235532407407 0.00121177754854876 2.71890112506257e-06 1.00000000
16086039 86.5380208333333 0.00120658233006532 2.27652793913293e-06 1.00000000
16086040 86.5599537037037 0.00120180836993441 2.18650559569579e-06 1.00000000
16086041 86.5840509259259 0.00118912287677031 2.18968828900628e-06 1.00000000
16086042 86.6088425925926 0.001179256544532 3.45370505092957e-06 1.00000000
16086050 86.9105208333333 0.00138651015296283 1.89362383196953e-06 1.00000000
16086051 86.9321296296296 0.00132575039536336 2.00406403426413e-06 1.00000000
16086052 86.9535995370371 0.00130744684084105 3.10631654790421e-06 1.00000000
16086053 86.9650694444444 0.00129325966782476 2.00315775522686e-06 1.00000000
16086054 86.9868055555556 0.00128105445239171 2.01445329669503e-06 1.00000000
16087001 87.009212962963 0.00126518844865088 1.88824197077309e-06 1.00000000
16087002 87.0399768518518 0.00124944356789499 2.16155095136498e-06 1.00000000
16087003 87.0614814814815 0.0012385366206531 2.96878470182973e-06 1.00000000
16087004 87.0741666666667 0.00123149661352791 2.18745044067655e-06 1.00000000
16087005 87.0957407407407 0.00122611257016973 2.22845577643091e-06 1.00000000
16087006 87.1181365740741 0.00121305053377347 2.27445335477851e-06 1.00000000
16087007 87.1391898148148 0.00120858944904092 2.60973832708425e-06 1.00000000
16087008 87.1603356481481 0.00119817128901123 2.28234075738854e-06 1.00000000
16087009 87.182974537037 0.00118604284506934 2.26750861785575e-06 1.00000000
16087010 87.2063194444444 0.00118072820551063 2.52316753158422e-06 1.00000000
16087011 87.2252546296296 0.00118652390547523 3.66363823986211e-06 1.00000000
16087018 87.2917939814815 0.00152333588262761 6.5278890077533e-06 1.00000000
16087019 87.2953935185185 0.00142462049566889 1.71742755930598e-06 1.00000000
16087020 87.3177314814815 0.00138255140650168 2.69269812102782e-06 1.00000000
16087021 87.3277314814815 0.0013520379622673 1.88128208315025e-06 1.00000000
16087022 87.3495833333333 0.00132481177367694 1.93442429084595e-06 1.00000000
16087023 87.3713425925926 0.0013041003437678 1.98922427696087e-06 1.00000000
16087024 87.3930092592593 0.00128705719754774 2.30744827093091e-06 1.00000000
16087025 87.4127430555556 0.00126822195447237 2.06415647155218e-06 1.00000000
16087026 87.4343402777778 0.00125782903021248 2.12127612045668e-06 1.00000000
16087027 87.4560185185185 0.001252981498959 2.13187829285383e-06 1.00000000
16087028 87.4784375 0.00123579268574587 2.37067239448034e-06 1.00000000
16087029 87.4975694444444 0.00122426527187509 2.21325927524252e-06 1.00000000
16087030 87.5192708333333 0.00121543548508875 2.30194588975905e-06 1.00000000
16087031 87.5422685185185 0.00120628728063556 2.27874382315377e-06 1.00000000
16087032 87.5639351851852 0.00119594976086981 2.16006387347964e-06 1.00000000
16087033 87.5894212962963 0.00118706257065393 2.014496508037e-06 1.00000000
16087041 87.6864467592593 0.00142980548993328 1.76696984322316e-06 1.00000000
16087042 87.7082986111111 0.00136471263950682 1.79572221005927e-06 1.00000000
16087043 87.7299537037037 0.00133652188039211 1.92898711968471e-06 1.00000000
16087044 87.7521527777778 0.00131651403007567 2.55971235084222e-06 1.00000000
16087045 87.7679282407407 0.00129272993058178 1.97988782868553e-06 1.00000000
16087046 87.7913194444445 0.00127671512423363 1.93000346696293e-06 1.00000000
16087047 87.8156828703704 0.00125972088095629 3.92238071029205e-06 1.00000000
16087048 87.8261342592593 0.00124536151771382 2.14647826905226e-06 1.00000000
16087049 87.847662037037 0.0012349150785248 2.14238152139717e-06 1.00000000
16087050 87.870162037037 0.00121984591088937 2.24255705770038e-06 1.00000000
16087051 87.8916782407407 0.00121363095773509 2.20556979213239e-06 1.00000000
16087052 87.9145023148148 0.00120514163603157 2.43884224495302e-06 1.00000000
16087053 87.9393055555556 0.00119219916905879 2.37183804446677e-06 1.00000000
16087054 87.9609606481482 0.00118779870078235 2.450840218628e-06 1.00000000
16087055 87.9818171296296 0.00117726548754267 2.39914190469889e-06 1.00000000
16088001 88.003587962963 0.00117397974313448 3.20072510571514e-06 1.00000000
16088013 88.3799305555556 0.0013188242921836 2.29390588503013e-06 1.00000000
16088014 88.3950694444444 0.00124883483119246 1.91669252003241e-05 1.00000000
16088015 88.3965740740741 0.00124586675515785 2.00238692651407e-05 1.00000000
16088016 88.3977314814815 0.00128603408405085 2.036063951254e-06 1.00000000
16088017 88.4197916666667 0.00126611472703191 2.08753450498076e-06 1.00000000
16088018 88.4418402777778 0.00125382896173421 2.15845011133623e-06 1.00000000
16088019 88.4633912037037 0.00123592068115246 2.21857162510734e-06 1.00000000
16088020 88.4852083333333 0.00122065494773125 2.68221999317722e-06 1.00000000
16088021 88.5044328703704 0.0011971062099724 2.33396772217747e-06 1.00000000
16088022 88.5260532407407 0.00119297070560574 2.36870308561147e-06 1.00000000
16088023 88.5485416666667 0.00117495018171165 2.46645047810383e-06 1.00000000
16088024 88.570150462963 0.00115550810007328 1.93960177859243e-05 1.00000000
16088025 88.5721527777778 0.00116880775466439 2.46632290388031e-06 1.00000000
16088026 88.5938657407407 0.00115757546469317 2.60463700321356e-06 1.00000000
16088027 88.6144907407407 0.00114586670106737 4.14689111988177e-06 1.00000000
16088028 88.625775462963 0.00114506702610716 2.60597373325284e-06 1.00000000
16088029 88.6472685185185 0.00113555423429771 2.65353866625424e-06 1.00000000
16088030 88.6690740740741 0.0011288100456423 2.69039428251308e-06 1.00000000
16088031 88.6906944444444 0.00112761480901143 2.98353528245004e-06 1.00000000
16088039 88.7539583333333 0.00146261686416479 1.90439029622829e-06 1.00000000
16088040 88.7814236111111 0.0013487078657588 1.97785872124026e-06 1.00000000
16088041 88.802962962963 0.00132030868062837 2.05843690809198e-06 1.00000000
16088042 88.8244791666667 0.00129340178667713 2.12205649848502e-06 1.00000000
16088043 88.8459259259259 0.00127746927123055 2.16175350025251e-06 1.00000000
16088044 88.8673379629629 0.00126510437101106 4.35164535945132e-06 1.00000000
16088045 88.8791087962963 0.00125315206547582 2.2127704222033e-06 1.00000000
16088046 88.9006828703704 0.00123746062898612 2.3147504030068e-06 1.00000000
16088047 88.9221412037037 0.00122101087272044 2.30066795966044e-06 1.00000000
16088048 88.9438078703704 0.00121814069150379 2.36321803797276e-06 1.00000000
16088049 88.9654398148148 0.00119983122283516 4.25414962426442e-06 1.00000000
16088050 88.9773148148148 0.00120016025929645 2.27124161667588e-06 1.00000000
16089001 89.0055324074074 0.00118822255398236 3.75280174838977e-06 1.00000000
16089002 89.0197106481481 0.0011787881818272 6.47914863538992e-05 1.00000012
16089003 89.0243055555556 0.00118631520170937 3.71578125809134e-06 1.00000000
16089004 89.0337615740741 0.00117587488956025 2.42730603112523e-06 1.00000000
16089005 89.056724537037 0.00116211180014295 2.46327014398866e-06 1.00000000
16089014 89.2633564814815 0.00148535456088811 2.15387834615409e-06 1.00000000
16089015 89.2849652777778 0.00137490251800573 2.28815091721558e-06 1.00000000
16089016 89.2992939814815 0.00133052038090562 1.96767968683812e-06 1.00000000
16089017 89.3209490740741 0.0013038485980037 2.05198574175432e-06 1.00000000
16089018 89.342662037037 0.00127561202894184 2.06172463696725e-06 1.00000000
16089019 89.3645023148148 0.00126371192754494 2.35081156487984e-06 1.00000000
16089020 89.3850462962963 0.0012424796055424 2.19187588578126e-06 1.00000000
16089021 89.4067245370371 0.00112982102700906 2.68247768736032e-05 1.00000000
16089023 89.4117476851852 0.0012042449275455 1.72945031110454e-05 1.00000000
16089024 89.4138078703704 0.00122938186747662 2.26473603990482e-06 1.00000000
16089026 89.4514699074074 0.00120396827664372 2.30071289639656e-06 1.00000000
16089027 89.4737615740741 0.00119759622071841 2.37845611551266e-06 1.00000000
16089028 89.4954398148148 0.00118735645939775 2.77120135431032e-06 1.00000000
16089029 89.5146643518519 0.001177767969246 2.53407150602766e-06 1.00000000
16089030 89.5409490740741 0.00117552906747436 2.49084086125858e-06 1.00000000
16089031 89.562662037037 0.00116389459188653 2.37090407392606e-06 1.00000000
16089041 89.7601157407407 0.00144314494573186 1.64475458218849e-06 1.00000000
16089042 89.7815856481482 0.00138918548319783 1.7521699731112e-06 1.00000000
16089043 89.803125 0.00137011987638872 3.92512831351591e-06 1.00000000
16089044 89.8085069444444 0.00135419341302687 2.19886077716816e-06 1.00000000
16089045 89.8255787037037 0.00133122976187501 1.89148058635772e-06 1.00000000
16089046 89.8473263888889 0.00130912630414398 1.97796479709906e-06 1.00000000
16089047 89.868900462963 0.00129896271922514 6.2098123696518e-06 1.00000000
16089048 89.871724537037 0.00129269621717019 3.49021915790129e-06 1.00000000
16089049 89.8824884259259 0.00127345403584271 2.05817160020235e-06 1.00000000
16089050 89.9043287037037 0.00126520664270648 2.21460716828087e-06 1.00000000
16089051 89.924224537037 0.00124415172493582 2.05928746872338e-06 1.00000000
16089052 89.9481018518518 0.00122953214481495 2.15508288255012e-06 1.00000000
16089053 89.9701851851852 0.00121770343762797 2.19193913912431e-06 1.00000000
16089054 89.9930555555556 0.0012160039226755 3.82386510384225e-06 1.00000000
16090001 90.0078009259259 0.00120473077296988 3.14501347074375e-06 1.00000000
16090002 90.0197222222222 0.00119612765560628 2.28799736806933e-06 1.00000000
16090003 90.0422685185185 0.00118282161891311 2.33714904887118e-06 1.00000012
16090004 90.0648263888889 0.00118262460812991 2.46761317427513e-06 1.00000000
16090005 90.0859490740741 0.00117141075912657 5.90951427613752e-06 1.00000000
16090015 90.1456828703704 0.0014092552750547 1.52776210738625e-06 1.00000000
16090016 90.1723958333333 0.0013730611678779 3.15721025324695e-06 1.00000000
16090017 90.1801851851852 0.00134595984697862 1.88629552409513e-06 1.00000000
16090018 90.2026504629629 0.00131484877078412 1.88104369363527e-06 1.00000000
16090019 90.2256018518519 0.00129391332573136 1.97305483044285e-06 1.00000000
16090020 90.2484837962963 0.00128063455830786 2.4896115561038e-06 1.00000000
16090021 90.2669444444444 0.0012554003185601 2.05823441742541e-06 1.00000000
16090022 90.2896990740741 0.00123969824708429 2.19297993326315e-06 1.00000000
16090023 90.3111458333333 0.0012351267516028 2.21799382380363e-06 1.00000000
16090024 90.3327083333333 0.00122169795466013 2.22631078995268e-06 1.00000000
16090025 90.3543055555555 0.00120744454835083 2.28426375241326e-06 1.00000000
16090026 90.3758564814815 0.0012024577423586 2.63021726638468e-06 1.00000000
16090027 90.3932291666667 0.00118858220476744 2.50908320844091e-06 1.00000000
16090028 90.4147685185185 0.00118349515169055 2.39254282573564e-06 1.00000000
16090029 90.4363657407408 0.00117776179123546 2.38741310095167e-06 1.00000000
16090030 90.458287037037 0.0011648462639436 3.32018977803437e-06 1.00000000
16090038 90.5326041666667 0.00142349235187361 1.81624291567054e-06 1.00000000
16090039 90.5517939814815 0.00137163941644583 1.99016228627886e-06 1.00000000
16090041 90.7018634259259 0.00142894640321772 1.32649967707082e-06 1.00000000
16090042 90.736099537037 0.00135252247633467 1.85682948003317e-06 1.00000000
16090044 90.7599537037037 0.00132363340518622 2.26798102194849e-06 1.00000000
16090045 90.7753703703704 0.0013031907415852 1.87153972804551e-06 1.00000000
16090046 90.8015277777778 0.00127343493145604 1.78692665306477e-06 1.00000000
16090047 90.8346412037037 0.00124603538457924 2.15136669933032e-06 1.00000000
16090048 90.8560648148148 0.001229754363861 2.17124021609254e-06 1.00000000
16090049 90.8776736111111 0.00122317119205706 3.00729749253542e-06 1.00000000
16090050 90.8950347222222 0.00120923498913741 2.26368422074261e-06 1.00000000
16090051 90.9168865740741 0.00119592160983638 2.29252739085785e-06 1.00000000
16090052 90.9387615740741 0.00119283869786214 2.63384411271457e-06 1.00000000
16090053 90.9559259259259 0.00117712692942948 2.94506629520927e-06 1.00000000
16091003 91.0219212962963 0.00144089305307356 1.61466225439364e-06 1.00000000
16091004 91.0440972222222 0.00138937335989585 1.69083879139856e-06 1.00000000
16091005 91.0663773148148 0.00134342589883126 1.86670520146394e-06 1.00000000
16091006 91.0887268518518 0.00130897710307281 1.92819888998295e-06 1.00000000
16091007 91.1104976851852 0.00128347437405424 2.02373569418634e-06 1.00000000
16091008 91.1320949074074 0.00126042814417765 2.86889322507375e-06 1.00000000
16091009 91.1475462962963 0.00124433535756902 2.1052063575044e-06 1.00000000
16091010 91.1702083333333 0.00122538256219386 2.16968355569406e-06 1.00000000
16091011 91.1918171296296 0.00121231735635321 2.23784529186858e-06 1.00000000
16091012 91.2134375 0.00119344000940822 2.26191213560818e-06 1.00000012
16091013 91.235474537037 0.00118482740207124 2.34624866575814e-06 1.00000000
16091014 91.2571296296296 0.00116782831819854 2.69568830643726e-06 1.00000000
16091036 91.7921412037037 0.0125780066200378 0.000239076761809283 1.00000012
16091037 91.7934143518518 0.00139666328412278 8.18150031194221e-05 1.00000000
16091038 91.7959953703704 0.000958379757373822 6.82471414312207e-05 1.00000000
16091049 91.8978125 0.00259096230171821 1.70642578853385e-05 1.00000000
16091050 91.9022800925926 0.00255994925206539 1.8428571117642e-05 1.00000000
16091051 91.904837962963 0.00211250364497892 3.68300825033241e-05 1.00000000
16091052 91.9058564814815 0.00248084118262639 4.21204058823953e-06 1.00000000
16091053 91.9147569444444 0.00244000855403435 6.46161234217232e-06 1.00000000
16091054 91.9225694444444 0.00240671771507599 1.36788472432016e-05 1.00000000
16091055 91.9256944444444 0.00212604072227745 3.63343570559611e-06 1.00000000
16091056 91.9357523148148 0.00138076884753669 4.88094005949175e-06 1.00000000
16091057 91.9403587962963 0.00137033462273921 3.27811859520481e-06 1.00000000
16091060 91.9528819444444 0.00134361474962177 3.15821200076656e-06 1.00000000
16091061 91.9614236111111 0.00133180561284307 2.74623761128191e-06 1.00000000
16091062 91.9726388888889 0.00131627248317527 1.95037074556583e-06 1.00000000
16091063 91.9960416666667 0.00128389729126944 2.06460719560062e-06 1.00000000
16092001 92.0225694444444 0.00126823753379747 2.13123360825647e-06 1.00000000
16092002 92.0446064814815 0.0012445567053859 3.32181356083521e-06 1.00000000
16092003 92.0581597222222 0.00124103512763733 4.2781295636877e-06 1.00000000
16092014 92.1361111111111 0.00148014945490898 1.6783164794565e-06 1.00000000
16092015 92.158287037037 0.00142113026108985 2.06159713002074e-06 1.00000012
16092016 92.1740393518518 0.00138050134320024 1.88838036117661e-06 1.00000012
16092017 92.1965972222222 0.00134680771588388 1.95632117471317e-06 1.00000000
16092018 92.2184722222222 0.00131728833348947 2.02263989104013e-06 1.00000000
16092019 92.2409606481481 0.00130016886435182 2.4967672979858e-06 1.00000000
16092020 92.2596875 0.00128185989383922 2.32656471596058e-06 1.00000000
16092021 92.2790625 0.00126375070746719 2.18037270019049e-06 1.00000000
16092022 92.3015972222222 0.00124137390797703 2.2390841146597e-06 1.00000012
16092023 92.3237847222222 0.00123502236833235 3.91277687156931e-06 1.00000012
16092031 92.4337037037037 0.00147806593998537 1.66396465508159e-06 1.00000000
16092033 92.4577199074074 0.00141134700486497 2.04081807694e-06 1.00000000
16092034 92.4738078703704 0.00137296486151622 1.89498638591494e-06 1.00000000
16092035 92.4953472222222 0.00133314853320961 1.95322600043283e-06 1.00000000
16092036 92.5170486111111 0.00130237006672458 2.10190409501899e-06 1.00000000
16092037 92.5385300925926 0.00127461269445215 2.11303798230538e-06 1.00000000
16092040 92.5652662037037 0.00125698274488634 2.47602076881493e-05 1.00000000
16092042 92.5755671296296 0.0012330935729789 2.30897780690307e-06 1.00000000
16092044 92.5975462962963 0.00121980614083476 2.68946102654965e-06 1.00000000
16092048 92.6213425925926 0.00119885089548841 2.9703928955256e-06 1.00000000
16092049 92.6358333333333 0.00119404603171506 2.38539650390049e-06 1.00000000
16092050 92.6573263888889 0.00118039898120364 2.45595453430228e-06 1.00000000
16092051 92.6786111111111 0.00117076595123174 4.73813842310065e-06 1.00000012
16092052 92.6879282407407 0.00116930197316739 2.49065151632582e-06 1.00000000
16092053 92.7093402777778 0.00116157428175787 2.5311517581266e-06 1.00000000
16092054 92.7313310185185 0.00115509666465822 2.56787687638959e-06 1.00000000
16092055 92.7528356481482 0.00115013721184309 4.2826259004334e-06 1.00000000
16092063 92.826724537037 0.00147430175368035 1.63884518667453e-06 1.00000000
16092064 92.8487268518518 0.00140960716714425 1.89313394824975e-06 1.00000000
16092065 92.8671296296296 0.00137342694459592 1.88453334873414e-06 1.00000000
16092066 92.8886458333333 0.00134989545968534 2.12391825247153e-06 1.00000000
16092067 92.9107986111111 0.00132740915480898 1.98188649410716e-06 1.00000000
16092068 92.9323726851852 0.0013063869245563 2.34239989690025e-06 1.00000000
16092069 92.9539583333333 0.00129077013392498 2.10179149256484e-06 1.00000000
16092070 92.975787037037 0.00126881632971521 2.12576818950399e-06 1.00000000
16092071 92.9980208333333 0.00125658685467397 2.15859184580946e-06 1.00000000
16093001 93.0199189814815 0.00125010817856781 2.1794571900981e-06 1.00000000
16093002 93.0420486111111 0.00122961866805898 2.23341270108541e-06 1.00000000
16093003 93.0641319444445 0.00122950709990215 3.79934837501957e-06 1.00000000
16093004 93.0766087962963 0.00121489248721772 2.68281256000553e-06 1.00000012
16093010 93.1431597222222 0.00147733497157892 1.55736354521743e-06 1.00000000
16093011 93.1666319444445 0.0013943838700565 1.53703217158004e-06 1.00000000
16093012 93.1933217592593 0.00135809016824169 1.89043261678616e-06 1.00000000
16093013 93.2156481481481 0.00132697462251474 1.92314202067552e-06 1.00000000
16093014 93.2382986111111 0.00131119258414366 1.96680530071941e-06 1.00000000
16093015 93.2603703703704 0.00129738854410692 6.18892792593963e-06 1.00000000
16093016 93.268912037037 0.00127454059189925 1.92754288644746e-06 1.00000000
16093017 93.2940856481482 0.00125573851728748 2.11366063731497e-06 1.00000000
16093018 93.3157523148148 0.00124350296529347 2.26771028627253e-06 1.00000000
