16064077 64.8970486111111 0.753375560518106 0.000578659970835499 1094.42553711
16064078 64.9029513888889 0.742528160458596 0.000368332485044621 1053.66735840
16064079 64.9289930555556 0.73133018756211 0.000298783625098446 997.25946045
16064080 64.9525925925926 0.727101654461081 0.000352926900734384 909.80987549
16064081 64.9709722222222 0.732660598307618 0.00114642851802941 890.72058105
16064082 64.9816782407407 0.735356000388037 0.000638382333394949 849.01660156
16065001 65.005162037037 0.719856021677489 0.000405557053404453 817.71704102
16065002 65.0282291666667 0.725788129098765 0.000354699200658291 761.82501221
16065003 65.0501041666667 0.70584488474571 0.000344296681716281 733.19122314
16065005 65.0744791666667 0.722291761322781 0.000359368325652175 671.36590576
16065006 65.1009837962963 0.699413500313979 0.000361125106316009 668.70031738
16065007 65.1239351851852 0.716181146394027 0.000375161243869705 600.51208496
16065008 65.1466087962963 0.710029617297962 0.000383678278028201 598.27630615
16065009 65.1678240740741 0.707845071668242 0.000403289172038814 576.60742188
16065010 65.1896296296296 0.722016016022983 0.000390720072155121 549.43530273
16065011 65.2114236111111 528.20328052031 0.00161368226677044 533.52764893
16065012 65.2132407407407 0.706466589455446 0.000391185402586182 519.25360107
16065013 65.2365046296296 0.710153357736608 0.000396069106929749 510.91281128
16065014 65.2600347222222 0.707960538868789 0.000516034667731986 481.50506592
16065015 65.2762037037037 0.700379486010346 0.000461203292569065 465.94122314
16065016 65.2954282407407 0.700972477135948 0.000432891467423073 441.77868652
16065017 65.3172453703704 0.712328054258754 0.000454197558995329 447.62585449
16065018 65.3394675925926 0.716610676146857 0.00054368118221308 427.41879272
16065023 65.4300810185185 0.722977691797699 0.000304116587324926 1457.03576660
16065024 65.4460763888889 0.740181900410933 0.000408125250079808 1348.94921875
16065025 65.4573842592593 0.730054716793606 0.000292534288811848 1252.98718262
16065026 65.4824074074074 0.745374194798843 0.00041662163993922 1142.06274414
16065027 65.4934259259259 0.698456418807503 0.000283744612306728 1101.13256836
16065028 65.5176851851852 0.707358582136045 0.000340115668762004 1031.13854980
16065036 65.6069097222222 0.727875773877283 0.000300285554051367 1312.57641602
16065037 65.6238888888889 0.716487088558087 0.000338423398811727 1183.93884277
16065038 65.6397685185185 0.716833533972791 0.000284105655585045 1136.98962402
16065039 65.6635763888889 0.725979488338684 0.000334122968850282 1060.46044922
16065041 65.6933680555556 0.716199307739763 0.000322724257995858 970.34527588
16065042 65.7133101851852 0.726964660719472 0.000392422143554173 917.46282959
16065043 65.7327893518518 0.71686248986012 0.00143772399578637 862.43060303
16065044 65.7369328703704 0.724778211411192 0.000322985888422163 857.18548584
16065045 65.7596875 0.695844360260119 0.000317617784245249 823.65020752
16065046 65.7839236111111 0.710731388965255 0.000348952605796718 769.82183838
16065047 65.8055555555556 0.688588763396117 0.00034129108573154 749.44274902
16065048 65.8272106481482 0.716922505410641 0.000362987067064757 721.92669678
16065059 65.8928935185185 0.719879161112562 0.00436857083396691 662.93914795
16065060 65.8946064814815 0.729954475721002 0.000362170510498637 656.06011963
16065061 65.9165046296296 0.699821040459753 0.000376830768507355 638.69061279
16065072 65.9942476851852 0.732429303138824 0.000269185030533153 1292.11145020
16066001 66.0158449074074 0.719303003024966 0.000312326170732334 1162.18395996
16066002 66.0371759259259 0.739488360365185 0.000292346518469949 1132.77612305
16066003 66.0603703703704 0.731919589139498 0.000302228094328772 1051.34570312
16066004 66.0834027777778 0.706767967046486 0.000306682312563711 971.97900391
16066005 66.10625 0.723691542423677 0.00036551094070746 909.38000488
16066006 66.1283912037037 0.708159462017633 0.000308716806384197 871.80334473
16066007 66.1528935185185 0.706252134480951 0.000343937135560973 795.96215820
16066008 66.1738425925926 0.717828140086107 0.000341324990327011 781.68817139
16066009 66.1962847222222 0.710582998099087 0.000345566342955495 758.72943115
16066011 66.2189930555556 0.7106359042438 0.0003475890573127 738.95227051
16066012 66.2407523148148 0.713746399932451 0.000517529728506953 716.07952881
16066015 66.3109375 0.706619967420618 0.000236101263602866 1421.09289551
16066016 66.3363657407407 0.734183409789778 0.000289696463508226 1330.80578613
16066017 66.3602893518518 0.725963649271518 0.000283666467730917 1203.45800781
16066018 66.3835416666667 0.724744235199655 0.000439053377510527 1097.09106445
16066019 66.3950925925926 0.709675676635206 0.000435462717389914 1068.97326660
16066020 66.4070023148148 0.724282814467367 0.000573378282697977 1016.09069824
16066021 66.417974537037 0.716753425761208 0.000410910175606751 995.71166992
16066026 66.5050462962963 0.709431082248478 0.000338792747148392 799.14367676
16066027 66.5266319444444 0.687294614641642 0.000338534679817221 776.87286377
16066028 66.5486805555556 469.682486095903 0.013267467218128 747.80902100
16066030 66.552037037037 0.694424991859997 0.000757699963799157 758.55743408
16066031 66.5626273148148 0.696123287170781 0.000352246972569811 742.13385010
16066032 66.5840162037037 0.699054706021105 0.000383713668291723 710.92028809
16066033 66.6055671296296 0.698268874390778 0.000363784531720974 700.08581543
16066035 66.6351851851852 0.68730965036593 0.000390285067749735 691.57312012
16066046 66.7824537037037 0.719455998052606 0.00055223174383198 1405.87329102
16066047 66.788125 0.715634135503444 0.000285315830012025 1366.92065430
16066048 66.8092824074074 553.097851401208 0.0893754311904563 1300.02233887
16066049 66.8121990740741 0.690984318573885 0.000306521737919018 1227.01867676
16066050 66.8308912037037 0.72018811774994 0.000302896109689616 1169.14892578
16066051 66.8525231481482 0.697859602564886 0.000260982589890109 1103.54028320
16066052 66.8809375 0.706674685352398 0.000308266982705107 1017.98248291
16066053 66.9028935185185 0.696922711127011 0.0003331550763141 999.06518555
16066054 66.921875 0.71057094241293 0.000376518507004747 961.40258789
16066055 66.9436921296296 0.696027135169815 0.000341272446620119 909.03594971
16066057 66.9650578703704 0 0.00114991674179581 889.86077881
16066059 66.9681597222222 0.709491684647337 0.000330332609694477 892.01049805
16066060 66.9897569444444 0.708659103900103 0.000329868454108018 858.64715576
16067001 67.0113194444445 0.696771724133729 0.000327990193377431 857.70129395
16067003 67.0350578703704 0.676470407203248 0.000331360786440683 825.11193848
16067004 67.0573958333333 0.703955024594076 0.000365546803898013 804.04498291
16067005 67.0761921296296 0.698768203290888 0.000333690754802413 769.47796631
16067006 67.0989467592593 0.687466799456109 0.000716495768724759 764.74859619
16067013 67.3713078703704 0.70253908915041 0.000329154543016983 1238.62707520
16067014 67.3866898148148 0.681799919753447 0.000440596551882146 1128.64868164
16067015 67.3963773148148 0.716469408399833 0.000313854823871103 1121.76977539
16067016 67.417962962963 0.712739234623519 0.00029814741399201 1076.02416992
16067017 67.4403356481481 0.693779220492063 0.000308124267630108 1012.99511719
16067019 67.4765972222222 0.675494061074809 0.000313340085804353 927.95330811
16067020 67.4983912037037 0.68439024313351 0.00032183257913813 916.17297363
16067021 67.5203009259259 0.694955407238252 0.00032388691810335 877.04858398
16067022 67.5418634259259 0.712223659123045 0.000353606947880975 835.43054199
16067039 67.8637847222222 0.704630066190635 0.000238169577134319 1436.14074707
16067040 67.8905555555556 0.691477635828017 0.000651413066104372 1234.32763672
16067041 67.8948726851852 0.671690073125303 0.000281488060777938 1235.61767578
16067042 67.9174189814815 0.681960543262733 0.000281816536840537 1134.06591797
16067043 67.9411342592593 0.682471892275603 0.000302337726546114 1113.77282715
16067044 67.9627083333333 0.678373496343741 0.00149817396522682 1047.30419922
16067045 67.9840046296296 0 0.333173523514303 1009.21166992
16067046 67.9853125 0 4.41856783996363e-06 1014.45697021
16067047 67.9907291666667 0 0.221960559122535 984.10327148
16068001 68.0031018518518 0.683064374087556 0.000332163363556753 981.00775146
16068003 68.0260185185185 0.673868819411976 0.000354486329649698 941.28143311
16068004 68.0483333333333 0.676460036208727 0.000352400005006615 920.30035400
16068005 68.0675115740741 0.677504189840051 0.000333430215273451 881.09002686
16068006 68.0903125 0.679353060363437 0.000325323593724497 884.27154541
16068007 68.1174537037037 0.668177144365184 0.000400775390419169 829.84143066
16068008 68.1392939814815 0.660311288928042 0.000322546685086264 790.11499023
16068009 68.1621643518518 0.665808149082777 0.000342942270267558 790.97479248
16068010 68.1857638888889 0.680189480087355 0.000552436999331449 776.52886963
16068012 68.246875 0.701055041236903 0.000286516359398707 1482.91821289
16068013 68.2663310185185 0.676455723994279 0.000585186862676765 1252.12707520
16068014 68.2734027777778 0.669878765274078 0.000283642892850645 1255.56652832
16068015 68.2975694444444 0.675393506751775 0.00030002041079523 1168.80493164
16068016 68.3195486111111 0.673434598335954 0.000325242161668711 1120.04992676
16068017 68.3428935185185 0.645759941777265 0.000585955375221437 1046.01440430
16068018 68.3486689814815 0.671262729625086 0.000281771889461322 1053.15136719
16068021 68.3798263888889 0.66059865109711 0.000497475467631631 1003.45056152
16068022 68.4118518518518 0.642164275609 0.000291628321763233 944.54895020
16068023 68.4384143518518 0.666424017833914 0.000568862758957343 923.22399902
16068024 68.4461921296296 0.676731927622015 0.000321369426891353 900.17932129
16068025 68.4699537037037 0.656906400205297 0.000430808842742722 883.15374756
16068028 68.4859606481482 0.656697151385821 0.000478642283851628 865.44024658
16068029 68.502349537037 0.651824707570825 0.000310446581997085 811.61193848
16068030 68.5272569444444 0.649354996603936 0.000333249702541888 807.74243164
16068032 68.5526736111111 0.650897623100844 0.000322107037052342 795.36022949
16068034 68.5782291666667 0.637439453395586 0.000341963528035253 772.48748779
16068035 68.599837962963 0.649204745700477 0.00032817071239007 748.58294678
16068036 68.6297222222222 0.649912878517145 0.000347234682716483 712.81201172
16068037 68.6513425925926 0.641404932396807 0.00045228459902293 695.78637695
16068038 68.6691319444444 0.630653670910876 0.00034841222074467 689.59533691
16068039 68.6912731481481 0.637354196937873 0.000353176463281245 688.99340820
16068040 68.7132407407407 0.661659716481255 0.000495795548112045 668.01239014
16068042 68.7340162037037 0.634149649669801 0.000363717716504189 644.96771240
16068043 68.7550462962963 0.643380582427776 0.00169524853584 659.58563232
16068055 68.9483912037037 0.718034681074411 0.00029162732534916 1436.05493164
16068056 68.9699768518519 0.703057619426261 0.000366553365694531 1163.55981445
16068057 68.9841898148148 0.699035527640959 0.000789115414832017 1083.24707031
16068058 68.99125 0.70763583385173 0.000308673914868718 1133.97998047
16069001 69.0131597222222 0.712782319481092 0.000306519217453265 1025.80737305
16069002 69.0361342592593 0.695183669028088 0.000315187576188066 946.01068115
16069003 69.0579282407407 0.722784817309861 0.000374505147883389 942.22723389
16069004 69.0814699074074 0.719819713789674 0.000985499232459426 844.28723145
16069005 69.0909143518519 0.694053850100684 0.000619774811869048 699.39794922
16069006 69.0980208333333 0.707275907125128 0.00036966902928031 720.89489746
16069007 69.1196875 0.692885286711535 0.000369257906051627 690.54119873
16069008 69.1410763888889 0.704479193033335 0.00036143107038411 688.99340820
16069009 69.1627430555556 0.713792423427084 0.000368552685122982 687.27368164
16069010 69.1842013888889 0.703479192784055 0.000460027039383722 664.22894287
16069011 69.2037731481481 0.685137275706047 0.000383876074537639 616.84979248
16069012 69.2254050925926 0.69773293848457 0.000375053794054521 614.52813721
16069013 69.2470717592593 0.692362742588823 0.000997721022674818 604.29547119
16069014 69.2531597222222 0.672448038902412 0.00588859552032512 584.43237305
16069015 69.2615509259259 0.665154900977781 0.00582682418090904 584.00238037
16069016 69.2623032407407 0.687370950135812 0.000483812507220082 579.87500000
16069024 69.373912037037 0.700414501373734 0.000486464953205778 1350.06713867
16069025 69.3819328703704 0.698643109119193 0.000283089666794365 1312.66247559
16069026 69.4041435185185 0.677272404569474 0.000297035786374844 1186.17443848
16069027 69.4257523148148 0.69293198054087 0.00031055883760772 1120.56591797
16069028 69.4475 0.680907519249794 0.000315473917025377 1015.91876221
16069029 69.4692361111111 0.688232752257563 0.000537287684804671 931.90875244
16069030 69.4827199074074 0.701071708895962 0.000402857328962711 922.62207031
16069031 69.5024537037037 0.67792091033428 0.000521935579328051 880.23010254
16069032 69.5130092592593 0.663818021286674 0.000665040239996677 847.55480957
16069033 69.5209606481481 0.683990183655824 0.000472558449834883 849.61846924
16069034 69.5343981481482 0.668696942003861 0.000332431605076548 821.58648682
16069035 69.5563773148148 0.684571389790959 0.00034104814587835 830.44335938
16069036 69.578599537037 0.693201438965526 0.000320607835344323 784.69787598
16069037 69.6068518518519 0.669388949168259 0.00125308195086044 754.94598389
16069038 69.6149305555556 0.690794663745345 0.00101201011165453 749.61474609
16069039 69.6199652777778 0.674755142105181 0.000372863284777224 737.06054688
16069040 69.640162037037 0.686244452207187 0.000969296116368562 751.16253662
16069041 69.6436574074074 0.673786073125402 0.000350253979414861 735.68475342
16069042 69.6658217592593 0.673564668806817 0.000350122547137569 697.33428955
16069045 69.7399537037037 1.31264511125351 0.0138122807320915 1645.43579102
16069049 69.7549537037037 0.670920170812653 0.000468981512240858 1411.29028320
16069050 69.7623148148148 1.66723202394953 0.0192570464945815 1357.11804199
16069052 69.7661921296296 0 0.000274740010026757 1341.72631836
16069053 69.7671875 0.686865910725116 0.000334535272505992 1335.87915039
16069054 69.7823611111111 0.675449228386083 0.000308701248592362 1180.24133301
16069055 69.8032291666667 0.686355728121476 0.000567011785670192 1070.77893066
16069060 69.8327083333333 0.663752194187387 0.000245769280554396 991.24029541
16069061 69.8701851851852 0.674698470018426 0.000866378247880029 932.59667969
16069062 69.8764583333333 0.674372498021614 0.000315958540343426 921.24621582
16069063 69.8999305555555 0.665451533436349 0.000432946244567456 881.00402832
16069064 69.9148263888889 0.663760726493275 0.000332945221155955 864.75231934
16069065 69.9369097222222 0.675326907637174 0.000337493706663715 861.82873535
16069066 69.9580902777778 0.654558251304376 0.000352779163028383 823.56420898
16069067 69.9803703703704 0.659740654283355 0.000493196452622678 804.56091309
16070003 70.0367592592593 0.69172320749168 0.00024100908046377 1583.61022949
16070004 70.0633449074074 0.669842703000058 0.000288117550422502 1331.49377441
16070005 70.0850925925926 0.663286237625834 0.000294136967581238 1207.67150879
16070006 70.106724537037 0.665096350448641 0.000296739469480909 1155.39099121
16070008 70.1313657407407 0.676861646811154 0.00028268194350644 1115.40661621
16070009 70.1621064814815 0.652065683264373 0.00028309279185957 1047.39025879
16070010 70.1884490740741 0.664048635914647 0.000311460394734151 984.61920166
16070011 70.2109606481481 529.592097685005 0.00501201424046643 937.32592773
16070012 70.2146759259259 0.670173759814695 0.000322948012452142 966.99163818
16070013 70.2363888888889 0.673448894264694 0.00033077062559509 898.63146973
16070014 70.258287037037 0.64411987871018 0.000891794763602485 860.79693604
16070015 70.2639467592593 0.670274253340818 0.000628327912220924 832.76489258
16070035 70.9882060185185 455.683924406338 12.1563696106006 1323.58312988
16070039 70.9987384259259 0.697903099009252 0.000277427096944776 1270.95837402
16071001 71.0191319444445 0.337319579004812 0.000303634445878921 1165.27941895
16071002 71.0339236111111 0.378378794479539 0.000361504052252983 1108.52758789
16071003 71.068287037037 0.766426402820288 0.00102539578525487 1029.67687988
16071004 71.0716087962963 1.17749353225861 0.00634732894584448 1032.34240723
16071005 71.0737037037037 1.13489073018532 0.00269344230221275 1017.12261963
16071006 71.0756944444444 1.14984211302985 0.000437052187177424 1015.83270264
16071007 71.0863194444444 1.14234373477408 0.000293165391930005 997.94726562
16071010 71.1229166666667 0.708154696964598 0.000575050266793987 905.76843262
16071014 71.1386342592593 0 0.000285601228716061 883.23968506
16071016 71.1455671296296 0.697374011074213 0.000360061291840052 876.36065674
16071018 71.1668981481481 0.685233840837542 0.000590328455450492 856.06756592
16071020 71.1765277777778 0.688414180473172 0.00196921380927789 839.38592529
16071021 71.1777893518518 0.681903977573095 0.000329484010357916 838.18212891
16071022 71.2003240740741 0.708731765632692 0.000345057559422982 792.86657715
16071023 71.2225462962963 0.698876702983821 0.000510334794421403 786.93341064
16071024 71.2375231481482 0.695790257669733 0.00036616963382466 756.83770752
16071025 71.2591782407407 0.677299504878965 0.000364454610981277 732.15924072
16071026 71.2811226851852 0.691024767899614 0.000372589831182587 714.78973389
16071027 71.3009259259259 0.680264196584989 0.000421042568093579 682.37231445
16071042 71.5155787037037 0.666373590196686 0.00025722834546134 1645.60778809
16071043 71.5372106481481 0.680851102953691 0.000743873556177487 1469.50390625
16071044 71.5414930555556 0.676691787239752 0.000414083920429562 1436.22668457
16071045 71.550787037037 0.67475831499093 0.000507062671683458 1378.35705566
16071046 71.5577777777778 0.654716874413379 0.000519688478775949 1343.27429199
16071050 71.6122453703704 0.652759675905551 0.000553059249492761 966.13183594
16071051 71.6193402777778 0.669198174904012 0.000406935315650314 975.93444824
16071052 71.6387384259259 0.637686678310239 0.000310292445311123 906.54235840
16071053 71.6634259259259 0.644135416750514 0.000328836454751184 880.48809814
16071054 71.6854976851852 0.66088331443726 0.00033465664674718 842.13757324
16071055 71.7071643518519 0.66384231561231 0.000309139340353963 812.64373779
16071056 71.7329050925926 0.652599811529778 0.000313671556158348 814.70745850
16071058 71.7631134259259 0.646119438250849 0.000346090769836368 774.72314453
16071059 71.7852893518519 0.661389733732991 0.000606142586679086 746.60516357
16071060 71.8067939814815 0.647872359685702 0.000746571296226308 726.65606689
16071061 71.8167592592593 0.640747218342285 0.000312497469768079 688.64953613
16071062 71.8456828703704 0.649895657986688 0.000913880691585316 642.81799316
16071076 71.940474537037 0.681984101396413 0.000609853177926567 1232.09191895
16071077 71.9459375 0.68194537734689 0.000316078575099573 1202.25415039
16071078 71.9664236111111 0.672369195571005 0.0003109754904576 1107.15185547
16071079 71.9878472222222 0.680312215198148 0.000303240742993702 1047.21826172
16072001 72.0112615740741 0.671434142367353 0.000314475602273569 984.53326416
16072002 72.032962962963 0.668161282832906 0.000346766266447647 930.87689209
16072003 72.0580439814815 0.669687873811517 0.000330302333933932 899.06146240
16072006 72.0842361111111 0.684048764382196 0.000441425937310437 831.73303223
16072007 72.0978819444444 0.669311419022677 0.000300632937631591 830.61523438
16072008 72.1255324074074 0.675895700177735 0.000313124848028968 803.61505127
16072009 72.1514467592593 0.668682294747792 0.000358585861483859 776.18493652
16072010 72.1761689814815 0.665226193274797 0.000382002296925302 757.95556641
16072012 72.1984953703704 0.669685055838607 0.000341156203283749 736.37268066
16072013 72.2226157407407 0.642963253609806 0.000350840743497111 730.95538330
16072014 72.2442592592593 0.640404526629874 0.00050410293943837 684.35009766
16072021 72.3665509259259 0.711458291850247 0.000259304325583066 1708.98107910
16072022 72.3900347222222 0.698323654133768 0.000496092452232214 1331.57971191
16072023 72.3971064814815 0.677183300229067 0.000294287098397562 1263.99340820
16072024 72.4189467592593 0.658555681783131 0.000305248890034056 1130.28259277
16072025 72.4406134259259 0.667069254454521 0.000318251998288881 1031.91247559
16072026 72.4623726851852 0.673759957787937 0.000315327320373721 1008.52374268
16072027 72.495162037037 0.652305363991598 0.000700759209666365 903.18878174
16072033 72.5346064814815 0.615826207680293 0.000337572659408627 824.16607666
16072034 72.5546643518519 0.609361957539792 0.000346278489944289 814.53552246
16072035 72.5764467592593 0.642182977255125 0.00036129031481597 768.96197510
16072036 72.5982407407407 0.625035831256277 0.000453409223803264 758.90142822
16072038 72.6175694444444 0.613910380420834 0.000329604550411029 737.66247559
16072039 72.6406481481481 0.630594854417171 0.000354025781473017 706.36291504
16072040 72.6620023148148 0.613475348775412 0.000315793930927056 698.36602783
16072041 72.6885185185185 0.625991401279786 0.000353438688136311 658.81170654
16072042 72.7110416666667 0.614467297930064 0.000353500043066032 635.07910156
16072043 72.7334027777778 0.623196824194063 0.000848424909575114 630.09179688
16072046 72.778912037037 0.658239043004498 0.00255119777586596 112.44569397
16072047 72.7818055555556 0.64597724643504 0.000608224859862563 108.74821472
16072056 72.8738657407407 0.711478583724095 0.000767876873933638 1779.49145508
16072057 72.8804166666667 0.674435839530948 0.000245353794985198 1734.00366211
16072058 72.9048611111111 0.667982326811464 0.000286137379834958 1508.37072754
16072059 72.9256018518519 0.66784878364643 0.000271851873960594 1433.81909180
16072060 72.9476273148148 0.667846904406082 0.0003478794908354 1375.94934082
16072061 72.9620833333333 0.644973729460806 0.000241564510161465 1321.43322754
16072062 72.9953587962963 0.648847663202028 0.000292166497449899 1254.70678711
16073001 73.0159953703704 0.65453137048789 0.000428646936148484 1180.24133301
16073004 73.0294328703704 0.808006750559743 0.0100447993829635 1164.59155273
16073007 73.0367476851852 1.03629166969866 0.0128446408469139 1171.81457520
16073010 73.0430439814815 0.663888187201477 0.000303695432100148 1169.92285156
16073011 73.0634490740741 0.669584315139749 0.00160365617007709 1134.83984375
16073012 73.0663194444444 0.646332174071488 0.000311565052097522 1098.63891602
16073013 73.0884606481481 0.653560217359226 0.000380291127371809 1089.69628906
16073015 73.1042361111111 0.725785899071293 0.00937577308590243 1074.73437500
16073017 73.1074421296296 0.635345270573313 0.000508014446429205 1076.71203613
16073018 73.1199074074074 0.64846474539442 0.000319996799206751 1039.90930176
16073019 73.1414814814815 0.664537843327552 0.000321869770309879 1024.94750977
16073020 73.1632407407407 0.640780648215462 0.000344042603571571 992.10009766
16073021 73.1809143518519 0.646545794012742 0.000441193341562438 1001.47277832
16073029 73.2650578703704 0.678931509630955 0.000246004588303971 1740.10876465
16073030 73.2868981481482 0.662736813040582 0.00024115347757552 1573.46398926
16073031 73.3103703703704 0.665892764047984 0.000269071981901234 1493.32275391
16073032 73.3321180555556 0.669456090066506 0.000377338355070182 1426.68225098
16073033 73.3457175925926 0.65874703984723 0.000277713301291515 1361.15954590
16073034 73.367650462963 0.655524055524548 0.000811393849675243 1350.75500488
16073035 73.3754166666667 0.646147795770616 0.000415179874191682 1279.90112305
16073037 73.3894097222222 0.654538079676989 0.000283047677792153 1300.02233887
16073038 73.413275462963 0.654422566080534 0.000296240431166793 1228.22253418
16073039 73.4350347222222 0.65126251224026 0.000445959926520676 1205.00585938
16073040 73.4460648148148 0.647121800290006 0.000789682452468696 1170.61071777
16073045 73.4592824074074 0.644209236569341 0.000293101033943369 1149.80175781
16073046 73.4810416666667 0.658487485224677 0.000361177505542991 1130.45446777
16073047 73.5001157407408 0.629688485152119 0.000298330505301094 1077.22802734
16073048 73.5217476851852 0.642742511253894 0.000312673258126653 1030.53674316
16073049 73.5427777777778 0.640285427810066 0.000364680605389318 1005.85815430
16073050 73.5614583333333 0.640671736140614 0.000470208239765602 1008.26586914
16077019 77.3125810185185 1.08234526278895 0.000349280642485338 990.38043213
16077020 77.3284722222222 1.05965456078333 0.000445286514674894 924.42779541
16077021 77.3367476851852 0.628710216202336 0.000741798634331511 894.33215332
16077027 77.4984722222222 0.689682397555056 0.000329888413735072 1537.17675781
16077028 77.5122916666667 0.692326461159596 0.000452454374215355 1412.40820312
16077029 77.5204050925926 0.681371783097229 0.000558601476321754 1353.42065430
16077030 77.5309490740741 0.663337493844357 0.000285225615496757 1319.02575684
16077031 77.5531597222222 0.673890842626075 0.000301715959308862 1164.16162109
16077032 77.5753125 0.670523633023769 0.00030041621335027 1086.60058594
16077033 77.5981481481481 0.683718542050769 0.000348492002132304 1050.57189941
16077034 77.6201388888889 0.672366582497998 0.000292767276640416 1011.87731934
16077036 77.665625 0.66821706767052 0.000634270626523856 938.09985352
16077037 77.6726273148148 0.684892025501126 0.000621002826518772 938.70172119
16077038 77.6788310185185 0.6627031718598 0.00032198678405667 933.54248047
16077039 77.7011226851852 0.675555795550299 0.000323789427335638 905.33856201
16077040 77.7228472222222 0.668783704732719 0.000322207452400198 885.73339844
16077041 77.7502777777778 0.678705287161412 0.000356767276764155 837.15026855
16077043 77.7760185185185 0.68138488124035 0.000406810327818677 816.08325195
16077044 77.7921064814815 0.658227162142546 0.000339390458453615 800.43347168
16077045 77.814537037037 0.668400258663455 0.00036271332748736 762.25494385
16077046 77.8343518518518 0.664042262073486 0.00031403315199723 740.41406250
16077047 77.8620717592593 0.681728547977893 0.000368407791952088 715.99353027
16077054 77.9684953703704 0.717279174791633 0.000223629720907917 1771.58056641
16077055 77.9963657407407 0.717847152709431 0.000353834545302394 1540.70227051
16078001 78.0084143518519 0.728580267295932 0.000269157599832362 1471.05175781
16078002 78.0325231481481 0.698482942063328 0.000283233838465186 1333.12744141
16078003 78.0543634259259 0.722828022455616 0.000447695668192038 1300.19421387
16078004 78.0697453703704 0.712527168948888 0.000282872633591172 1256.68444824
16078005 78.0961805555556 0.692616892295674 0.000290266861977568 1196.40710449
16078006 78.1180787037037 0.705690088633234 0.000304241402139205 1148.68395996
16078007 78.140150462963 0.73257016642392 0.000298254810217799 1107.58166504
16078008 78.1641666666667 0.688781816894564 0.00045099797277373 1043.60681152
16078009 78.1745601851852 0.715718380599666 0.000312503423963395 1023.91558838
16078010 78.1967824074074 0.701919938018134 0.000792591152341095 996.39953613
16078011 78.2253356481481 0.719681417356848 0.000322217424780272 941.45336914
16078012 78.2473958333333 0.716087142606718 0.000312652250845514 923.05200195
16078013 78.27125 0.695112206482423 0.000281553691224098 889.77484131
16078014 78.3001967592593 0.710455345206758 0.000444305614080417 885.38934326
16078024 78.4903009259259 0.765634102434214 0.000696038154126596 1947.25427246
16078025 78.4957407407407 0.732505440313032 0.000682657317797219 1833.40600586
16078027 78.5023611111111 0.733620341074227 0.000293844286816035 1823.77539062
16078028 78.5210532407407 0.722871188946237 0.000255087275470587 1649.64941406
16078029 78.5432175925926 0.704979335352646 0.000217716360169761 1580.85864258
16078030 78.5721296296296 0.698415086466756 0.000358804412187996 1461.67907715
16078031 78.5840856481481 0.699595197680701 0.000238533590019997 1453.51025391
16078032 78.6130208333333 0.693733082803209 0.000846844052823031 1354.62451172
16078033 78.6198148148148 0.70312209730265 0.000287414955106929 1337.08300781
16078034 78.6427546296296 0.702686059997449 0.00028146332580498 1286.95214844
16078035 78.6648148148148 0.695227049584809 0.000283650660584996 1257.20043945
16078036 78.6878009259259 0.684901487470449 0.000286102821236698 1230.54418945
16078037 78.7097685185185 0.710121059651157 0.000290606134780037 1197.26696777
16078038 78.7319675925926 0.709614101794893 0.000432909864989896 1186.08850098
16078039 78.7490162037037 0.692842404974944 0.000300337244870348 1124.95129395
16078040 78.7704861111111 0.701071999677043 0.000291324395194781 1084.88098145
16078041 78.7941550925926 0.690572495208883 0.000297393329789192 1082.81726074
16078042 78.8160300925926 0.70400647812556 0.000299846183407946 1058.91259766
16078055 78.9542592592593 0.742262226593323 0.000245521034244499 1897.46716309
16078056 78.9807175925926 0.730092742352462 0.000271700942209252 1664.52514648
16079001 79.0039814814815 0.72658214717785 0.000271608019519388 1518.77526855
16079002 79.0265625 0.711529984085697 0.000344148024776505 1425.04833984
16079010 79.161099537037 0.721995906753492 0.000408333593185117 1651.54101562
16079011 79.1699768518518 0.732300181633909 0.000336805078775991 1517.82922363
16079013 79.1864236111111 0.734246485091164 0.000283764607618305 1482.48815918
16079014 79.2081828703704 0.723450619862579 0.000281075111382744 1400.36987305
16079015 79.2302314814815 0.718346195907956 0.000279724169395088 1311.54467773
16079016 79.252650462963 0.720771574557612 0.000283958786223886 1266.74499512
16079017 79.277025462963 0.714759382019577 0.000219313195055034 1219.62365723
16079018 79.321724537037 0.710936707170279 0.000241992843855956 1089.09423828
16079019 79.3553935185185 0.714547215339569 0.000259571163037114 1049.02404785
16079020 79.3863310185185 0.714811357219696 0.000530602883206022 1095.02746582
16079021 79.3991435185185 0.71028768995763 0.000702378555464162 1075.33630371
16079022 79.4054166666667 0.725873841745789 0.000257772629782063 1032.77233887
16079023 79.4372916666667 0.717131345862421 0.000265112887599854 995.62561035
16079024 79.4704976851852 0.698417205880493 0.000431792587540488 984.61920166
16079026 79.4848263888889 0.709835808437559 0.00178806342098949 963.20825195
16079027 79.486099537037 0.699218581709937 0.000398758586279837 934.48834229
16079028 79.5062847222222 0.72165226909598 0.000671571292468827 923.22399902
16079029 79.5121180555555 0.703516109417407 0.000622067392916736 925.63165283
16079030 79.5227083333333 0.712862877040661 0.000640805994956605 901.89904785
16079031 79.5289814814815 0.699001408906542 0.0002772494049716 895.70788574
16079032 79.5596296296296 0.719529216634652 0.000267036408948275 868.27783203
16079033 79.5934375 0.714185933099296 0.000403322580851118 840.84783936
16079034 79.6127430555556 0.693159802978447 0.000299490140747819 846.69488525
16079035 79.6401851851852 0.6969271594633 0.000644971718160862 798.71374512
16079036 79.6483912037037 0.696148887868506 0.000340874937885245 811.52593994
16079037 79.6700578703704 0.712151656726411 0.00218690661955367 797.07995605
16079045 79.7554861111111 0.738470823147938 0.000399378719612898 1626.60437012
16079046 79.7661689814815 0.731368819781626 0.000343127729549065 1530.72778320
16079047 79.78125 0.711179758135813 0.000283416396040193 1454.88610840
16079048 79.8030324074074 0.704624733185382 0.000297274606191801 1345.07983398
16079049 79.824212962963 0.720870261846445 0.000685546821531371 1268.37878418
16079051 79.8349768518518 0.720450164191947 0.00153352025819753 1257.37243652
16079052 79.8369328703704 0.733424259301007 0.000291918890927078 1234.58569336
16079054 79.8617013888889 0.710582169838697 0.000311923614061258 1188.75415039
16079057 79.8938773148148 0.715294358531384 0.000747283500851374 1116.78234863
16079058 79.8996875 0.712159559660652 0.000844903416098158 1112.56909180
16079059 79.9031944444445 0.692036804575808 0.00029183219775516 1100.10070801
16079060 79.9286226851852 0.695957458220456 0.000297256597648215 1069.57507324
16079061 79.9519097222222 0.704560002173129 0.000311815430687566 1030.96655273
16079062 79.9733101851852 0.711113402023566 0.000342682232311227 1016.34863281
16079063 79.9921759259259 0.694425769168356 0.000417965254678931 973.78472900
16080001 80.0058680555556 0.702059154622142 0.000711795349086306 971.80706787
16080002 80.010787037037 0.711775208902338 0.000431732440019752 958.22094727
16080003 80.0231365740741 0.721770729347682 0.000424534943180442 944.80688477
16080004 80.0362152777778 0.718183104617666 0.000321385396052728 933.45648193
16080005 80.0584953703704 0.689526967717999 0.000363919663386959 892.52636719
16080006 80.075787037037 0.713718111014201 0.000512020211076309 894.24615479
16080012 80.133275462963 0.727193211526203 0.00046797553012106 1596.33654785
16080013 80.1399768518519 0.71505886891396 0.000307988517673126 1556.26599121
16080014 80.1565972222222 0.708882385256132 0.000274603065419059 1449.12487793
16080015 80.1792824074074 0.709522790006536 0.000285728898521871 1331.75195312
16080016 80.2011226851852 0.71819104493315 0.000342847566070155 1267.94873047
16080020 80.3021180555556 0.742226930387674 0.000215154102897453 1843.46655273
16080021 80.3320486111111 0.742514220949473 0.000230362652130392 1643.11413574
16080022 80.3640509259259 0.741007592816077 0.000304924133126843 1465.63452148
16080023 80.3832407407407 0.737035224623754 0.000273245846448206 1416.79345703
16080024 80.4079976851852 0.726514759415697 0.000258886250901824 1357.11804199
16080025 80.434375 0.736679807575538 0.000551584127685821 1301.82800293
16080026 80.4452083333333 0.734377175190584 0.000283194041510959 1252.47106934
16080027 80.4693981481481 0.732509091508052 0.000302157894231213 1180.15539551
16080028 80.4922337962963 0.739834872579913 0.00029292242634051 1136.12976074
16080029 80.5165509259259 0.714128739229188 0.000283195289720564 1126.49902344
16080030 80.541412037037 0.725016317814031 0.000617422051761934 1071.81079102
16080031 80.5501157407407 0.72605303709376 0.000294192652555503 1082.38720703
16080032 80.5747800925926 0.731790686452323 0.000280645414210383 1037.58764648
16080033 80.6019444444444 0.715554818829789 0.000284462280229206 1021.85180664
16080043 80.7475694444444 0.739533473870902 0.000360760451338795 1834.09387207
16080044 80.7587152777778 0.728947668600932 0.000285374557023877 1726.95288086
16080045 80.775474537037 0.733014843394555 0.000289637517600676 1647.92944336
16080046 80.7978935185185 0.729163749110959 0.00028010260214668 1516.19555664
16080047 80.8195138888889 0.716250796187719 0.000286154666805275 1424.79040527
16080048 80.8414467592593 0.727566548513449 0.000285450493188849 1387.81567383
16080049 80.8633564814815 0.705479508558076 0.000339047110200843 1316.44592285
16080050 80.8837152777778 0.716816858703599 0.000270000515387982 1238.28308105
16080051 80.9089814814815 0.720690767911008 0.000267472111342352 1216.70019531
16080052 80.9353356481482 0.709448079373143 0.000282738757221906 1188.84008789
16080053 80.9591203703704 0.703551725867431 0.000295160429355285 1140.51501465
16080054 80.9812847222222 0.712869737309486 0.000397620580322989 1081.44140625
16080055 80.9988657407407 0.712785123755623 0.000304566055874947 1053.58142090
16081001 81.0212731481482 0.708011666354455 0.000297121383330256 1027.18322754
16081002 81.0451041666667 0.711822158708364 0.000336727305731043 988.14471436
16081003 81.0643171296296 0.701566756530814 0.000383847995888029 986.94085693
16081012 81.1566666666667 0.719629805163342 0.000262715928748274 1674.41381836
16081013 81.177337962963 0.733541325855112 0.000326691316490787 1529.35168457
16081015 81.1964583333333 0.743673929192366 0.000277343086494901 1461.24902344
16081016 81.2190740740741 0.747780621569253 0.000285229216182442 1354.53845215
16081017 81.241875 0.744668703253051 0.000297288648237158 1266.14306641
16081018 81.2650694444444 0.747832487990798 0.000395139543984454 1196.66503906
16081019 81.2797569444445 0.718383145226268 0.000317636768491139 1112.31103516
16081020 81.3002777777778 0.721251458314867 0.000405899604359578 1070.17700195
16081021 81.3213194444444 0.746614040604645 0.000403341353288286 1016.52062988
16081022 81.3349537037037 0.73322771390362 0.000296071705819856 978.85809326
16081023 81.3618171296296 0.71247030830187 0.000501492589223269 935.34826660
16081024 81.3775694444444 0.72649529159595 0.000661093160656236 893.81616211
16081025 81.3835185185185 0.729175892332832 0.000492705527730936 894.84802246
16081036 81.4623148148148 0.729232673109914 0.000242728366118312 1878.29187012
16081037 81.4871296296296 0.693492479498262 0.000361418501998158 1670.11450195
16081048 81.7198958333333 0.725657945789678 0.0003515301060185 1679.48706055
16081049 81.7318287037037 0.698628486055184 0.000267231192812868 1618.52148438
16081050 81.7538078703704 0.729123315181301 0.00026694943810302 1522.98876953
16081051 81.7770949074074 0.728967741827638 0.00274053204953414 1407.42077637
16081052 81.7804513888889 0.727398481996729 0.000281373445433734 1414.21386719
16081053 81.8018865740741 0.720794446816773 0.000284883456036079 1332.43969727
16081054 81.8239699074074 0.708350594838374 0.000375646973063738 1300.62414551
16081055 81.8399884259259 0.714103423422525 0.000286528285082581 1230.63024902
16081056 81.8627430555556 0.709936772258314 0.000294377547754784 1170.09484863
16081057 81.8848726851852 0.711376189298107 0.000278854485292232 1145.41638184
16081058 81.909375 0.713536187593631 0.000267403609066636 1115.32067871
16081059 81.9372337962963 0.719654506940898 0.000297443593330616 1055.30102539
16081060 81.963912037037 0.685228124987274 0.00030072699962279 1017.38049316
16081061 81.9871643518518 0.68723318909044 0.000305858999336433 999.75311279
16082001 82.0090625 0.702944613610886 0.000303781725868821 961.57452393
16082002 82.0324189814815 0.695055637138628 0.000476674618138771 938.70172119
16082011 82.1034606481482 0.743550094076389 0.000327759765914391 1879.40979004
16082012 82.1198032407407 0.718645426941765 0.000211523465943684 1695.82507324
16082013 82.1485069444444 0.716837922724906 0.00024805624651672 1605.62316895
16082014 82.172962962963 0.745456487034976 0.00460253117332916 1489.96923828
16082017 82.1808449074074 0.70084859789266 0.000790970401617874 1464.08679199
16082018 82.1838541666667 0.718953735030988 0.000269198842294783 1470.01989746
16082019 82.2064699074074 0.711841695738522 0.000273730798292397 1395.98461914
16082022 82.2534953703704 0.692346892285247 0.00027983239802469 1290.73559570
16082023 82.276400462963 0.707178207323864 0.000248984325876507 1209.04736328
16082024 82.3076041666667 0.594306500454049 0.000299600870709883 1145.24438477
16082025 82.3281365740741 0.700797704030803 0.000263764128741962 1140.94494629
16082026 82.359849537037 0.70482269874446 0.000275466399435511 1081.78540039
16082027 82.3911689814815 0.708697130743355 0.00039172434358802 990.98229980
16082028 82.4057638888889 0.71856311155368 0.000319481850636645 960.11267090
16082029 82.4275115740741 0.721711533349743 0.000612509664827375 955.72735596
16082039 82.621412037037 0.741838152908892 0.000278969019337541 1769.08691406
16082040 82.6397106481482 0.752647079907404 0.000292221253856056 1573.46398926
16082041 82.6611111111111 0.723269480911843 0.000281282718679717 1486.44372559
16082042 82.6828356481482 0.726780573451142 0.000293715731570151 1396.15661621
16082043 82.7045717592593 0.743687249264059 0.000593731551415022 1333.47143555
16082044 82.71125 0.73475665325945 0.00044709466550688 1320.22949219
16082045 82.7234606481482 0.74064300074001 0.000570910354411392 1295.12097168
16082046 82.7298032407407 0.730110544956432 0.000321459431198332 1263.21960449
16082047 82.749375 0.709956989700771 0.000294047675798758 1196.92297363
16082048 82.7712152777778 0.719851673263371 0.000306497393468144 1177.14575195
16082049 82.7919907407407 0.716212257348716 0.000295447876881449 1158.14257812
16082050 82.8135185185185 0.72153568206211 0.000305027521692254 1089.09423828
16082051 82.8350231481482 0.718315756967849 0.000310863278899812 1074.82043457
16082052 82.8565162037037 0.725249034699244 0.000362273562963505 1025.37731934
16082053 82.8749189814815 0.727679825780308 0.000315147253415982 1011.79138184
16082054 82.8966087962963 0.711753597049347 0.00034710952263977 969.65734863
16082055 82.9166435185185 0.712609006349127 0.000317468740619006 948.59033203
16082056 82.9383796296296 0.709887597510456 0.000321378015220112 947.12854004
16082057 82.9598032407407 0.704212889975415 0.000397904849518484 898.54547119
16083003 83.0430208333333 0.814517431715479 0.00121110274726832 1756.10266113
16083004 83.0469328703704 0.76209667894834 0.000278403943878322 1766.93725586
16083005 83.0689467592593 0.745923309967724 0.000302889241616768 1632.19360352
16083006 83.0842939814815 0.729855300255621 0.00027534247904911 1596.76647949
16083007 83.1060069444444 0.724092159449738 0.000274046350248068 1494.87048340
16083008 83.1292476851852 0.72047250380103 0.000280378695506792 1424.27441406
16083009 83.1507291666667 0.735458851824291 0.00037332471997437 1365.45886230
16083010 83.1695949074074 0.71872790993286 0.000290925017670384 1317.21984863
16083011 83.1912731481481 0.705646149089048 0.000288150135159348 1247.05383301
16083012 83.2131481481482 0.715455559196194 0.000295665933620654 1225.04101562
16083013 83.2354166666667 0.739980555557834 0.000307000107902782 1147.73803711
16083014 83.2569675925926 0.721979036911115 0.000292371571792843 1120.99597168
16083015 83.2808564814815 0.728552130347668 0.000519096074155509 1121.85571289
16083016 83.2913194444444 0.707523156282146 0.000297514409607753 1111.45117188
16083017 83.3146527777778 0.711649093098829 0.00046780011927319 1054.09729004
16083018 83.3250347222222 0.7151665282708 0.000316733744828974 1067.94140625
16083019 83.3465972222222 0.699407935416346 0.000859295461048244 1016.69256592
16083041 83.4663194444444 0.748639354328843 0.000302499210101364 1990.33435059
16083042 83.4889236111111 0.739131881424582 0.000266669042619244 1775.96582031
16083043 83.5106365740741 0.723213144020733 0.000305769316513052 1640.44848633
16083044 83.5258217592593 0.748170848650333 0.000722548487958401 1582.66467285
16083045 83.5339467592593 0.724785923158827 0.000356115728863643 1576.90344238
16083046 83.5475115740741 0.719056800276691 0.000275842053589383 1535.45690918
16083048 83.5760416666667 0.723627817425289 0.000589850304059244 1435.88269043
16083049 83.5851273148148 0.728822809358045 0.000437274410915644 1392.37304688
16083050 83.5954050925926 0.731897084032155 0.000381512731738533 1372.16589355
16083052 83.6120717592593 0.733193811232102 0.00029601435547592 1333.81542969
16083053 83.6337615740741 0.711754646896926 0.00028501157111984 1297.61462402
16083054 83.655474537037 0.741411975291121 0.000440188953836367 1268.72277832
16083055 83.6730439814815 0.706322892281948 0.000281746384569539 1116.00854492
16083056 83.6976736111111 0.730320362575501 0.000545181981052252 1105.77600098
16083057 83.7101851851852 0.715164424691946 0.000306292684253503 1056.07507324
16083058 83.731875 0.716948412479588 0.000309859863003691 1068.28527832
16083059 83.754224537037 0.719895720847476 0.000312496404955034 1050.82971191
16083060 83.7759837962963 0.7098703063486 0.000348595994966671 1020.47613525
16083068 83.8618171296296 0 0.0011252043887864 1760.05810547
16084003 84.0044212962963 0.727195480986326 0.00172615540263589 1495.21447754
16084004 84.0061689814815 0.755363351359642 0.000270577549475975 1468.55810547
16084005 84.0299884259259 0.731200767733647 0.00183634063118432 1389.10559082
16084006 84.0311574074074 0.72789666204386 0.000297139131329231 1397.10241699
16084007 84.0559375 0.744104904710211 0.000292726076133782 1343.96203613
16084008 84.0781944444444 0.745984941122321 0.000284800501071171 1267.43286133
16084009 84.102037037037 0.736540903383356 0.00030313866063072 1233.29602051
16084010 84.1238541666667 0.727361998530992 0.000370681766172289 1185.74462891
16084011 84.1412037037037 0.751173632157491 0.000427012101753514 1164.84960938
16084012 84.1525 0.732119394695494 0.000320028545705758 1146.27624512
16084013 84.1769097222222 0.724471484495577 0.000308431778880396 1120.04992676
16084014 84.1984722222222 0.721939351092719 0.000274423463510199 1091.07202148
16084015 84.2259490740741 0.723973562556675 0.000298548071258 1068.45727539
16084016 84.2488657407407 0.736674306993571 0.00191923532125677 1023.74359131
16084017 84.2500694444444 0.759555579933903 0.00442951704636488 1030.19274902
16084018 84.2529282407407 0.717733794567635 0.000338602944316646 1028.04296875
16085005 85.0508449074074 0.747383469266043 0.000620320740251082 2066.94995117
16085006 85.0545023148148 0.743808850660924 0.000242511760048611 1988.95849609
16085007 85.0761921296296 0.727695973446768 0.000882664170099611 1808.29760742
16085008 85.0851388888889 0.719421944102813 0.000599343665955687 1700.98437500
16085009 85.0900578703704 0.722213032071106 0.000236171471686268 1691.43945312
16085011 85.1213888888889 0.72415125983467 0.000302156346716502 1562.97314453
16085012 85.1419907407407 0.726880601179301 0.000372496753074125 1501.49157715
16085013 85.1530671296296 0.70528998101531 0.000322623636242548 1468.64404297
16085014 85.1725 0.708379555122877 0.000410751135008092 1395.55456543
16085023 85.2619907407407 0.767742494250727 0.000237061469582787 1922.91967773
16085024 85.2845023148148 0.735251875288859 0.000254579710120647 1693.07336426
16085025 85.3102893518518 0.736477659698527 0.000280388995679493 1549.21520996
16085026 85.3322453703704 0.728358683488934 0.000280199288049458 1471.05175781
16085027 85.354375 0.743797462254262 0.000329694512556279 1411.63439941
16085028 85.3742476851852 0.723637365836295 0.000282128498391488 1343.01611328
16085029 85.3967592592593 0.707263947257051 0.000287920772413022 1270.70043945
16085030 85.4189351851852 0.733149401446676 0.000376919065822047 1227.27673340
16085031 85.4328587962963 0.728584965862283 0.000300222952564902 1229.51232910
16085032 85.4546759259259 0.724919299085106 0.000294770294204191 1194.94531250
16085033 85.4768981481482 0.727976083672199 0.000342327976406184 1134.49584961
16085034 85.4939699074074 0.728232819383884 0.00131377514871877 1113.34289551
16085035 85.4992592592593 0.714979769098498 0.000310193848666114 1096.23132324
16085036 85.5209259259259 0.714552700123289 0.000260502335435317 1084.19299316
16085037 85.553900462963 0.726921316263763 0.000321201672241057 1039.73730469
16085051 85.6834259259259 0.708112713192504 0.000224644415740073 1798.75268555
16085052 85.7092013888889 0.734283593647162 0.000834530334152511 1559.44750977
16085053 85.7120833333333 0.736114054396918 0.00129338346791537 1564.86486816
16085054 85.7141319444444 0.728871081261128 0.000273394469781876 1583.00842285
16085055 85.7362962962963 0.713266242923279 0.000309728230247667 1493.15075684
16085056 85.7546180555556 0.684770930195314 0.00027922959308905 1402.51953125
16085057 85.7764351851852 0.669598867640175 0.000270547559405961 1373.54174805
16085058 85.8017592592593 0.683098667132819 0.000426017807570519 1308.79296875
16085061 85.8581134259259 0.718034326099087 0.000224289253636049 1930.22863770
16085062 85.8828125 0.715957420433404 0.00025128136082919 1695.48095703
16085065 85.9095023148148 0.720671411788947 0.000387763048495117 1516.79748535
16085067 85.9207523148148 0.714097799911391 0.000721772617017006 1474.40527344
16085069 85.9256018518519 0.723451680134895 0.000733465594154895 1446.02941895
16085070 85.9292939814815 0.706262356015763 0.000512983277240319 1437.60253906
16085071 85.9443402777778 0.703257019183623 0.000676473721920162 1418.68542480
16085072 85.9482175925926 0.713926686477549 0.000266712416024343 1396.67260742
16085073 85.9722685185185 0.70898380934819 0.00041757502940008 1329.17211914
16085074 85.9876736111111 0.709640007619194 0.000286770458501462 1289.61779785
16086001 86.0101157407407 0.702396199727016 0.00028542825550921 1233.20971680
16086002 86.0327314814815 0.720753670327938 0.000296093552322239 1206.20971680
16086003 86.0542939814815 0.693750814066713 0.000293312393318294 1158.74438477
16086004 86.0763773148148 0.712932171800409 0.000298162064546907 1132.08825684
16086005 86.0994560185185 0.689010569197058 0.000495814618497717 1103.45422363
16086006 86.1127546296296 0.698034404825655 0.000309777425935802 1064.93176270
16086007 86.1345601851852 0.676592334671392 0.000315084622809829 1055.64501953
16086008 86.15625 0.688039925097058 0.000356877603970108 1024.94750977
16086009 86.1796759259259 1242.14567068373 35.2312367119098 987.62878418
16086010 86.1805671296296 536.151189937042 16.1361355490878 991.06835938
16086024 86.23875 0.762955984677124 0.000247291302660352 2027.22338867
16086025 86.2619328703704 0.709932534448675 0.000220130692754953 1782.24291992
16086026 86.2880671296296 0.716143819234645 0.000263239246247965 1588.51159668
16086027 86.3108101851852 0.724036098019306 0.000281619069977262 1530.12573242
16086028 86.3333796296296 0.707100351715922 0.000281067976235994 1460.21752930
16086029 86.3596180555556 0.701183437748059 0.00134460386190345 1355.14038086
16086030 86.3613541666667 0.72622026727584 0.000277510364657775 1380.24877930
16086031 86.384375 0.706519018585979 0.000282512557158991 1338.71691895
16086032 86.4063888888889 0.715791960231396 0.000286468825682707 1272.85009766
16086033 86.428900462963 0.693825935157716 0.000291956082720755 1235.96142578
16086034 86.4521643518519 0.703866991737654 0.000310851335751179 1196.40710449
16086035 86.4721412037037 0.720417832452983 0.000432190443668044 1152.12341309
16086036 86.4859375 0.716755057822428 0.000305432584197979 1157.45458984
16086037 86.5077546296296 0.685286966140453 0.000365016664055045 1078.43176270
16086038 86.5235532407407 0.705845917732219 0.000361106759700858 1077.57189941
16086039 86.5380208333333 0.710313696514087 0.000313224276835688 1049.88391113
16086040 86.5599537037037 0.706476109836725 0.000297731809587393 1035.09399414
16086041 86.5840509259259 0.716563693835885 0.000300872338696477 1016.00469971
16086042 86.6088425925926 0.714572459819378 0.000474730622017473 1007.74993896
16086050 86.9105208333333 0.744985875847444 0.000298526703649071 1635.03125000
16086051 86.9321296296296 0.707574211522615 0.000301749196018607 1390.05139160
16086052 86.9535995370371 0.702163795012583 0.000490660314538903 1325.56066895
16086053 86.9650694444444 0.699825616465409 0.00028873108644063 1292.88525391
16086054 86.9868055555556 0.708017691373566 0.000289542785194956 1227.44860840
16087001 87.009212962963 0.710916502382166 0.000270839795893119 1217.64599609
16087002 87.0399768518518 0.710386436201426 0.000306268997575888 1144.55639648
16087003 87.0614814814815 0.694470601490312 0.000414423176644865 1127.27294922
16087004 87.0741666666667 0.689269973777829 0.000302379561294433 1085.05285645
16087005 87.0957407407407 0.684313504446989 0.00030802077093492 1063.72790527
16087006 87.1181365740741 0.683401395375035 0.000307514780850999 1040.76916504
16087007 87.1391898148148 0.700106515101173 0.000359359487604474 1025.37731934
16087008 87.1603356481481 0.699424673657134 0.000316099084995326 981.69567871
16087009 87.182974537037 0.688567368000881 0.000311642246718217 952.80371094
16087010 87.2063194444444 0.68918194168473 0.000342780614312635 933.54248047
16087011 87.2252546296296 0.682788732542991 0.000505327508892157 926.74945068
16087018 87.2917939814815 0.797434502590156 0.0012051223900519 1993.08605957
16087019 87.2953935185185 0.70348120413476 0.000249171022071535 1908.38769531
16087020 87.3177314814815 0.722417068070965 0.000386843914362082 1612.07238770
16087021 87.3277314814815 0.71304666185078 0.000274709901982839 1576.81713867
16087022 87.3495833333333 0.703218687115725 0.000275986294066724 1484.55212402
16087023 87.3713425925926 0.706492883651044 0.000282689258040394 1383.17236328
16087024 87.3930092592593 0.697338221808657 0.000322948741393276 1309.82495117
16087025 87.4127430555556 0.696482914084602 0.000287425651736348 1278.69726562
16087026 87.4343402777778 0.711568181558765 0.00029880146396445 1204.57580566
16087027 87.4560185185185 0.690667346893743 0.00029095085632676 1184.97070312
16087028 87.4784375 0.695475098131787 0.000329579274936249 1120.39392090
16087029 87.4975694444444 0.706029524844474 0.000307685776381351 1125.55322266
16087030 87.5192708333333 0.682755791615869 0.000313264086545359 1083.33312988
16087031 87.5422685185185 0.70790252930397 0.00031355792783778 1030.27868652
16087032 87.5639351851852 0.701543305470043 0.000299660079401303 976.96630859
16087033 87.5894212962963 0.691843751904511 0.000272994806933927 970.68920898
16087041 87.6864467592593 0.741975816274968 0.000268823526371998 1944.76062012
16087042 87.7082986111111 0.718225894665525 0.000254247991995656 1650.42321777
16087043 87.7299537037037 0.714956891185439 0.000280789073813273 1514.21789551
16087044 87.7521527777778 0.71163130953451 0.00036545597716804 1419.45910645
16087045 87.7679282407407 0.703686336259283 0.000282090499630516 1385.15002441
16087046 87.7913194444445 0.70128476862168 0.000268763468001144 1324.01281738
16087047 87.8156828703704 0.701724386682291 0.000544900312390558 1215.15234375
16087048 87.8261342592593 0.710470566208627 0.000300121744092718 1185.22863770
16087049 87.847662037037 0.702813327017008 0.000295117833064271 1170.00878906
16087050 87.870162037037 0.696966361737118 0.000309711466556805 1089.18029785
16087051 87.8916782407407 0.696600217675247 0.000302194697469086 1063.21203613
16087052 87.9145023148148 0.678553222760806 0.000329904417045865 1027.09716797
16087053 87.9393055555556 0.689009467889499 0.000322215663238448 982.98547363
16087054 87.9609606481482 0.70474564413033 0.000335408420734185 933.37048340
16087055 87.9818171296296 0.693550903170019 0.000322709810545098 941.79736328
16088001 88.003587962963 0.694234934671732 0.00043286582240144 899.40539551
16088013 88.3799305555556 0.71775157186387 0.000339142918382608 1306.04150391
16088014 88.3950694444444 0.71316029944557 0.00275859869060123 1269.15258789
16088015 88.3965740740741 0.736882306789869 0.00311924168448581 1253.76086426
16088016 88.3977314814815 0.708526048360836 0.000295661967365284 1269.49658203
16088017 88.4197916666667 0.721531363149346 0.000300338765627514 1176.54382324
16088018 88.4418402777778 0.70082363561298 0.000306271121079575 1100.70263672
16088019 88.4633912037037 0.693701429647276 0.000314545712929559 1071.12292480
16088020 88.4852083333333 0.701796633068733 0.000375682038434711 1012.13531494
16088021 88.5044328703704 0.712590799351316 0.000328147370513546 940.33551025
16088022 88.5260532407407 0.685655029673596 0.000324158434056705 892.61236572
16088023 88.5485416666667 0.693002712332382 0.000343539695388748 862.34466553
16088024 88.570150462963 0.685069516731233 0.00264510412172264 799.31567383
16088025 88.5721527777778 0.68668765555562 0.000333273179780125 828.72344971
16088026 88.5938657407407 0.673748593662114 0.000348539832460026 789.34118652
16088027 88.6144907407407 0.68140953983313 0.000554094473880916 775.66906738
16088028 88.625775462963 0.702321435716842 0.000352158662522715 763.02886963
16088029 88.6472685185185 0.67947032188161 0.000355753958057701 742.39178467
16088030 88.6690740740741 0.71070533458906 0.000364331793839288 699.56988525
16088031 88.6906944444444 0.68104458975953 0.000397148187726822 699.74188232
16088039 88.7539583333333 0.80130181806849 0.000327402897471955 1882.93518066
16088040 88.7814236111111 0.729380989517372 0.000291520610261754 1436.91455078
16088041 88.802962962963 0.721362059999213 0.000296238457728875 1337.68481445
16088042 88.8244791666667 0.723004133544546 0.000306039489283418 1238.71301270
16088043 88.8459259259259 0.707104462943077 0.000302540745213094 1176.80175781
16088044 88.8673379629629 0.715547472046416 0.000608663939929583 1142.83679199
16088045 88.8791087962963 0.722003959797442 0.000308290957947823 1112.31103516
16088046 88.9006828703704 0.687921427824589 0.000313277341372069 1030.88061523
16088047 88.9221412037037 0.701432327803924 0.000312867025713637 1015.31689453
16088048 88.9438078703704 0.702287302769521 0.000318763148143299 974.98858643
16088049 88.9654398148148 0.705638583756805 0.000579954603960791 922.79406738
16088050 88.9773148148148 0.6880787591339 0.000304160685764906 940.50750732
16089001 89.0055324074074 0.718782416284395 0.000604632455537348 883.92767334
16089002 89.0197106481481 0.742680738268282 0.0126416515545439 859.16314697
16089003 89.0243055555556 0.709010119604672 0.000483370510848045 854.34777832
16089004 89.0337615740741 0.693429100416778 0.000322775012593341 840.50378418
16089005 89.056724537037 0.686998776045206 0.00033061436726234 810.23608398
16089014 89.2633564814815 0.830651047910872 0.000382323937815258 1891.70593262
16089015 89.2849652777778 0.741390485064678 0.0003351485117357 1534.94104004
16089016 89.2992939814815 0.723292789785133 0.000290570109700666 1424.01647949
16089017 89.3209490740741 0.742207590457423 0.000302725737673571 1278.35327148
16089018 89.342662037037 0.713835337147527 0.00029591723811219 1212.57287598
16089019 89.3645023148148 0.721989320132174 0.000338497784641321 1137.07556152
16089020 89.3850462962963 0.722417070725139 0.000314584127335472 1101.13256836
16089021 89.4067245370371 0.762399679202928 0.00407887693281985 1025.20532227
16089023 89.4117476851852 0.705914686921452 0.00247384509972796 1026.66723633
16089024 89.4138078703704 0.734591358982859 0.000323663136058004 1034.83605957
16089026 89.4514699074074 0.713292242056131 0.000321963944866782 949.70819092
16089027 89.4737615740741 0.719130280900327 0.000332522041218578 916.17297363
16089028 89.4954398148148 0.721880838588877 0.000385515925485151 872.31927490
16089029 89.5146643518519 0.707519532695104 0.000359384447111739 859.24908447
16089030 89.5409490740741 0.711280209006474 0.000342792207167658 817.28710938
16089031 89.562662037037 0.711413707064462 0.00032052679658715 799.40167236
16089041 89.7601157407407 0.705107036248105 0.000233867808896613 1945.96447754
16089042 89.7815856481482 0.722139774965206 0.000251321241197562 1658.07604980
16089043 89.803125 0.722964240159481 0.000580056953861998 1581.03063965
16089044 89.8085069444444 0.717089624981103 0.000325940790534476 1551.53686523
16089045 89.8255787037037 0.740671394088359 0.000275702076179621 1465.03259277
16089046 89.8473263888889 0.705046397695232 0.000284204330064187 1367.17871094
16089047 89.868900462963 0.715749255562578 0.000877238514249333 1295.72277832
16089048 89.871724537037 0.703008646970573 0.000491394367677267 1267.60485840
16089049 89.8824884259259 0.706244228012144 0.000291178067939485 1254.87878418
16089050 89.9043287037037 0.722436582979861 0.000313726232347257 1187.20629883
16089051 89.924224537037 0.71578738002721 0.00029357904988646 1123.66137695
16089052 89.9481018518518 0.721959717508888 0.000302712736174442 1092.10388184
16089053 89.9701851851852 0.693798700702479 0.000304610059586168 1035.43798828
16089054 89.9930555555556 0.70138956589904 0.000531820812101044 995.53967285
16090001 90.0078009259259 0.697516664714144 0.000429049066001428 953.66369629
16090002 90.0197222222222 0.695602198108562 0.000312290633006728 941.79736328
16090003 90.0422685185185 0.693878038948586 0.000318768198665141 901.21112061
16090004 90.0648263888889 0.707628954009648 0.000337635688567258 874.72692871
16090005 90.0859490740741 0.695265055752079 0.000805696396000195 833.19476318
16090015 90.1456828703704 0.735806404202576 0.000222448550469454 1781.38305664
16090016 90.1723958333333 0.722074430157641 0.000459822742925569 1584.21228027
16090017 90.1801851851852 0.730667797603133 0.000281992368882138 1519.03308105
16090018 90.2026504629629 0.733714378332887 0.000274839791446737 1413.69799805
16090019 90.2256018518519 0.718257880592233 0.000287722474218775 1323.49682617
16090020 90.2484837962963 0.719911122362005 0.000356645792744496 1244.21618652
16090021 90.2669444444444 0.716923411301264 0.000292565567385128 1181.61718750
16090022 90.2896990740741 0.73333172320999 0.000316660895976541 1141.11694336
16090023 90.3111458333333 0.709510925960044 0.000312128411289193 1095.02746582
16090024 90.3327083333333 0.709735755729306 0.000309710583832913 1055.47302246
16090025 90.3543055555555 0.730164939895948 0.000321999676607202 993.13195801
16090026 90.3758564814815 0.688515856702245 0.000358286977167528 998.63519287
16090027 90.3932291666667 0.711039401335861 0.000352024185716066 957.53308105
16090028 90.4147685185185 0.71328667414951 0.000333367599587659 937.41186523
16090029 90.4363657407408 0.72339132258655 0.000329445475423323 884.52941895
16090030 90.458287037037 0.725839190443529 0.000458486290630592 874.38293457
16090038 90.5326041666667 0.756025412963585 0.000269303867348039 1911.39733887
16090039 90.5517939814815 0.72091301193979 0.00030051647046421 1620.06933594
16090041 90.7018634259259 0.737003837488711 0.000197068962743124 2059.81298828
16090042 90.736099537037 0.736363318246675 0.000278168857969911 1574.23767090
16090044 90.7599537037037 0.712935000867303 0.00032998022767208 1428.31579590
16090045 90.7753703703704 0.730228623477576 0.000275137102832948 1352.81872559
16090046 90.8015277777778 0.719887167755487 0.000257795029592756 1247.31188965
16090047 90.8346412037037 0.741887367776219 0.000316933232263088 1162.01196289
16090048 90.8560648148148 0.68534908609753 0.000299771349779746 1090.47009277
16090049 90.8776736111111 0.678307506958463 0.000404552238088885 1039.90930176
16090050 90.8950347222222 0.690744947218812 0.000307624380076075 1010.41552734
16090051 90.9168865740741 0.711893937974494 0.000323717762077233 959.68280029
16090052 90.9387615740741 0.71265464931721 0.000367311494852956 891.92449951
16090053 90.9559259259259 0.709821293052663 0.000414476975784818 878.08044434
16091003 91.0219212962963 0.713496565241823 0.000234752238218852 1958.43286133
16091004 91.0440972222222 0.712777262436053 0.000240780661952888 1730.82214355
16091005 91.0663773148148 0.710813363367178 0.0002741965235527 1573.46398926
16091006 91.0887268518518 0.707896287168691 0.000276499288654971 1445.08325195
16091007 91.1104976851852 0.695528294329222 0.000288711794309403 1314.89819336
16091008 91.1320949074074 0.697082927841973 0.000405242791424193 1228.39453125
16091009 91.1475462962963 0.700588970699633 0.000301914528781113 1181.78918457
16091010 91.1702083333333 0.699681504986463 0.000303654864278792 1092.53381348
16091011 91.1918171296296 0.694496228962044 0.000312478502384342 1020.47613525
16091012 91.2134375 0.698149384326015 0.000314794081934317 975.16058350
16091013 91.235474537037 0.697656445771989 0.000325429815794127 925.71765137
16091014 91.2571296296296 0.703603880295135 0.000376677758595413 881.86383057
16091036 91.7921412037037 547.674623638192 3.70925592901005 1530.81347656
16091037 91.7934143518518 774.80018860584 13.3488121875466 1472.51354980
16091038 91.7959953703704 521.644696716215 13.1055728954258 1455.14404297
16091049 91.8978125 1.24891699292026 0.00241834000311588 2004.95239258
16091050 91.9022800925926 1.24132784592366 0.00245587426497861 1885.77282715
16091051 91.904837962963 1.17801796618014 0.00570374742034703 1827.04284668
16091052 91.9058564814815 1.21609895148899 0.00057870503201704 1845.10034180
16091053 91.9147569444444 1.21167763781833 0.000796257894255816 1732.28393555
16091054 91.9225694444444 1.20971377013301 0.00163088106681379 1644.14599609
16091055 91.9256944444444 1.04570548418427 0.000468631464495295 1632.19360352
16091056 91.9357523148148 0.756708800889345 0.000708003905724341 1564.69287109
16091057 91.9403587962963 0.746200807653546 0.000498898841881513 1495.12841797
16091060 91.9528819444444 0.746071401111707 0.000466034701643016 1422.29663086
16091061 91.9614236111111 0.725738610807699 0.000392696224227942 1383.25842285
16091062 91.9726388888889 0.729910203826965 0.00028186246400384 1334.93334961
16091063 91.9960416666667 0.732032388121519 0.000300247860312502 1214.89453125
16092001 92.0225694444444 0.708374020165233 0.000294540312333103 1130.88439941
16092002 92.0446064814815 0.74241930395511 0.000471066285371482 1067.42541504
16092003 92.0581597222222 0.698520130364682 0.00058958641895982 1034.32019043
16092014 92.1361111111111 0.739129170402823 0.000239714666906229 2016.99072266
16092015 92.158287037037 0.745446289660905 0.000292112462924593 1689.37585449
16092016 92.1740393518518 0.741161666470196 0.000277999961635003 1563.14514160
16092017 92.1965972222222 0.735817237197734 0.000280856290249542 1438.54833984
16092018 92.2184722222222 0.711987086075826 0.00028395329664336 1328.14013672
16092019 92.2409606481481 0.729927878178937 0.000355668557490703 1233.03784180
16092020 92.2596875 0.727427949164251 0.000328002699028991 1201.13635254
16092021 92.2790625 0.725911485293176 0.000309758180287304 1119.36206055
16092022 92.3015972222222 0.718119229408242 0.000315158040696858 1056.41894531
16092023 92.3237847222222 0.711419253481732 0.000531984922859297 1013.25311279
16092031 92.4337037037037 0.719324542693878 0.000238258907348003 2090.85473633
16092033 92.4577199074074 0.736106364950748 0.000288280168680012 1798.15087891
16092034 92.4738078703704 0.713991386258621 0.000270079639873121 1599.00219727
16092035 92.4953472222222 0.714583182324568 0.000276926307053424 1468.30004883
16092036 92.5170486111111 0.712176869728824 0.000302637160400056 1346.71350098
16092037 92.5385300925926 0.703180539938682 0.000294867206242712 1205.77966309
16092040 92.5652662037037 0.752642948112367 0.00330953019114106 1122.97351074
16092042 92.5755671296296 0.692237788533547 0.000321709292695643 1058.99853516
16092044 92.5975462962963 0.709272424760767 0.000375607088217332 992.78802490
16092048 92.6213425925926 0.711243215796506 0.000412537090625655 924.16986084
16092049 92.6358333333333 0.70032372463674 0.000325585279681965 906.97229004
16092050 92.6573263888889 0.692529562171724 0.000335271510618606 850.47839355
16092051 92.6786111111111 0.699337344623512 0.000642934720354368 827.34765625
16092052 92.6879282407407 0.686420962452593 0.000335187394397527 813.76159668
16092053 92.7093402777778 0.724704846544298 0.000350340399275659 813.24566650
16092054 92.7313310185185 0.682792093175391 0.000341667348003989 772.48748779
16092055 92.7528356481482 0.688235416855055 0.000580338541797707 736.88854980
16092063 92.826724537037 0.737691668410582 0.000238930139471337 2051.90209961
16092064 92.8487268518518 0.733601964310374 0.000273044570679151 1759.97216797
16092065 92.8671296296296 0.738911201108735 0.000278227275950816 1612.93225098
16092066 92.8886458333333 0.741926841564681 0.00032928269460575 1518.86120605
16092067 92.9107986111111 0.730987180222202 0.000284111808029644 1428.57385254
16092068 92.9323726851852 0.713920318351336 0.000329730445144406 1355.74230957
16092069 92.9539583333333 0.740723572296029 0.000298453584920839 1281.36291504
16092070 92.975787037037 0.719367316695451 0.00030123933581826 1210.16528320
16092071 92.9980208333333 0.722520361500238 0.000302839798647361 1169.23498535
16093001 93.0199189814815 0.726149344262848 0.000303447567807636 1128.82067871
16093002 93.0420486111111 0.715210474467179 0.000309598877134041 1087.37463379
16093003 93.0641319444445 0.732117935384876 0.00053078844050379 1059.85852051
16093004 93.0766087962963 0.698125638407859 0.000364825007859976 1028.38696289
16093010 93.1431597222222 0.727861529923985 0.000227409594463324 2171.76953125
16093011 93.1666319444445 0.72634767741386 0.00021963475820178 1830.56835938
16093012 93.1933217592593 0.723938202784329 0.000279907693683674 1586.10375977
16093013 93.2156481481481 0.728752383935412 0.00028319023535998 1505.53295898
16093014 93.2382986111111 0.737861243507039 0.000284160859388081 1387.98767090
16093015 93.2603703703704 0.715244522638245 0.000901328999376139 1307.84716797
16093016 93.268912037037 0.73477316187755 0.000278972967470718 1260.12390137
16093017 93.2940856481482 0.723279863687255 0.000302014556747495 1226.67468262
16093018 93.3157523148148 0.706796058857945 0.00031988007296404 1153.49926758
