
16091058 91.9486458333333 559.784490447596 1.28529091367689e-10 1893298.12500000
16091059 91.9500810185185 513.158476647559 5.64394166709763e-11 1880028.00000000
16093061 93.8342939814815 533.48375482659 2.68414345407367e-11 1628336.12500000
16093064 93.8440625 516.577215987828 9.65663232713535e-12 1516151.00000000
16093065 93.8615972222222 535.292705479893 8.35902214722893e-12 1371626.37500000
16093066 93.881087962963 518.285736935063 4.82035740967163e-11 1244386.75000000
16093067 93.8848958333333 517.560322557798 1.19388344486283e-11 1263455.75000000
16093070 93.9056481481481 513.018553129764 1.16984673725186e-11 1169447.87500000
16093072 93.9267361111111 504.27370027791 1.2236766013263e-11 1104880.00000000
16093074 93.9498842592593 516.480092087616 1.1265614212986e-11 1029606.75000000
16093075 93.9714351851852 535.656300066987 2.07682294738112e-11 986227.00000000
16093076 93.9782291666667 533.882231953624 1.01698942500462e-11 979647.50000000
16093077 93.9953356481482 526.995599737614 1.0134467839078e-11 953664.37500000
16094001 94.0176967592593 523.235398590041 1.1333061079799e-11 919986.62500000
16094002 94.0356597222222 524.375972959156 9.55064839467381e-12 873930.75000000
16094003 94.0574537037037 497.509997606802 1.47636204694403e-11 834788.75000000
16094004 94.0737615740741 513.963030743901 1.33252577321931e-11 832781.50000000
16094005 94.0881944444445 518.952610450256 1.45205919475192e-11 798880.75000000
16094016 94.2751851851852 517.791401878162 1.15319403577929e-11 2355978.00000000
16094017 94.2984027777778 506.702774029031 1.5975647333543e-11 1886161.12500000
16094018 94.3219791666667 496.446328739073 6.15313802744238e-11 1714984.12500000
16094019 94.3292824074074 491.443195799983 1.48421559024573e-11 1667589.75000000
16094020 94.3515277777778 495.976590821914 1.43533157904145e-11 1538119.75000000
16094021 94.3728240740741 515.56414508147 1.33013083938783e-11 1503995.75000000
16094022 94.3942824074074 507.054986937703 1.46162563881914e-11 1378205.75000000
16094023 94.4113078703704 505.579841232404 3.54139121235485e-11 1379321.00000000
16094025 94.4189699074074 501.968305645108 1.27827906310441e-11 1349992.25000000
16094026 94.4403935185185 518.343364977504 1.185722373562e-11 1289550.50000000
16094027 94.4621412037037 499.693857614402 1.32934190556688e-11 1205578.87500000
16094028 94.4841898148148 511.681666215693 1.17169642281256e-11 1188851.62500000
16094029 94.5058796296296 527.083558956279 1.12186836767385e-11 1148817.37500000
16094030 94.5274884259259 505.977192784357 2.38201413328849e-11 1110121.25000000
16094032 94.5366435185185 514.382658683187 1.05848164784371e-11 1095847.25000000
16094033 94.5585416666667 497.251773026548 1.17059879586308e-11 1043992.25000000
16094034 94.5803240740741 499.696471518579 1.01155036192442e-11 1007192.00000000
16094035 94.6119675925926 500.988104374818 3.00751441312671e-11 955114.06250000
16094048 94.8701041666667 499.847257555051 1.29649013483782e-11 2062133.37500000
16094049 94.8912731481481 504.888725918417 1.60808160319332e-11 1835644.50000000
16094050 94.9127199074074 511.430340715406 1.50099523089139e-11 1676065.00000000
16094051 94.9339236111111 519.990415664048 1.32546927652499e-11 1525853.00000000
16094052 94.9554050925926 517.837944734777 1.51898853064416e-11 1487826.00000000
16094053 94.9767361111111 517.581584689567 1.67322758727765e-11 1412775.75000000
16094054 94.9924074074074 504.170287987201 1.25765837251238e-11 1340624.87500000
16095005 95.0469444444444 516.235274768147 1.84738375292439e-11 1214834.75000000
16095006 95.056099537037 508.046348093951 1.19987554481065e-11 1189409.25000000
16095007 95.0778356481482 512.417761682134 1.11809393767805e-11 1132536.12500000
16095008 95.1009375 497.325028166905 1.67019347079305e-11 1102315.12500000
16095017 95.1851736111111 536.216091322083 2.91530137520819e-11 2410509.50000000
16095018 95.1908564814815 526.713655884508 2.91317677668707e-11 2294309.75000000
16095019 95.1962962962963 532.225331391366 1.04028241256522e-11 2283493.00000000
16095020 95.2209722222222 514.263751671102 1.2917253862312e-11 1991766.87500000
16095025 95.2709722222222 522.948539715656 2.13117098060477e-11 1696360.87500000
16095027 95.2813657407407 532.836390534946 1.81118391816081e-11 1683090.62500000
16095028 95.2967476851852 515.822454084483 2.32903694498556e-11 1621979.75000000
16095029 95.3055787037037 523.191612882249 2.70403975573734e-11 1581945.50000000
16095030 95.3111805555556 508.072652568245 3.70861067331167e-11 1545256.75000000
16095031 95.3162731481481 522.811304729752 4.17894342265319e-11 1532432.37500000
16095032 95.3261111111111 509.953819259525 3.01889280066932e-11 1509683.12500000
16095033 95.3338078703704 519.76704493982 1.58535267732808e-11 1458051.50000000
16095034 95.3507175925926 514.304341086766 4.51321491626802e-11 1433852.50000000
16095035 95.3537268518518 511.236903173194 1.66454052934477e-11 1455486.37500000
16095038 95.3744444444444 509.676527640377 1.10047767431727e-11 1353784.00000000
16095039 95.3996412037037 516.880968038678 1.81457182238849e-11 1320886.50000000
16095041 95.4167592592593 514.445609386886 2.15133147209851e-11 1253865.50000000
16095042 95.4276157407407 518.474349118725 1.87170559075505e-11 1274942.00000000
16095043 95.4369444444444 524.394345724191 1.103573975622e-11 1218403.37500000
16095044 95.4583796296296 520.52185785887 1.26809389473709e-11 1178369.00000000
16095045 95.4797337962963 517.514220008213 1.08382926231986e-11 1142014.87500000
16095046 95.5013541666667 519.021787615635 1.73570807706736e-11 1103876.37500000
16095055 95.5969791666667 533.661060271555 1.29089494776674e-11 2605885.50000000
16095056 95.6230787037037 524.027985631539 2.8255497667564e-11 2196844.75000000
16095057 95.6349074074074 528.191304996252 5.50289038848153e-11 2061687.37500000
16095058 95.6431597222222 518.998296764799 1.4627320003711e-11 2013066.37500000
16095059 95.6646064814815 511.676324266841 1.47305436828564e-11 1897089.75000000
16095060 95.6868055555556 514.975069392788 1.36343625504061e-11 1764274.37500000
16095061 95.708287037037 516.862889675678 1.64990582169091e-11 1694019.12500000
16095062 95.7268865740741 514.609970176098 1.30137093883213e-11 1569790.25000000
16095063 95.7483680555555 520.293266250119 1.27004089131998e-11 1530090.62500000
16095064 95.769837962963 508.323072602668 1.2811357222055e-11 1486487.87500000
16095065 95.7913425925926 518.114000086111 1.61530961130082e-11 1413221.87500000
16095066 95.805474537037 504.583261907872 3.80334043503997e-11 1382443.37500000
16095067 95.8101273148148 521.34016328746 3.13305558554331e-11 1385343.00000000
16095069 95.8161458333333 507.576921255156 3.13071968942456e-11 1386011.87500000
16095070 95.8210185185185 522.374468863484 2.04013160671975e-11 1357909.87500000
16095071 95.8309953703704 519.325018063237 2.73311908075596e-11 1311519.25000000
16095072 95.8356712962963 512.095728428183 7.22226965816685e-11 1334045.50000000
16095073 95.8399884259259 512.04090491017 3.4408509393396e-11 1328804.12500000
16095074 95.8437731481481 520.865797456676 3.12185100052669e-11 1318544.75000000
16095075 95.8522222222222 517.205759499001 1.14089759283252e-11 1290554.37500000
16095076 95.8737037037037 506.537164930511 1.55409776924774e-11 1247955.12500000
16095077 95.8877083333333 515.064592818265 1.20692862310532e-11 1232119.87500000
16095078 95.909212962963 515.579907568368 1.1600575342159e-11 1176138.87500000
16095087 95.9931018518519 498.374669787214 1.6458810862053e-11 2609677.00000000
16096001 96.0159027777778 494.729555158562 1.50955043644632e-11 2329214.25000000
16096002 96.0365740740741 517.828917780853 1.54740707690611e-11 2079195.37500000
16096003 96.0518402777778 500.076889760822 1.81027858496277e-11 2007156.12500000
16096004 96.0739351851852 497.982638825347 1.77099495409945e-11 1909579.50000000
16096005 96.0906597222222 499.82765100995 2.19204029886837e-11 1807430.87500000
16096006 96.1047106481482 509.430260933263 1.70685596617266e-11 1748996.50000000
16096007 96.1167013888889 504.475717409589 1.07611360607759e-11 1687774.25000000
16096009 96.150787037037 509.141893181836 2.42613622960472e-11 1603468.12500000
16096011 96.1625231481481 493.916838348633 1.43407576493385e-11 1530759.62500000
16096012 96.1842592592593 511.560990836145 2.79586463371588e-11 1483588.37500000
16096019 96.2133680555556 504.713452918895 1.54305051702235e-11 1448349.50000000
16096021 96.2275578703703 491.586779848488 1.64292246147049e-11 1358132.87500000
16096023 96.2463425925926 508.057352256138 2.19040392026895e-11 1327354.50000000
16096024 96.2535416666667 513.995700393465 1.82895401492527e-11 1327131.37500000
16096025 96.2627893518518 506.078019497104 1.66935764879308e-11 1335718.12500000
16096026 96.2790046296296 493.902690508799 1.28503087192585e-11 1272265.62500000
16096027 96.300787037037 507.831058926457 1.29609543262094e-11 1185840.75000000
16096028 96.3230208333333 503.108964137292 1.60459161727098e-11 1212827.75000000
16096029 96.3350694444444 508.74637917474 1.61274807906276e-11 1183164.25000000
16096030 96.3477083333333 527.06437893221 1.09148476875564e-10 1180153.37500000
16096033 96.3515162037037 498.891230910296 1.2419706611119e-11 1167106.00000000
16096034 96.3731828703704 504.755033333688 2.93864680824779e-11 1119711.62500000
16096053 96.7210300925926 545.043999246901 1.27020848899509e-11 2458015.25000000
16096054 96.7422106481481 516.506121275032 1.51414740637336e-11 2192272.75000000
16096062 96.8286458333333 525.105654471496 1.34686381318171e-11 2736359.25000000
16096063 96.850150462963 522.042132425187 1.01092531886373e-11 2369360.00000000
16096064 96.8758333333333 506.364203182133 1.58364874015304e-11 2112315.75000000
16096065 96.8974305555555 512.930598975301 1.47318393737304e-11 1956081.75000000
16096066 96.9191203703704 526.287331856137 1.31528476296685e-11 1862631.37500000
16096067 96.9405787037037 519.090312191657 1.32472087298381e-11 1756468.12500000
16096068 96.9638657407407 499.030264771745 1.48178837369906e-11 1643613.87500000
16096069 96.9858217592593 523.820559570091 1.23457782299995e-11 1546706.50000000
16097001 97.0075347222222 507.225222727892 1.36533484307552e-11 1510463.75000000
16097002 97.0290740740741 515.584971403436 1.15202101240241e-11 1460393.25000000
16097003 97.050462962963 523.42417622282 1.15126032647653e-11 1401178.12500000
16097004 97.0724884259259 517.646145549852 1.53681468825184e-11 1362370.50000000
16097005 97.087349537037 523.208009034139 1.12373739532473e-11 1342074.62500000
16097006 97.108912037037 500.153117203403 1.24376045787331e-11 1276503.25000000
16097007 97.1307175925926 525.766026695308 1.09238150118766e-11 1234127.12500000
16097008 97.1521412037037 521.230128810021 1.09592196196544e-11 1207697.87500000
16097009 97.1734953703704 527.6318295273 1.08139511640872e-11 1168109.62500000
16097010 97.1952662037037 515.203913646743 1.25311174735257e-11 1139338.50000000
16097011 97.2152199074074 516.203273138086 1.1210847926373e-11 1100530.87500000
16097012 97.2367013888889 516.909590593513 1.11249832110517e-11 1071090.62500000
16097013 97.258287037037 522.736506614292 1.10898246401842e-11 1055367.00000000
16097014 97.2809375 523.185303334788 1.24696209612613e-11 1017451.50000000
16097015 97.3024537037037 527.938089775829 1.07119997937665e-11 994256.12500000
16097016 97.3239236111111 517.549673098259 1.4551555516705e-11 986003.93750000
16097029 97.4673032407407 723.423925764938 2.98305245961041e-12 2776839.50000000
16097030 97.48875 502.959303325819 1.20993377531616e-11 2334567.00000000
16097031 97.5098611111111 499.955430599071 1.7859222953719e-11 2110308.25000000
16097032 97.531875 497.698054500952 1.80566610450711e-11 1979723.12500000
16097033 97.5490046296296 495.054565707267 1.67825019082141e-11 1878466.62500000
16097035 97.5711574074074 502.965693539448 1.61965070301903e-11 1805758.12500000
16097036 97.5918402777778 502.532496640262 1.60235340761505e-11 1717326.00000000
16097037 97.6137847222222 496.875820098364 1.49352297725735e-11 1640714.37500000
16097038 97.6362037037037 506.302459264605 1.51462410552524e-11 1578377.00000000
16097039 97.6532175925926 504.82367722266 1.85952550435229e-11 1532655.50000000
16097041 97.6719444444444 507.354035532924 5.32590309211731e-11 1495186.12500000
16097042 97.6749189814815 497.007169053311 1.5124782586043e-11 1477678.25000000
16097044 97.6969675925926 492.335436063556 3.28803196424406e-11 1421920.00000000
16097045 97.702974537037 491.616878732307 1.87352928054929e-11 1425600.12500000
16097049 97.7520254629629 506.501789320426 1.28195085117798e-11 1314530.12500000
16097050 97.7742013888889 488.431774035412 1.29489297135883e-11 1273046.12500000
16097057 97.8575115740741 509.444823802351 1.60189425340924e-11 2580906.00000000
16097058 97.8790509259259 503.401054011277 1.29541354881807e-11 2237659.75000000
16097059 97.8997337962963 514.756728647589 2.70778778777959e-11 1998569.37500000
16097060 97.9137731481482 510.823428041672 1.48654953576347e-11 1870437.50000000
16097064 97.9530092592593 502.842475323288 1.43830292534838e-11 1535220.37500000
16097065 97.9746875 511.370829867979 2.31305375692533e-11 1446788.12500000
16097066 97.9955902777778 502.436673320478 1.42924396006425e-11 1363039.62500000
16098001 98.0173263888889 514.160252289056 1.22937263032963e-11 1306835.50000000
16098002 98.0392592592593 499.543194232288 1.35821622166522e-11 1223644.62500000
16098003 98.0610069444444 500.685826530771 1.31765429594967e-11 1164429.62500000
16098004 98.0827083333333 502.232938582834 1.52474917840637e-11 1086368.50000000
16098006 98.1100347222222 510.945943069597 1.13265124217403e-11 1064845.87500000
16098007 98.1336574074074 516.52760971284 2.88745849126223e-11 1007749.62500000
16098008 98.1406597222222 518.631929876923 1.11637046280088e-11 1005296.25000000
16098009 98.1625925925926 511.196565840068 1.17742605248585e-11 954668.00000000
16098010 98.1842939814815 508.022380142965 1.25545020224623e-11 907385.37500000
16098011 98.2059490740741 515.094677336362 1.24240245107308e-11 891215.62500000
16098012 98.2275810185185 525.88439619827 2.06990945881924e-11 876718.62500000
16098013 98.2358217592593 508.794046888248 1.07688444064721e-11 843821.50000000
16098014 98.2594791666667 510.619361217905 1.46085976818052e-11 823637.18750000
16098027 98.9877430555556 529.523710805967 1.34595404380643e-11 2720970.00000000
16099001 99.0088541666667 521.687788613612 9.56612946834201e-12 2286057.75000000
16099002 99.0396875 517.213920816936 1.64345233898741e-11 2046298.25000000
16099003 99.0614351851852 520.615765580998 1.36732504900911e-11 1907237.75000000
16099004 99.0831134259259 503.268243945382 1.38698585961638e-11 1812337.62500000
16099005 99.1047453703704 507.918795575862 5.06071770764132e-11 1684094.37500000
16099006 99.1113310185185 507.344192968164 1.25486403288802e-11 1682756.00000000
16099007 99.1335416666667 511.121439063653 1.35385139220191e-11 1598115.37500000
16099008 99.1547222222222 522.892780607576 1.13897760408987e-11 1533659.00000000
16099009 99.1771064814815 512.375412191272 1.24143537073912e-11 1451917.87500000
16099010 99.1988541666667 514.351307587633 1.17677056818139e-11 1415563.62500000
16099011 99.2208217592593 494.223919233223 1.75246156406772e-11 1360697.75000000
16099012 99.2356712962963 519.740341662701 9.21623517602524e-12 1344862.50000000
16099013 99.2672685185185 515.84089596285 1.07717376615741e-11 1279402.62500000
16099014 99.2957407407408 520.885094864107 9.17381882639577e-12 1215392.37500000
16099024 99.4418171296296 507.68764703064 1.14930564830483e-11 2361331.00000000
16099025 99.4636805555556 506.680793206948 1.56486595076673e-11 2100941.00000000
16099026 99.4882175925926 507.870252845885 1.81617112389556e-11 1916716.62500000
16099027 99.5101736111111 494.752350207043 1.38486494839736e-11 1820701.25000000
16099028 99.5338541666667 502.537110328662 1.42548472357629e-11 1706843.50000000
16099029 99.5557638888889 503.064164093682 2.58975373041378e-11 1617407.62500000
16099030 99.5649421296296 509.105829884524 1.25309102448978e-11 1566890.87500000
16099033 99.5893634259259 419.566245852918 6.29879543678213e-11 1521392.25000000
16099042 99.6754282407407 508.863471467884 1.80767234814678e-11 2785203.25000000
16099043 99.6970717592592 496.053928232087 1.39014024387458e-11 2467048.00000000
16099046 99.7219675925926 513.029084597623 1.4616889236522e-11 2199521.25000000
16099048 99.7411921296297 502.717389725597 1.54189244261167e-11 2096480.37500000
16099049 99.765 486.353055563708 1.92105382906523e-11 1973255.12500000
16099050 99.7835416666667 507.913254404539 1.89015987556027e-11 1884377.00000000
16099051 99.8000810185185 497.850797745507 1.48443055877905e-11 1848803.37500000
16099053 99.8258101851852 493.760872731666 1.60700022584643e-11 1702382.87500000
16099054 99.8468402777778 492.434321083341 1.39587980796823e-11 1656549.75000000
16099055 99.8683796296296 510.353208434427 1.4739154417938e-11 1585625.62500000
16099056 99.889849537037 508.189669490327 1.27054240293723e-11 1562095.62500000
16099057 99.9113078703704 507.093212784328 1.74467503178637e-11 1516151.00000000
16099059 99.9275578703704 495.184825678889 1.41992585012976e-11 1472771.50000000
16099060 99.9598611111111 494.068301528931 1.22958740330877e-11 1343412.75000000
16099061 99.982337962963 518.547242816274 9.84784626352439e-12 1314641.75000000
16100051 100.386018518519 505.515267279589 1.4170416088621e-11 1548379.12500000
16100052 100.40525462963 501.887299193711 1.51508820620487e-11 1529867.62500000
16100053 100.423819444444 495.953953491402 2.13258787025508e-11 1433183.12500000
16100054 100.438113425926 494.116474363378 1.25627740890532e-11 1441435.25000000
16100055 100.464201388889 504.861220294448 1.66637251712503e-11 1397832.62500000
16100056 100.482222222222 503.292457045634 1.36830040590132e-11 1438647.62500000
16100069 100.639224537037 499.29251397923 1.35485080165476e-11 2457457.75000000
16100070 100.661493055556 505.394995373712 1.53075900341056e-11 2184355.25000000
16100071 100.683032407407 498.050228658983 1.68282450735979e-11 2089008.87500000
16100072 100.703159722222 501.089307351284 2.96169460155329e-11 1999461.37500000
16100073 100.713657407407 499.720252545894 1.41847480382195e-11 1921177.25000000
16100074 100.735914351852 496.225417371892 1.35154459821019e-11 1817913.37500000
16100077 100.783055555556 497.210933368208 1.40063457698606e-11 1654988.75000000
16100078 100.804560185185 510.724656213712 1.33009914479817e-11 1590197.75000000
16100079 100.826435185185 502.75577283534 1.40960716659976e-11 1548602.25000000
16100080 100.844907407407 504.567898450606 1.41611544261096e-11 1475001.87500000
16100081 100.866400462963 513.840049806152 1.79828942730637e-11 1464184.62500000
16100082 100.877349537037 484.44081891666 1.35968896421513e-11 1445338.37500000
16100083 100.901168981481 492.060791100909 2.17404671462348e-11 1349211.62500000
16100084 100.911898148148 511.990897567319 1.59427164455027e-11 1340290.37500000
16100085 100.925393518519 505.266296751946 4.56808237756163e-11 1339286.62500000
16100086 100.931655092593 503.472681909051 2.20302610376823e-11 1326573.87500000
16100088 100.947592592593 494.964248119814 2.69435976522968e-11 1285870.50000000
16101002 101.072141203704 526.260124478879 1.54865846631632e-11 2760669.75000000
16101003 101.093113425926 514.314844090655 1.3063804138628e-11 2404041.75000000
16101004 101.118726851852 508.962766681014 1.31989146742478e-11 2207773.25000000
16101005 101.140138888889 521.56738154503 2.52173829894056e-11 2127816.50000000
16101006 101.1546875 506.621507677864 1.87920896693046e-11 2031689.62500000
16101007 101.166087962963 498.047911810185 1.58952893934832e-11 2011951.25000000
16101008 101.187962962963 507.59786707923 1.27497917370088e-11 1892629.12500000
16101009 101.21224537037 508.892107920766 1.24376203975067e-11 1806427.25000000
16101010 101.233981481481 517.653095218733 2.28915103241118e-11 1749554.12500000
16101011 101.240173611111 518.517760093818 2.09344533907594e-11 1713088.37500000
16101012 101.248229166667 505.049137706373 2.5287290678771e-11 1666474.62500000
16101013 101.262581018519 512.146667058538 1.24789346967449e-11 1663798.25000000
16101014 101.286203703704 506.211113365878 1.22919923280919e-11 1572466.62500000
16101015 101.308055555556 506.681794628269 2.6725294246155e-11 1569790.25000000
16101016 101.313981481481 493.932387096293 1.90221204305457e-11 1507006.75000000
16101018 101.332071759259 504.659125541249 2.11097247112499e-11 1506449.12500000
16101019 101.346712962963 509.696449387017 1.11415060957288e-11 1478904.75000000
16101020 101.372372685185 523.69548594138 5.31639834146097e-10 1428945.75000000
16101021 101.379236111111 509.144662993139 1.41972360222296e-11 1405861.75000000
16101022 101.389641203704 510.003706250173 2.07657484301105e-11 1401178.12500000
16101030 101.574571759259 493.968214672015 1.54081798809998e-11 2832374.50000000
16101031 101.595949074074 507.903241407283 2.40885607155352e-11 2431363.00000000
16101032 101.603402777778 502.857495598761 1.44757136928668e-11 2327987.50000000
16101034 101.618449074074 503.839755752613 1.6748602056515e-11 2157925.75000000
16101035 101.629918981481 502.561417771163 1.64491972805635e-11 2114100.00000000
16101036 101.651770833333 497.544995593614 1.91137915437148e-11 1962772.75000000
16101037 101.673472222222 496.723912976465 1.593718829133e-11 1894190.37500000
16101038 101.694976851852 514.825474714482 3.93859510151965e-11 1802747.25000000
16101039 101.697777777778 506.722154396221 1.40097744623194e-11 1781336.37500000
16101040 101.721018518519 488.42609316888 1.56136300009225e-11 1658445.50000000
16101041 101.740844907407 502.583618742607 1.37892663201211e-11 1581499.50000000
16101042 101.763252314815 509.961946284067 1.24859993336833e-11 1566779.37500000
16101043 101.785081018519 490.233200693739 1.46843261861729e-11 1527302.75000000
16101044 101.8065625 510.115195752716 1.2909042250763e-11 1459389.50000000
16101045 101.824375 506.137250937054 1.52965860586902e-11 1422143.00000000
16101046 101.84630787037 494.185434220005 1.30211565108313e-11 1357686.87500000
16101047 101.867847222222 499.578503715468 1.18361945345772e-11 1341963.12500000
16101048 101.891423611111 496.108253797719 1.51144054179949e-11 1321109.62500000
16101057 101.975694444444 507.611915194443 1.71321344141879e-11 2763457.75000000
16101058 101.997881944444 497.90791855702 1.48787322249051e-11 2436827.50000000
16102001 102.019641203704 490.950324834222 2.16289838060038e-11 2256617.50000000
16102002 102.027847222222 495.91374561961 1.34241640533198e-11 2222382.00000000
16102003 102.05162037037 489.186737429481 2.63857562161338e-11 2060237.62500000
16102004 102.057939814815 497.133060795323 2.30242672508546e-11 2042729.62500000
16102005 102.070127314815 500.852205473283 1.55873996929905e-11 1988867.50000000
16102007 102.106226851852 493.857338371466 4.40683960951875e-11 1817913.37500000
16102010 102.129872685185 504.133447808285 1.992450013489e-11 1737175.75000000
16102012 102.148796296296 496.440389421352 1.38107128228855e-11 1681306.25000000
16102014 102.175891203704 490.674501501968 1.43646206782863e-11 1651197.00000000
16102015 102.197615740741 503.627211673805 1.39002690226643e-11 1581276.37500000
16102016 102.220868055556 502.823058585989 1.25863775453138e-11 1505445.62500000
16102017 102.242719907407 507.491551447442 1.14629896389302e-11 1460839.12500000
16102018 102.265844907407 498.929451540261 1.29199551615402e-11 1402739.25000000
16102019 102.287696759259 486.013198154562 1.88325478060625e-11 1341517.25000000
16102020 102.299328703704 511.642344294535 2.60695710934153e-11 1361813.00000000
16102032 102.386446759259 511.918155779995 1.46796183885273e-11 2806614.25000000
16102033 102.407974537037 520.220624733181 1.27764141929063e-11 2430805.25000000
16102034 102.429641203704 519.602210376773 1.35362904318918e-11 2229073.00000000
16102035 102.450949074074 510.487505701993 2.43038124843428e-11 2089789.50000000
16102036 102.465162037037 513.804028761922 1.53847714610463e-11 2017081.00000000
16102038 102.487893518519 513.704426161819 1.43223443949595e-11 1860066.50000000
16102039 102.511064814815 505.917339919009 1.36737857204754e-11 1815571.50000000
16102040 102.532511574074 511.577336139805 1.24621034140708e-11 1733161.12500000
16102041 102.554803240741 508.247211334586 1.28096748992257e-11 1649189.75000000
16102042 102.576701388889 516.970860293778 2.30490230972379e-11 1605586.87500000
16102043 102.585740740741 505.611315819546 1.26488966245423e-11 1564549.00000000
16102044 102.607361111111 516.474196936909 2.46227093601637e-11 1512917.12500000
16102045 102.613449074074 506.038459818891 1.56387187455284e-11 1500315.87500000
16102046 102.633009259259 511.628659281949 1.19128656563991e-11 1459612.50000000
16102047 102.6546875 510.205017006363 1.35387695749182e-11 1381774.25000000
16102048 102.675173611111 502.004177540045 1.22147110199297e-11 1359917.12500000
16102049 102.697511574074 525.699404956981 3.57059795858239e-11 1338060.00000000
16102053 102.754108796296 525.819681874598 1.76359892712488e-11 2874304.50000000
16102054 102.77462962963 515.752032593263 2.2307614331545e-11 2476080.75000000
16102055 102.786215277778 496.208718829852 1.23065316114289e-11 2333898.00000000
16102056 102.807858796296 515.687135379486 1.48801187541194e-11 2054327.37500000
16102058 102.836967592593 519.920850886383 1.23835954747837e-11 1801186.00000000
16102059 102.857673611111 506.520493302111 1.38494408217993e-11 1694576.75000000
16102060 102.877210648148 518.223802196811 4.90667145165339e-11 1610270.62500000
16102061 102.879270833333 510.473203680727 2.59216712537645e-11 1596331.12500000
16102062 102.892881944444 496.953046025802 1.41053284241026e-11 1504776.37500000
16102063 102.912766203704 505.66704245598 1.2114701252315e-11 1456936.12500000
16102064 102.935844907407 515.106001027443 1.20361411954719e-11 1381328.25000000
16102065 102.95744212963 514.091584483431 1.6401135127867e-11 1301371.25000000
16102066 102.970439814815 492.344300384545 2.64871302551891e-11 1292784.62500000
16103002 103.081203703704 492.511491871427 1.5517506463909e-11 2839288.50000000
16103003 103.102824074074 506.407566066253 1.23779553695709e-11 2458015.25000000
16103005 103.142314814815 491.756959071755 1.28883593589997e-11 2122575.25000000
16103006 103.1640625 497.111697795642 2.07987059351053e-11 2013847.00000000
16103007 103.172928240741 490.493804002809 1.60665047310236e-11 2024664.12500000
16103008 103.194525462963 509.901851794254 3.47403580404117e-11 1871887.12500000
16103009 103.201041666667 500.740866074592 1.54453214141425e-11 1867984.12500000
16103010 103.222696759259 498.747282827769 1.54460643720211e-11 1776094.87500000
16103011 103.244189814815 494.103144094218 1.3473597962839e-11 1756802.62500000
16103012 103.266053240741 496.872732678417 1.28639510488369e-11 1640602.87500000
16103013 103.289710648148 505.486317052398 1.40015517763022e-11 1592316.50000000
16103014 103.311423611111 495.240132874265 1.53650817210547e-11 1543249.37500000
16103015 103.330821759259 500.877189919686 1.25659699261732e-11 1492398.12500000
16103016 103.353194444444 498.685173929937 1.2592043579266e-11 1422700.75000000
16103017 103.377685185185 509.961602205689 1.15905838043791e-11 1422812.25000000
16103018 103.400578703704 510.561117169322 1.60853293084541e-11 1385120.00000000
16103029 103.501412037037 496.486132022078 1.50181314375581e-11 2522360.00000000
16103031 103.540069444444 505.697258365572 2.83504528775727e-11 2059568.62500000
16103032 103.544039351852 509.657552686007 1.93927576471035e-11 2046744.25000000
16103033 103.563368055556 499.989466722005 1.60527915497101e-11 1941473.12500000
16103034 103.584895833333 492.575266013855 1.41187283023225e-11 1827838.25000000
16103035 103.607905092593 489.495118097744 1.8264530103135e-11 1748885.00000000
16103036 103.624166666667 488.543498979841 1.58796018314368e-11 1720894.37500000
16103038 103.669837962963 498.575841484244 1.41462942943768e-11 1585625.62500000
16103039 103.693356481481 496.879258396285 1.33474075102646e-11 1478235.62500000
16103040 103.716597222222 494.219178389514 2.68497493377593e-11 1448238.00000000
16103041 103.725219907407 504.982516070986 1.43754521373683e-11 1467084.00000000
16103042 103.742199074074 503.163886579339 2.02392377331608e-11 1442662.00000000
16103043 103.751435185185 502.215191422447 1.36228655180745e-11 1407534.37500000
16103044 103.773449074074 502.20728153255 1.40080879560927e-11 1340513.37500000
16103045 103.795949074074 509.356861461176 1.27415281218559e-11 1295349.62500000
16103046 103.816157407407 506.908528859763 1.19381571594109e-11 1269031.62500000
16103047 103.837685185185 505.441958076653 1.20973856019125e-11 1247955.12500000
16103048 103.859953703704 512.129518747928 1.53706449093482e-11 1204798.37500000
16103051 103.941319444444 492.409084329818 1.69311371435693e-11 2792451.75000000
16103052 103.962800925926 494.396327946233 1.33064500952148e-11 2337243.50000000
16103053 103.986157407407 477.62827304314 1.39035334826867e-11 2174430.00000000
16104002 104.010902777778 2204910.93228533 1.85728408046305e-06 2062245.00000000
16104005 104.025509259259 485.109347301248 1.12362675468308e-11 2002918.37500000
16104006 104.048958333333 477.96235454297 5.77112599313263e-11 1913482.62500000
16104010 104.151516203704 504.26952040299 1.64402187314146e-11 2765464.75000000
16104011 104.172731481481 494.991935782271 1.42242318703658e-11 2396124.00000000
16104012 104.194976851852 601.687748440821 1.33284509955418e-10 2195172.00000000
16104013 104.199398148148 533.951570391924 2.18685143387433e-10 2184578.25000000
16104014 104.202673611111 492.83118688648 2.69036583707153e-10 2151792.50000000
16104015 104.206319444444 490.953999056436 1.30994858137778e-11 2123690.25000000
16104016 104.228171296296 500.682389764117 1.68946350472139e-11 1994666.25000000
16104017 104.250162037037 496.312692845575 1.68539931728798e-11 1909914.12500000
16104018 104.269502314815 499.630152721556 1.45988663609684e-11 1799401.75000000
16104019 104.294363425926 498.274648743501 1.48757409394076e-11 1723013.50000000
16104020 104.316122685185 499.474524097173 1.51895920284151e-11 1677403.12500000
16104021 104.338136574074 493.48773634142 1.35684899725869e-11 1624990.75000000
16104022 104.359861111111 489.526959383816 3.44350350924105e-09 1552170.75000000
16104023 104.361909722222 508.816293247461 2.89659400020794e-11 1561872.62500000
16104024 104.367222222222 509.603004236747 3.58353817544908e-11 1723124.75000000
16104025 104.370532407407 499.951224266992 2.14912118260671e-11 1517154.75000000
16104026 104.381851851852 500.155019798227 5.18230840541127e-11 1516151.00000000
16104027 104.384664351852 503.068151298339 1.44013771942982e-11 1497862.50000000
16104029 104.404270833333 502.350053591075 1.34433853280534e-11 1467530.12500000
16104031 104.42693287037 489.338988319601 5.00040720434582e-10 1453144.75000000
16104032 104.439201388889 499.474292515759 3.85729732019135e-11 1381105.25000000
16104034 104.442824074074 503.346528821052 9.89593426119759e-12 1391030.12500000
16104035 104.464386574074 497.071156241245 1.33223088998376e-11 1371403.37500000
16104044 104.550416666667 520.633211365418 2.00668757185947e-11 2933185.00000000
16104045 104.5746875 488.195582429335 1.37107651839089e-11 2556260.75000000
16104046 104.596527777778 502.543662763423 5.31340669206046e-11 2294532.75000000
16104047 104.601875 499.97376947199 1.89533781100812e-11 2269553.25000000
16104048 104.624085648148 510.398762715776 6.79202492028177e-11 2085663.37500000
16104049 104.629548611111 505.880612522109 1.50194388398607e-11 2067374.75000000
16104050 104.654583333333 495.67858781228 1.56883440627006e-11 1912032.87500000
16104051 104.683506944444 491.263193020224 1.53453850599734e-11 1824381.37500000
16104052 104.709583333333 497.907062370007 1.66080163021543e-11 1708962.25000000
16104053 104.73130787037 497.203556707192 1.46204197315345e-11 1661791.00000000
16104054 104.75337962963 498.568619596111 1.39302857537133e-11 1576815.75000000
16104055 104.775694444444 490.880885495761 1.48696224908183e-11 1528641.12500000
16104056 104.798136574074 497.006072157388 3.07212129395411e-11 1498308.50000000
16104057 104.803449074074 496.75214234726 1.24346599353098e-11 1475113.37500000
16104058 104.829606481481 506.811743207391 1.18257287731374e-11 1392591.50000000
16104059 104.852025462963 509.040079841831 1.21037692929792e-11 1359248.12500000
16104060 104.875185185185 506.479698627315 1.69960444066413e-11 1337614.00000000
16105038 105.843310185185 514.698351020757 2.06663763531299e-11 2814420.50000000
16105039 105.866435185185 507.88599778383 1.2340718381603e-11 2462141.25000000
16105040 105.891527777778 519.994189715123 1.09303923273517e-11 2206992.75000000
16105041 105.913969907407 512.194014823005 1.90478447900916e-11 2131942.50000000
16105042 105.935439814815 515.400503786402 1.72786780862041e-11 1966898.75000000
16105043 105.957106481481 529.755100439957 4.2539028434475e-11 1878132.00000000
16105044 105.962986111111 520.086389869871 2.69223043820372e-11 1820924.25000000
16105045 105.982916666667 498.540624367747 2.4309609771426e-11 1752453.50000000
16105046 105.992210648148 526.592202045109 1.37066436593289e-11 1726581.87500000
16106001 106.014502314815 526.858676831213 1.4155208814359e-11 1651531.50000000
16106002 106.036678240741 507.6006736329 1.56148566464855e-11 1572132.12500000
16106003 106.058206018519 500.878330193428 1.55076348876721e-11 1538008.25000000
16106004 106.079756944444 534.498537350139 1.90478286632714e-11 1479462.25000000
16106005 106.09181712963 525.387277924893 1.82786543609289e-11 1456043.87500000
16106006 106.10193287037 516.155032734453 2.32755851776486e-11 1429280.00000000
16106007 106.110891203704 520.859178685157 2.04566388158954e-11 1390695.62500000
16106008 106.123240740741 521.625945668408 1.09658376147649e-11 1370622.87500000
16106009 106.151319444444 519.88793646747 1.56412945294561e-11 1325124.25000000
16106014 106.253159722222 547.020838829716 2.34332474520959e-11 2957607.00000000
16106015 106.275231481481 538.168180504906 1.24240206134738e-11 2538306.75000000
16106016 106.297141203704 541.040246300129 1.03661492202583e-11 2266096.25000000
16106017 106.322407407407 511.847873582399 3.19133177358581e-11 2018865.37500000
16106018 106.326388888889 506.525578582463 1.42049962239299e-11 2011839.62500000
16106019 106.351377314815 512.352720321264 1.1877677747322e-11 1896197.62500000
16106020 106.385706018519 512.602699638341 1.30930160839219e-11 1738737.12500000
16106021 106.4075 512.358787620238 1.30655206112276e-11 1655769.12500000
16106024 106.454791666667 515.248685956574 4.2039411464095e-11 1546037.25000000
16106025 106.458912037037 510.104028556761 2.29872628456547e-11 1534328.25000000
16106026 106.468842592593 510.556438040877 1.31732615907918e-11 1505445.62500000
16106027 106.490775462963 517.385653057887 1.4184030002407e-11 1432960.12500000
16106028 106.507893518519 520.00271686148 1.09689419424544e-11 1439428.12500000
16106029 106.529548611111 523.672350619087 1.38842035344608e-11 1378428.87500000
16106031 106.559537037037 514.357465184801 5.5530520502803e-11 1294122.75000000
16106032 106.564560185185 492.749688051526 1.46443523835023e-11 1105437.62500000
16106033 106.587037037037 517.084434428374 2.04691164419796e-11 1285647.62500000
16106036 106.634224537037 523.404409521406 9.97982763220703e-12 1150155.62500000
16106045 106.784108796296 521.363991329951 2.055734239696e-11 2915119.75000000
16106048 106.808761574074 504.738822928684 1.07741530565154e-11 2428463.50000000
16106049 106.835763888889 528.14059518104 2.07348813945285e-11 2102167.75000000
16106050 106.852199074074 505.900928398622 3.53903745930177e-11 1959427.12500000
16106051 106.857280092593 507.821719406281 1.54120431013998e-11 1924188.12500000
16106052 106.878865740741 511.39044672006 3.02365054092836e-11 1814233.37500000
16106053 106.887025462963 520.264716773973 3.67838352104635e-11 1802189.62500000
16106054 106.89150462963 504.625004879243 1.51107246322513e-11 1793156.87500000
16106058 106.947731481481 519.611745469249 1.21968480188015e-11 1580161.25000000
16107004 107.073136574074 576.674741473208 7.44938084674315e-11 3120755.00000000
16107005 107.095150462963 572.974499360475 2.27545691494287e-11 2679820.75000000
16107006 107.117696759259 513.979118412866 1.69048093566343e-11 2354194.00000000
16107007 107.148206018519 500.23803719035 1.18336367716354e-11 2144097.75000000
16107008 107.169965277778 512.688394337452 1.42703454612938e-10 2061129.87500000
16107010 107.172546296296 504.245777548655 1.49254535991336e-11 2006821.50000000
16107011 107.194976851852 503.182302225224 7.51708489353268e-11 1934113.12500000
16107012 107.19900462963 506.804255400662 1.46983119492657e-11 1884153.87500000
16107013 107.221458333333 492.635497217806 1.5688862493007e-11 1778325.25000000
16107014 107.243425925926 494.959288809582 1.50456611266767e-11 1710300.50000000
16107015 107.265034722222 502.78549584119 1.20552590087356e-11 1665582.62500000
16107016 107.295532407407 509.209131068611 1.11124221542118e-11 1598561.37500000
16107017 107.329826388889 513.155430666658 1.57959765905155e-10 1498643.12500000
16107018 107.336134259259 506.014537378464 1.73806486842758e-11 1507118.25000000
16107020 107.346840277778 504.207273449307 1.29496157954577e-11 1453367.75000000
16107021 107.369108796296 512.394901275671 1.16467938304063e-11 1419912.75000000
16107022 107.394166666667 496.332576541736 1.34122516350719e-11 1387461.62500000
16107042 107.782673611111 539.377078233575 9.23650095080845e-11 2571761.50000000
16107047 107.792847222222 523.283542132776 1.13353815067543e-11 2318732.00000000
16107048 107.816863425926 523.579794189749 2.36830710463391e-11 2013512.62500000
16107052 107.845428240741 513.105076573198 1.90135612318002e-11 1745427.87500000
16107054 107.865659722222 513.926904186217 7.33713303792246e-11 1601014.75000000
16107055 107.867106481481 497.696039829851 1.34077361322511e-11 1628670.62500000
16107058 107.896550925926 501.452367739834 2.08892304151418e-11 1511579.12500000
16107060 107.910439814815 501.064719220267 1.15995263016555e-11 1501096.37500000
16107061 107.937326388889 510.373436772865 1.24031777611693e-11 1386792.50000000
16107062 107.958773148148 506.533183091269 1.21077453281385e-11 1353895.25000000
16107063 107.982523148148 510.547717336379 1.09011559476948e-11 1297691.37500000
16108001 108.008229166667 500.650544414055 1.18666674503069e-11 1268808.50000000
16108002 108.035011574074 511.058644926858 1.08599165149155e-11 1166771.62500000
16108003 108.059305555556 510.048418260544 1.22287810770384e-11 1122053.50000000
16108004 108.082488425926 495.44771042598 1.19483106022005e-11 1098635.25000000
16108005 108.104803240741 507.126865973834 2.01019476850246e-11 1091944.25000000
16108008 108.179733796296 519.171347895548 1.77738213323622e-11 2962513.50000000
16108009 108.201319444444 523.076951086888 1.25643675341751e-11 2584920.50000000
16108010 108.2234375 505.251074924014 1.3552373627704e-11 2220040.25000000
16108011 108.246006944444 502.284154973287 1.57447306970898e-11 2054996.50000000
16108012 108.267685185185 504.669993641684 1.47511425025867e-11 1922069.37500000
16108013 108.290636574074 511.635016712109 4.13045734484932e-11 1830849.25000000
16108016 108.312222222222 504.351416765627 8.8018433554259e-11 1714203.50000000
16108017 108.316076388889 502.88328325422 1.43887593673406e-11 1715207.12500000
16108018 108.337546296296 508.840364206318 1.40893247374777e-11 1634915.62500000
16108019 108.357650462963 495.657798247156 1.37853284147186e-11 1610047.62500000
16108020 108.379097222222 491.626837049741 1.28932240575543e-11 1531317.25000000
16108021 108.404375 494.604213170989 2.69680164355652e-11 1468199.12500000
16108026 108.494363425926 593.512371920753 3.94358984152713e-10 2844418.25000000
16108027 108.496134259259 538.621305738987 1.86594852763568e-11 2870178.25000000
16108028 108.525752314815 501.272471438412 1.20828481079996e-11 2309810.50000000
16108030 108.552719907407 490.98589905634 7.04882511072177e-11 2041391.50000000
16108031 108.554375 499.131704055268 1.52015281055473e-11 2035815.75000000
16108033 108.585520833333 500.0115863148 1.52469813869235e-11 1849026.37500000
16108034 108.606759259259 492.255953309864 2.66333510092369e-11 1797171.50000000
16108035 108.615277777778 510.503328980456 2.24987465643772e-11 1739629.12500000
16108036 108.625821759259 497.30051364543 2.44358939946377e-11 1697699.12500000
16108037 108.647974537037 507.039174536574 1.24588517889248e-11 1598115.37500000
16108038 108.674849537037 507.374679599987 1.36500403081374e-11 1530313.62500000
16108039 108.696365740741 497.042200787269 1.3791366089529e-11 1518938.87500000
16108040 108.717881944444 509.796031782072 1.33451198514061e-11 1451806.37500000
16108041 108.743032407407 500.394723450158 3.10839146555175e-09 1393149.00000000
16108042 108.750115740741 497.336576808161 9.79578228811471e-12 1351441.87500000
16108043 108.776377314815 505.576542430749 1.25948900526604e-11 1316537.37500000
16108044 108.79818287037 499.211529122824 1.13799468395394e-11 1246059.25000000
16108045 108.828391203704 500.055123389721 5.92107020641434e-11 1229778.12500000
16108054 108.890844907407 527.08931871887 2.35419927364412e-11 2994407.25000000
16108055 108.914155092593 507.986503998907 1.40136700620215e-11 2597744.75000000
16108056 108.935659722222 522.195757920519 1.2704281016907e-11 2326203.50000000
16108057 108.96087962963 504.597905517221 1.57731173634706e-11 2083321.37500000
16108058 108.982951388889 498.6383536506 1.965862521064e-11 1961546.00000000
16109001 109.004675925926 497.872646741009 2.1104192312265e-11 1901662.00000000
16109002 109.017824074074 501.533842078226 1.46619480375119e-11 1848022.75000000
16109003 109.03974537037 498.564354472368 1.92704243820999e-11 1770965.12500000
16109005 109.063275462963 498.002599368009 3.06831797690624e-11 1672050.37500000
16109006 109.068055555556 493.765668746212 1.35087528707662e-11 1634915.62500000
16109007 109.089722222222 496.422108800923 1.27549263538096e-11 1574473.87500000
16109008 109.111354166667 501.917129157587 1.43077921270057e-11 1532097.87500000
16109009 109.133113425926 484.61061186051 2.38855314820321e-11 1527191.25000000
16109010 109.1434375 497.444218608663 1.33112097101796e-11 1479908.62500000
16109011 109.166689814815 491.97527069909 2.11455472655408e-11 1413667.87500000
16109012 109.176921296296 500.832939500321 1.95590507096714e-11 1397386.75000000
16109013 109.192256944444 491.808257203646 4.30362065569094e-11 1367277.25000000
16109014 109.200173611111 494.64586389535 1.25469456447709e-11 1361478.37500000
16109015 109.222511574074 490.281147668759 4.07075588739886e-11 1327689.12500000
16109022 109.291157407407 517.382250073136 1.76216298388268e-11 2930286.00000000
16109023 109.312777777778 497.560475574608 1.2680681655536e-11 2495707.50000000
16109025 109.335335648148 485.614974387461 1.35244765276846e-11 2260185.75000000
16109026 109.357569444444 494.689106473997 1.67389772793398e-11 2128820.00000000
16109027 109.379270833333 484.411702936547 1.63128394625586e-11 1978831.00000000
16109028 109.4090625 499.1944440405 4.96027975489914e-11 1878132.00000000
16109029 109.417268518519 510.92409889401 1.42778942974366e-11 1838766.87500000
16109030 109.438993055556 503.134223717914 1.49759639488365e-11 1732046.12500000
16109031 109.460625 504.438657999244 1.45353874530761e-11 1648855.12500000
16109032 109.482349537037 500.033053356078 1.4232995461707e-11 1609713.00000000
16109033 109.503946759259 504.312604691486 1.33711600932981e-11 1566110.25000000
16109034 109.525555555556 501.192287441738 1.76899949184487e-11 1506560.62500000
16109035 109.540127314815 494.214428375946 2.16295958996844e-11 1488495.12500000
16109037 109.55599537037 502.703652210628 1.52642692693748e-11 1369173.00000000
16109038 109.577546296296 487.656326033233 1.32822889186029e-11 1368503.87500000
16109039 109.603356481481 510.570526555486 1.56479934548228e-11 1336722.00000000
16109048 109.743668981481 514.506686654302 1.57615722332003e-11 2917907.75000000
16109049 109.770173611111 497.730892369529 1.54153404601392e-11 2491358.50000000
16109050 109.791805555556 503.505553071006 1.39517462005462e-11 2199186.75000000
16109051 109.809270833333 497.655171694555 1.81492846972717e-11 2113653.75000000
16109052 109.831481481481 491.013360875718 1.66578602799375e-11 1974147.25000000
16109053 109.853090277778 501.101293939024 1.79675453068614e-11 1899543.12500000
16109054 109.874988425926 493.585530321803 1.46116996436521e-11 1807430.87500000
16109056 109.897488425926 502.790648779595 1.52770338215339e-11 1743643.75000000
16109057 109.918356481481 495.445789943022 1.48851952804355e-11 1667701.25000000
16109058 109.939710648148 501.78703218636 1.3724199632577e-11 1614619.75000000
16109059 109.960972222222 501.891698573767 1.33326157854286e-11 1572020.62500000
16109060 109.982928240741 504.935850996325 1.93532607633416e-11 1497082.00000000
16109061 109.994537037037 498.790362024665 1.21852700603068e-11 1447234.25000000
16110001 110.01875 497.992574631736 1.24712879886286e-11 1384004.62500000
16110002 110.042326388889 506.410145331461 9.68865834321392e-12 1358132.87500000
16110005 110.134895833333 543.033799615219 6.91199079866052e-11 2814085.75000000
16110006 110.139363425926 523.131004914125 2.4839057268549e-11 2743719.25000000
16110007 110.147210648148 494.406074228007 1.44229998519698e-11 2549793.00000000
16110008 110.16875 488.164379195399 1.32932825920912e-11 2265650.25000000
16110009 110.190289351852 502.162703332785 1.17989703100879e-11 2110977.50000000
16110010 110.211979166667 489.821480837478 1.55156564760763e-11 2007156.12500000
16110011 110.233981481481 500.3212840256 1.33735743856379e-11 1905676.50000000
16110012 110.260729166667 493.383801899827 1.48251965794977e-11 1801966.62500000
16110013 110.282141203704 503.376191842437 1.34386455451994e-11 1711750.25000000
16110014 110.303715277778 489.964863726665 1.45452871004835e-11 1629897.37500000
16110015 110.325509259259 492.525346659429 1.36506400584071e-11 1588525.00000000
16110016 110.347384259259 506.149437517031 1.27419696514725e-11 1535220.37500000
16110017 110.37119212963 499.537517325679 1.71218811970912e-11 1446230.50000000
16110018 110.384872685185 495.216523979267 1.46618281828369e-11 1439428.12500000
16110019 110.406423611111 509.445222327092 1.23508532298545e-11 1371403.37500000
16110020 110.429583333333 512.984282904523 1.26026830356665e-11 1365492.87500000
16110021 110.451111111111 510.919339703207 2.16153465515785e-11 1314418.62500000
16110035 110.821921296296 505.74578458808 2.11711514282227e-11 2373151.75000000
16110036 110.843564814815 499.448048817309 1.65434471400092e-11 2595291.50000000
16110037 110.870138888889 497.066125131582 1.26403240480654e-11 2277024.75000000
16110038 110.893333333333 498.837060682093 1.48512497061587e-11 2122240.50000000
16110039 110.916215277778 496.397254567334 1.62220060679363e-11 1973478.25000000
16110040 110.937372685185 497.369637403711 1.68977260118338e-11 1892629.12500000
16110041 110.956979166667 492.461641939614 1.51644037265252e-11 1810441.75000000
16110042 110.978796296296 496.963081748374 1.52445956943042e-11 1714761.12500000
16111001 111.000659722222 494.057013106537 1.45985319990535e-11 1671492.87500000
16111002 111.022361111111 490.688120853229 1.29786877465479e-11 1572466.62500000
16111003 111.044085648148 462.653251756105 1.26558795419132e-11 1508902.50000000
16111004 111.065821759259 468.648128430957 2.75090115429749e-11 1504441.87500000
16111005 111.07525462963 495.317011424781 1.57988551056677e-11 1475782.37500000
16111024 111.478993055556 509.295989657935 2.0810622186507e-11 3039682.75000000
16111025 111.500439814815 505.55021812226 1.32240480832192e-11 2683166.25000000
16111026 111.522256944444 497.523259467367 1.4793836026911e-11 2411067.25000000
16111027 111.543761574074 498.456170698165 1.24414985386379e-11 2181567.25000000
16111028 111.565601851852 500.341317267547 1.41020564506908e-11 2098153.00000000
16111029 111.589826388889 502.266369134128 1.88051059210372e-11 1956973.75000000
16111030 111.604837962963 498.691151273166 1.59910572012694e-11 1940581.00000000
16111031 111.627777777778 481.977498968657 4.22829953165103e-11 1797840.50000000
16111032 111.649571759259 483.352023436732 1.5984797671391e-11 1743643.75000000
16111033 111.671319444444 494.205678953481 1.35838963578846e-11 1708181.62500000
16111034 111.693171296296 501.447654394038 1.40746911657323e-11 1646401.75000000
16111035 111.715266203704 496.524139431878 3.7195003628883e-11 1623875.50000000
16111036 111.726099537037 504.179623883313 2.048623234361e-11 1575812.12500000
16111037 111.73912037037 509.474023720343 1.26476588910673e-11 1544476.12500000
16111038 111.760671296296 495.652510431497 1.36652715391333e-11 1484369.00000000
16111039 111.782268518519 504.902707920481 1.45482702391726e-11 1451806.37500000
16111040 111.803923611111 508.612236930328 1.33605817882491e-11 1415340.62500000
16111041 111.825451388889 509.68547361296 1.30233063687145e-11 1367165.75000000
16111042 111.847083333333 510.31747438541 1.23622241878201e-11 1316648.87500000
16111043 111.867083333333 503.781883620297 1.57185753513477e-11 1303378.62500000
16111049 111.974108796296 492.768642039427 1.47409049473644e-11 2839177.00000000
16111050 111.997604166667 491.373441126889 1.45854306520262e-11 2453889.50000000
16112001 112.019305555556 500.606378790499 1.4981791548221e-11 2198406.25000000
16112002 112.034849537037 501.63614365316 1.6149238567145e-11 2115326.75000000
16112003 112.056481481481 493.310599957333 1.57294805959192e-11 1969017.50000000
16112004 112.078611111111 490.27244642183 1.56514348698871e-11 1891402.37500000
16112005 112.102256944444 508.511182485815 1.31609460972798e-11 1808100.00000000
16112006 112.123888888889 498.659180347576 1.47737068011682e-11 1696249.62500000
16112007 112.145462962963 512.834540243765 1.24012008245172e-11 1634581.12500000
16112008 112.168136574074 497.894342852065 1.52138663381564e-11 1586852.25000000
16112009 112.189965277778 494.77067213214 1.4265539177607e-11 1509460.12500000
16112010 112.211793981481 501.506712666473 1.93270255205301e-11 1493736.37500000
16112011 112.227280092593 511.28194248159 1.22946563497791e-11 1447680.25000000
16112012 112.248946759259 493.128368555845 1.2966613535175e-11 1425042.50000000
16112013 112.270150462963 496.362002441144 1.95777675927629e-11 1271261.87500000
16113002 113.025856481481 523.179071791733 3.31472484015535e-11 2889024.75000000
16113003 113.033298611111 495.464262385516 2.55450358948768e-11 2738144.00000000
16113004 113.041469907407 499.712768893084 4.89605483417663e-11 2525817.00000000
16113008 113.119814814815 507.775465948735 1.44960478798527e-11 2914562.00000000
16113009 113.141944444444 500.837567674374 6.13301066357109e-11 2469724.50000000
16113010 113.143611111111 505.907792258677 1.70616198156908e-11 2412405.25000000
16113011 113.156053240741 500.076699825852 1.58531775551872e-11 2232083.75000000
16113012 113.168599537037 489.279348931494 2.06410213130293e-11 2157925.75000000
16113014 113.187465277778 511.479591050025 2.6737986273463e-11 2054996.50000000
16113015 113.208993055556 511.126772142511 1.51765574736741e-11 1929540.87500000
16113016 113.230509259259 503.588327696774 2.01774398568861e-11 1817913.37500000
16113017 113.245590277778 503.625303209615 1.39093888561531e-11 1757248.62500000
16113018 113.267094907407 498.290865711059 1.59659713932686e-11 1679299.25000000
16113019 113.29712962963 499.85102683267 1.3190929709625e-11 1619972.50000000
16113020 113.321828703704 512.361265655697 1.39495218370682e-11 1508568.00000000
16113021 113.343796296296 501.083786970717 1.56174184693069e-11 1477678.25000000
16113022 113.371608796296 505.880864631982 1.37150751811979e-11 1400509.00000000
16113028 113.405011574074 514.560724774306 1.16954334005765e-11 1325012.75000000
16113029 113.428611111111 509.825921685946 1.25977531513745e-11 1280071.62500000
16113040 113.601608796296 510.93507922812 1.34413553119107e-11 2841518.75000000
16113041 113.624189814815 503.316664606578 1.44807994447942e-11 2510985.25000000
16113042 113.646724537037 497.647764445301 1.74090177663615e-11 2128931.75000000
16113043 113.668576388889 509.513763223575 1.96884562736032e-11 1996896.62500000
16113044 113.690601851852 515.646168378335 2.41879151585314e-11 1913148.00000000
16113045 113.712905092593 508.610396549863 1.66468690109177e-11 1798175.00000000
16113048 113.785393518519 495.830074121577 1.49099495856046e-11 1562876.25000000
16113049 113.806793981481 502.012604049249 1.32046340817389e-11 1444780.87500000
16113050 113.828553240741 504.630452994877 1.26668954292443e-11 1421920.00000000
16113051 113.850069444444 500.653376252217 1.39745626505754e-11 1390472.50000000
16113052 113.870798611111 503.820692698928 1.24759824922659e-11 1334045.50000000
16113053 113.892326388889 510.793124319341 1.1996944245811e-11 1288993.00000000
16113054 113.913958333333 509.421123405352 2.73902675110484e-10 1254088.62500000
16113055 113.917280092593 496.587082961192 1.39708201176873e-11 1236691.87500000
16113056 113.937164351852 501.549912998149 5.52564346935743e-11 1229666.50000000
16114002 114.014097222222 516.91904985991 1.40681193078906e-11 2801930.50000000
16114003 114.038946759259 508.747760628511 1.43281029928923e-11 2499499.25000000
16114004 114.060509259259 511.063892176022 1.30700448173456e-11 2227511.75000000
16114005 114.08224537037 519.639939738529 1.50363001947842e-11 2088116.75000000
16114006 114.103831018519 513.122071453315 1.97072116694697e-11 1972586.12500000
16114007 114.115034722222 526.826570933593 2.95364247148301e-11 1930544.62500000
16114008 114.119456018519 513.126285973648 1.54788376202199e-11 1885603.62500000
16114009 114.141793981481 510.027639717101 1.4630833405036e-11 1764385.62500000
16114010 114.163402777778 527.879218830809 1.28620043585255e-11 1715207.12500000
16114011 114.185069444444 499.043614480709 1.3604353697259e-11 1632462.25000000
16114012 114.206770833333 502.274660623951 1.30017399236596e-11 1566110.25000000
16114013 114.228472222222 498.290307157023 1.37224785675285e-11 1506560.62500000
16114014 114.250104166667 510.641060613229 1.61245692731547e-11 1468310.62500000
16114015 114.266724537037 499.16282969183 1.34987960004095e-11 1395490.75000000
16114016 114.288194444444 512.476965598658 1.31986028133274e-11 1344751.00000000
16114017 114.309641203704 516.191885580756 1.23890257260559e-11 1334268.62500000
16114018 114.331018518519 517.096963628782 1.08771628107334e-11 1277841.37500000
16114026 114.446851851852 510.167844991489 1.18058732354728e-11 2427906.00000000
16114027 114.469606481481 520.416101816538 1.35032929450302e-11 2044402.25000000
16114028 114.491435185185 521.568128483961 1.44893901068898e-11 1855271.25000000
16114029 114.51287037037 518.380600507971 1.39854713230531e-11 1725801.12500000
16114030 114.534351851852 516.830707092229 1.2528397411358e-11 1639264.75000000
16114031 114.555844907407 521.06660584657 1.26418759838276e-11 1521950.00000000
16114032 114.576585648148 518.985553031133 6.70972451015291e-10 1471433.12500000
16114033 114.589502314815 506.544463634341 1.27623003500443e-11 1410099.37500000
16114034 114.61130787037 523.73533864716 6.34677349866713e-11 1374860.25000000
16114036 114.61494212963 511.955615179153 3.03544680747173e-11 1357129.25000000
16114041 114.902141203704 524.611626766444 1.017704894509e-11 2300889.25000000
16114046 114.929097222222 521.629062269505 2.73866505352097e-11 1885938.12500000
16114047 114.933819444444 509.599921013284 1.355714952225e-11 1842893.00000000
16114048 114.955347222222 511.308228918424 1.29970309054166e-11 1694799.75000000
16114049 114.976956018519 528.341485380729 1.62201586873787e-11 1570905.50000000
16115001 115.00130787037 520.44830167544 1.78909610101777e-11 1501096.37500000
16115002 115.015219907407 527.889388784541 1.97386352018585e-11 1426380.87500000
16115003 115.026377314815 1074.16068567356 2.5082525639488e-11 1405415.75000000
16115004 115.048923611111 521.752635725569 6.10063231357424e-11 1328023.62500000
16115005 115.06994212963 513.007404599292 8.73987236176613e-11 1231673.75000000
16115006 115.091597222222 520.850975798751 7.87658591198572e-11 1186175.37500000
16115007 115.113229166667 518.224636558315 8.36720911444591e-11 1161307.12500000
16115008 115.127824074074 526.304218590637 1.15543202088941e-10 1106664.37500000
16115009 115.136701388889 519.180728318365 5.77606717465214e-11 1115362.62500000
16115010 115.158460648148 521.126950466745 5.17067411131373e-11 1054140.25000000
16115011 115.1815625 515.976501901532 5.13211036689452e-11 1002731.37500000
16115012 115.203321759259 519.69617264105 4.76561395668669e-11 988234.25000000
16115017 115.277268518519 506.180667925036 3.122186683165e-11 2830813.25000000
16115018 115.302118055556 507.496280228292 3.86932430258892e-11 2349064.25000000
16115019 115.329444444444 503.854635401465 1.39774782848867e-10 2022210.75000000
16115021 115.34494212963 510.595030410749 2.00572863008568e-09 1905118.87500000
16115022 115.359178240741 0 0.0263859091195897 1839770.50000000
16115029 115.396400462963 0 0.0263101069373509 1669597.37500000
16115030 115.404305555556 504.999110140048 1.0159225401654e-11 1649524.25000000
16115031 115.425833333333 512.325642202369 3.90163100434099e-11 1572020.62500000
16115032 115.428263888889 503.469488188597 2.57398151007713e-11 1565329.62500000
16115033 115.433055555556 498.484516227378 2.27079085121437e-11 1561092.12500000
16115034 115.440358796296 509.988497426996 3.09241208363652e-11 1529086.87500000
16115036 115.444479166667 502.912699520656 2.99252163345241e-11 1506560.62500000
16115037 115.455277777778 507.18471744119 1.18385027278856e-11 1472994.37500000
16115039 115.4784375 515.012141491713 1.25646853377869e-11 1482585.00000000
16115040 115.49994212963 504.318718874686 1.18226526087877e-11 1372518.50000000
16115041 115.523391203704 510.562648394881 2.99520239903912e-11 1316202.87500000
16115042 115.527696759259 497.016404622951 3.39597038992853e-11 1322782.37500000
16115044 115.561018518519 508.659673022429 1.22224085326414e-11 1246840.12500000
16115045 115.582511574074 496.462861815762 1.27155113598914e-11 1204575.37500000
16115046 115.603935185185 500.029378179309 1.04823322150245e-11 1159076.87500000
16115047 115.633460648148 508.288058578995 1.27311731627333e-11 1144691.37500000
16115048 115.65505787037 505.089464240531 2.97669535339201e-11 1092278.75000000
16115053 115.718587962963 536.646630514262 1.34800761305871e-11 2693648.75000000
16115054 115.741759259259 528.904532090131 1.35912005703083e-11 2299105.00000000
16115055 115.763287037037 521.375098964779 1.33405052498174e-11 2026336.87500000
16115056 115.784756944444 519.737427374779 4.17329711282154e-11 1885046.00000000
16115057 115.791111111111 505.620373146882 1.37229028413192e-11 1868318.50000000
16115058 115.812708333333 513.138427163168 1.42251629546933e-11 1726247.25000000
16115059 115.834224537037 502.739795954468 1.3524199010422e-11 1665136.37500000
16115060 115.864328703704 509.777396579656 1.5653319309618e-11 1551947.75000000
16115061 115.885011574074 514.302650094405 1.26818156632694e-11 1528529.37500000
16115062 115.906574074074 503.520892893161 1.48054543189611e-11 1424150.62500000
16115063 115.928125 507.145709488636 1.3051610012751e-11 1385231.50000000
16115064 115.949710648148 511.253353387621 1.36926620567459e-11 1313749.50000000
16115065 115.969537037037 509.135759295758 1.30777945288763e-11 1298694.87500000
16115066 115.991145833333 524.048233251553 1.10834453058232e-11 1272377.12500000
16116001 116.012615740741 511.844956042811 2.02813502381088e-11 1204240.75000000
16116002 116.029976851852 515.380839587533 8.83282253647885e-12 1202902.75000000
16116007 116.1090625 503.107972699691 1.24910242053433e-11 2748849.25000000
16116008 116.133715277778 506.244338294807 1.35560154339274e-11 2291298.75000000
16116009 116.154571759259 491.300461978895 1.72226856345321e-11 2039049.50000000
16116010 116.176238425926 506.220591462951 1.48398112283087e-11 1914263.25000000
16116011 116.19837962963 496.822610765544 1.67559493020078e-11 1808323.00000000
16116012 116.219988425926 485.401086812088 2.15697458469723e-11 1730484.75000000
16116013 116.236111111111 502.48071349929 1.54961815470923e-11 1622425.87500000
16116014 116.251041666667 496.348906577026 1.83267680937755e-11 1615177.25000000
16116015 116.267997685185 492.998514292662 5.77796554964412e-11 1519385.00000000
16116016 116.269872685185 497.653069406445 1.2510697877987e-11 1543361.00000000
16116017 116.291956018519 495.971297270379 3.91634921800694e-11 1473105.87500000
16116018 116.295011574074 500.573647116146 6.93929213891923e-11 1470652.50000000
16116019 116.296423611111 506.966364915164 1.2477513929813e-11 1465300.00000000
16116020 116.318414351852 504.104845912621 1.14930945776782e-11 1433294.62500000
16116021 116.343703703704 503.178141329995 1.4819928655982e-11 1363708.62500000
16116022 116.360081018519 509.852581270587 1.26102020672063e-11 1369173.00000000
16116023 116.381979166667 499.451460245567 1.22834663702416e-11 1268362.50000000
16116024 116.40505787037 506.68954673595 1.25376978469353e-11 1251412.12500000
16116025 116.427002314815 503.476382915208 1.45391418356912e-11 1210597.25000000
16116032 116.517361111111 538.916638850366 1.35054319363533e-11 3085961.75000000
16116033 116.544664351852 516.711527437914 1.45337922926259e-11 2454223.75000000
16116034 116.566759259259 521.310703116784 1.2157572571366e-11 2134730.50000000
16116035 116.588298611111 503.188164609786 1.88607550326282e-11 1975039.50000000
16116036 116.609837962963 520.941116964218 5.09830760668748e-11 1907460.75000000
16116037 116.614525462963 522.474844181726 1.44540831120021e-11 1854379.12500000
16116038 116.636018518519 524.382010813017 2.00676314962624e-11 1762489.87500000
16116039 116.649074074074 522.477226651868 1.41539523317016e-11 1692569.50000000
16116040 116.670740740741 522.062232930263 1.23257183360889e-11 1616738.50000000
16116041 116.692418981481 518.874575185 1.50058445005197e-11 1583060.75000000
16116042 116.725428240741 525.002523232268 1.36278530542828e-11 1495966.75000000
16116043 116.746909722222 520.74304861267 1.26220723038715e-11 1461619.75000000
16116044 116.768344907407 508.839156508423 6.23068540111721e-11 1397498.25000000
16116045 116.775752314815 523.284079543327 1.13515249684526e-11 1360697.75000000
16116046 116.797291666667 512.859747938192 1.16240160622625e-11 1313638.00000000
16116047 116.818726851852 519.22063635297 3.13059351236036e-11 1268028.00000000
16116048 116.822083333333 525.357322803006 1.16982318906171e-11 1288770.00000000
16116049 116.844155092593 524.18837487792 1.62206803078363e-11 1216173.00000000
16116052 116.911863425926 525.979340450041 1.58304753173328e-11 2878319.25000000
16116053 116.934178240741 511.258848396233 1.60203027167057e-11 2428352.00000000
16116054 116.955729166667 511.503088705481 1.50043368706912e-11 2237548.25000000
16116055 116.980277777778 521.277688831337 1.45707670281908e-11 2060126.25000000
16117001 117.001851851852 520.898154420605 1.48739388896998e-11 1959092.62500000
16117002 117.023333333333 516.345931172672 1.67483292551617e-11 1856497.87500000
16117003 117.041030092593 519.345201580297 1.44065475177929e-11 1821035.87500000
16117004 117.063877314815 511.622096931978 1.39273411705398e-11 1719110.25000000
16117005 117.085648148148 515.367804244427 2.49045128273484e-11 1640268.37500000
16117006 117.093576388889 505.720090308933 1.40423340411187e-11 1623764.00000000
16117007 117.115092592593 511.972464903112 1.27153070848525e-11 1553620.50000000
16117008 117.136805555556 500.56542507166 7.10807413241774e-11 1425265.50000000
16117009 117.1384375 509.624233776959 4.33409096297572e-11 1441212.50000000
16117010 117.141805555556 522.652558722266 4.57751985395903e-11 1497639.50000000
16117011 117.145173611111 511.909137974236 3.03156453899221e-11 1494851.50000000
16117012 117.149155092593 522.621710760534 2.06797023020017e-11 1469202.87500000
16117013 117.168252314815 518.863479635923 3.84511765600765e-11 1425711.62500000
16117014 117.173321759259 519.699005367831 1.66531195725357e-11 1394375.62500000
16117015 117.185289351852 527.659509184063 1.32835892507769e-10 1369842.12500000
16117017 117.190150462963 500.472182895017 1.32272862280122e-11 1380659.12500000
16117018 117.211516203704 520.848877740058 1.65532781550113e-11 1320998.12500000
16117019 117.224780092593 515.241077165833 1.88605790030208e-11 1280294.75000000
