16091058 91.9486458333333 0.753271517440526 0.00306570303027063 1463.05493164
16091059 91.9500810185185 0.717699126007537 0.000934538120794188 1452.82238770
16093061 93.8342939814815 0.736162823996534 0.000651060038642904 1258.74804688
16093064 93.8440625 0.714248993426104 0.000300627052446379 1172.24450684
16093065 93.8615972222222 0.740291461107619 0.000298954005275866 1060.80432129
16093066 93.881087962963 0.719714400571285 0.00112593660193076 962.69244385
16093067 93.8848958333333 0.712935279506738 0.000350479083575342 977.39617920
16093070 93.9056481481481 0.70822779878886 0.000348126570815461 904.90856934
16093072 93.9267361111111 0.695907530949083 0.000362998747678169 855.12170410
16093074 93.9498842592593 0.709466309198729 0.000338527619508077 797.07995605
16093075 93.9714351851852 0.732512610563452 0.000772432031045904 763.63073730
16093076 93.9782291666667 0.73204830748467 0.000379968193137939 758.55743408
16093077 93.9953356481482 0.721280012550333 0.000344369851911358 738.52233887
16094001 94.0176967592593 0.714249180052351 0.000401673301908606 712.55401611
16094002 94.0356597222222 0.716044887336772 0.000350535175644746 677.04119873
16094003 94.0574537037037 0.678305013976996 0.000469865263012467 646.85943604
16094004 94.0737615740741 0.700117837167113 0.000477349552194053 645.31164551
16094005 94.0881944444445 0.705322710609819 0.000537917545674815 619.17144775
16094016 94.2751851851852 0.718943458831546 0.0002411389588112 1819.81982422
16094017 94.2984027777778 0.707276619348131 0.000276683709183434 1457.55163574
16094018 94.3219791666667 0.694964320852901 0.00100087351549269 1325.56066895
16094019 94.3292824074074 0.683495985384275 0.000283110168750475 1289.01586914
16094020 94.3515277777778 0.688991329590823 0.000296233248641931 1189.18408203
16094021 94.3728240740741 0.712741149985904 0.000340063640067181 1162.87182617
16094022 94.3942824074074 0.699003927335241 0.000347423327551408 1065.87756348
16094023 94.4113078703704 0.699478528660623 0.000669111095840745 1066.73754883
16094025 94.4189699074074 0.689305374045968 0.000311548359588707 1044.12268066
16094026 94.4403935185185 0.710162471703887 0.000321560443182357 997.51733398
16094027 94.4621412037037 0.682057536569178 0.000321116642257215 932.76855469
16094028 94.4841898148148 0.698947129328264 0.000325974374271645 919.87048340
16094029 94.5058796296296 0.720534277110554 0.000342743844205856 889.00079346
16094030 94.5274884259259 0.687925321281743 0.000621748910250842 859.16314697
16094032 94.5366435185185 0.701463560124906 0.000331180714084282 848.15673828
16094033 94.5585416666667 0.676966270539987 0.000333806840171348 808.17242432
16094034 94.5803240740741 0.679702080232005 0.000283015246392621 779.79650879
16094035 94.6119675925926 0.676804699691211 0.000846331395960919 739.64013672
16094048 94.8701041666667 0.69456579464713 0.000254127873561946 1593.24096680
16094049 94.8912731481481 0.701316774582713 0.000289111829818158 1418.59960938
16094050 94.9127199074074 0.71195412690704 0.000301194893360445 1295.55090332
16094051 94.9339236111111 0.722772077283597 0.000306450547805698 1179.72546387
16094052 94.9554050925926 0.717704015795316 0.000322400124893946 1150.40356445
16094053 94.9767361111111 0.715776045250418 0.000423236261502511 1092.53381348
16094054 94.9924074074074 0.695099189163219 0.000308135777805989 1036.89965820
16095005 95.0469444444444 0.708331140305639 0.000538864121933473 939.90557861
16095006 95.056099537037 0.697407849233202 0.000326125243050666 920.30035400
16095007 95.0778356481482 0.705559738616243 0.000321641937271188 876.44665527
16095008 95.1009375 0.683960267746107 0.000455455925956526 853.14398193
16095017 95.1851736111111 0.74704728613608 0.000555370705293491 1861.86816406
16095018 95.1908564814815 0.736738627214479 0.000575275617859696 1772.26843262
16095019 95.1962962962963 0.746962120372222 0.000238237122647055 1763.92749023
16095020 95.2209722222222 0.723461583730793 0.000250226070635625 1538.98242188
16095025 95.2709722222222 0.72893632712237 0.000498341652209155 1311.20068359
16095028 95.2967476851852 0.71617687590853 0.000544311732792641 1253.84692383
16095029 95.3055787037037 0.724710247495372 0.00070705424831412 1222.97729492
16095030 95.3111805555556 0.706926509136566 0.000871234399342738 1194.68725586
16095031 95.3162731481481 0.725730888942918 0.00106638369222404 1184.79882812
16095032 95.3261111111111 0.703900777920678 0.000635906557650003 1167.25744629
16095033 95.3338078703704 0.724591222167201 0.000372930334335442 1127.44494629
16095034 95.3507175925926 0.721127276076177 0.000941288462997808 1108.78552246
16095035 95.3537268518518 0.713797642987162 0.000416026446798142 1125.46716309
16095038 95.3744444444444 0.707940807483226 0.000284607097600323 1047.04638672
16095039 95.3996412037037 0.716565357815161 0.000455990784995054 1021.67987061
16095041 95.4167592592593 0.712144512238776 0.000526438343585211 970.00128174
16095042 95.4276157407407 0.713680436771387 0.000517878065415752 986.25292969
16095043 95.4369444444444 0.72373378562944 0.000326363913691788 942.65716553
16095044 95.4583796296296 0.716271829576451 0.000340581300827888 911.78759766
16095045 95.4797337962963 0.711819317990724 0.000327267200762863 883.75561523
16095046 95.5013541666667 0.713026580705822 0.000477951905067778 854.34777832
16095055 95.5969791666667 0.743785496921411 0.000235439167989277 2012.51928711
16095056 95.6230787037037 0.741630140375121 0.000583392307027272 1697.11474609
16095057 95.6349074074074 0.749408314131979 0.00116367666532731 1592.89697266
16095058 95.6431597222222 0.739053907396733 0.000280884921961446 1555.40625000
16095059 95.6646064814815 0.725792271586351 0.000280160340381149 1465.97839355
16095060 95.6868055555556 0.731413891019145 0.000287780886639506 1363.56713867
16095061 95.708287037037 0.731797830932945 0.00035353464023481 1309.39489746
16095062 95.7268865740741 0.723753302153417 0.000297404103745362 1213.60449219
16095063 95.7483680555555 0.729334554290268 0.000303849818354414 1182.99291992
16095064 95.769837962963 0.710329920229927 0.000302382337380455 1149.37182617
16095065 95.7913425925926 0.723249485940849 0.000404379428877056 1092.87780762
16095066 95.805474537037 0.702599653317353 0.000928392333424859 1069.14514160
16095067 95.8101273148148 0.723223026436721 0.000795625369156718 1071.38085938
16095069 95.8161458333333 0.70520577902804 0.000803769953610096 1071.89672852
16095070 95.8210185185185 0.725289630169833 0.000505815246443257 1050.22790527
16095071 95.8309953703704 0.71984732463838 0.000778114535681631 1014.45697021
16095072 95.8356712962963 0.71037767402588 0.00105129785119213 1031.82653809
16095073 95.8399884259259 0.709549880168038 0.000957989920748333 1027.78503418
16095074 95.8437731481481 0.722667988660949 0.000780307081790028 1019.87414551
16095075 95.8522222222222 0.713623798639016 0.000317906512617648 998.29119873
16095076 95.8737037037037 0.698850393677201 0.000412217226190993 965.44396973
16095077 95.8877083333333 0.710324953255543 0.000329998181256587 953.23370361
16095078 95.909212962963 0.710925508498413 0.000323481455340675 910.06787109
16095087 95.9931018518519 0.699265020338961 0.000233507255286728 2015.44299316
16096001 96.0159027777778 0.700323737719627 0.000252588158795769 1799.18273926
16096002 96.0365740740741 0.730351221633786 0.000314879884091556 1606.39733887
16096003 96.0518402777778 0.703013242034596 0.000280427910333621 1550.84887695
16096004 96.0739351851852 0.699827158790688 0.000328590983186363 1475.60913086
16096005 96.0906597222222 0.702928773281561 0.000417723426579036 1396.84436035
16096006 96.1047106481482 0.712526198771504 0.000425698366480909 1351.78686523
16096007 96.1167013888889 0.707960372257519 0.000264324676783895 1304.57958984
16096009 96.150787037037 0.710697378837469 0.00052066562378194 1239.57287598
16096011 96.1625231481481 0.687403535146978 0.0002932843526999 1183.50878906
16096012 96.1842592592593 0.710717851933294 0.000604384508187799 1147.13610840
16096019 96.2133680555556 0.702808646580082 0.000391795564144355 1119.96398926
16096021 96.2275578703703 0.681241398406764 0.000363010054180691 1050.39990234
16096023 96.2463425925926 0.701733778987783 0.000559315418229784 1026.66723633
16096024 96.2535416666667 0.711758353352984 0.000497184746822758 1026.49523926
16096025 96.2627893518518 0.697870008612851 0.000434552005914103 1033.11633301
16096026 96.2790046296296 0.682470632001563 0.00031157548226132 984.18927002
16096027 96.300787037037 0.701243957558221 0.000323026568083696 917.54882812
16096028 96.3230208333333 0.693364943684948 0.000437027253558807 938.35784912
16096029 96.3350694444444 0.700242461182227 0.000450960995011575 915.48504639
16096030 96.3477083333333 0.699885199420506 0.00327801624088812 913.16339111
16096033 96.3515162037037 0.687392006268381 0.000324702630828587 903.10284424
16096034 96.3731828703704 0.696661859904606 0.000766262227609425 866.55804443
16096053 96.7210300925926 0.751439646219382 0.000254181196315591 1898.49914551
16096054 96.7422106481481 0.72665865683576 0.000328709559551394 1693.58923340
16096062 96.8286458333333 0.742389500560419 0.000240048872247858 2113.12548828
16096063 96.850150462963 0.742260255824895 0.000223799068328407 1830.13842773
16096064 96.8758333333333 0.715929132213407 0.000272001873453708 1631.93566895
16096065 96.8974305555555 0.724672650657487 0.000279670883264684 1511.46618652
16096066 96.9191203703704 0.739721340516303 0.000288421340979537 1439.40844727
16096067 96.9405787037037 0.729538448861717 0.000297647702597992 1357.54797363
16096068 96.9638657407407 0.698978066190437 0.000291374605955446 1270.52844238
16096069 96.9858217592593 0.732435352669285 0.00029997550380035 1195.80517578
16097001 97.0075347222222 0.707440027241649 0.000303171221846754 1167.85913086
16097002 97.0290740740741 0.717326437912338 0.00030101850562202 1129.25073242
16097003 97.050462962963 0.727546019024285 0.00030704223680675 1083.59106445
16097004 97.0724884259259 0.717026601306164 0.000415360904623602 1053.66735840
16097005 97.087349537037 0.723329350022737 0.000315578702264012 1038.01757812
16097006 97.108912037037 0.68896534482966 0.000312067521313061 987.45678711
16097007 97.1307175925926 0.722785832699053 0.000323805021554762 954.78143311
16097008 97.1521412037037 0.714600130556955 0.00032545230597765 934.40240479
16097009 97.1734953703704 0.722393650629578 0.000329856964798875 903.87670898
16097010 97.1952662037037 0.706026179866715 0.000362832846947619 881.69183350
16097011 97.2152199074074 0.70661354013037 0.000336962525166053 851.76812744
16097012 97.2367013888889 0.706407182810582 0.000337530818581675 829.06750488
16097013 97.258287037037 0.713606378869874 0.000338958602960129 816.94311523
16097014 97.2809375 0.713352169261362 0.000362107031812616 787.70733643
16097015 97.3024537037037 0.719679100531621 0.000352387402703554 769.82183838
16097016 97.3239236111111 0.704285951732565 0.000448037142077116 763.45886230
16097029 97.4673032407407 1.01535436169724 0.000210931005300099 2144.33911133
16097030 97.48875 0.711431322699141 0.000244209611614446 1803.31005859
16097031 97.5098611111111 0.705638548268402 0.000271226973047108 1630.38793945
16097032 97.531875 0.701443471277771 0.000308342118385353 1529.69567871
16097033 97.5490046296296 0.697409418558352 0.000282315851618671 1451.61853027
16097035 97.5711574074074 0.709353667236611 0.000305397389414833 1395.55456543
16097036 97.5918402777778 0.704522820918625 0.000293695151412428 1327.36633301
16097037 97.6137847222222 0.694049656262897 0.000286944257123993 1268.29272461
16097038 97.6362037037037 0.704978496563824 0.000339433162640994 1220.22570801
16097039 97.6532175925926 0.703689656058274 0.000384292224391879 1184.97070312
16097041 97.6719444444444 0.704710075700133 0.00127550176838259 1156.07873535
16097042 97.6749189814815 0.687753056701992 0.000304455751771966 1142.57873535
16097044 97.6969675925926 0.681373097609912 0.00076081476902321 1099.58483887
16097045 97.702974537037 0.677592435285333 0.000397185303232786 1102.42248535
16097049 97.7520254629629 0.694504391569923 0.000316799957282192 1016.77862549
16097050 97.7742013888889 0.667871900393802 0.000304110686411036 984.79113770
16097057 97.8575115740741 0.71799763408867 0.000248135101993225 1993.25805664
16097058 97.8790509259259 0.7108552587718 0.000252358451620903 1728.58630371
16097059 97.8997337962963 0.723510978381582 0.000434442089647656 1544.22778320
16097060 97.9137731481482 0.714478060535214 0.000287700210990193 1445.42736816
16097064 97.9530092592593 0.699534162190549 0.000300174314175626 1186.94836426
16097065 97.9746875 0.709379182793716 0.000512498911806312 1118.76025391
16097066 97.9955902777778 0.694129499502557 0.000330943729276784 1054.18322754
16098001 98.0173263888889 0.71011370824134 0.00031874364353245 1010.84539795
16098002 98.0392592592593 0.690179967918531 0.000347739806342777 946.69860840
16098003 98.0610069444444 0.68936959188461 0.000352646998050912 901.03912354
16098004 98.0827083333333 0.6907867349627 0.000405707925512817 840.84783936
16098006 98.1100347222222 0.701897349669639 0.000339649396383214 824.25207520
16098007 98.1336574074074 0.713312067461104 0.000824924820555343 780.22637939
16098008 98.1406597222222 0.710734616275062 0.000350239863612113 778.33477783
16098009 98.1625925925926 0.700237352188931 0.00036603815815961 739.29626465
16098010 98.1842939814815 0.693516297206375 0.000388716724952329 702.83746338
16098011 98.2059490740741 0.703820557174125 0.00037604314605327 690.36932373
16098012 98.2275810185185 0.713763285720678 0.000716416645990335 679.19079590
16098013 98.2358217592593 0.691545788043734 0.000353250276293735 653.82440186
16098014 98.2594791666667 0.692433329401535 0.000493748308125634 638.26074219
16098027 98.9877430555556 0.756601774161349 0.000246869489677769 2101.25927734
16099001 99.0088541666667 0.7471534936706 0.000207863206790382 1765.90515137
16099002 99.0396875 0.736208058335026 0.000282922394071436 1581.03063965
16099003 99.0614351851852 0.740327561141297 0.000281947090220516 1473.80334473
16099004 99.0831134259259 0.713011750646678 0.000278654645982257 1400.62792969
16099005 99.1047453703704 0.712374398434751 0.00091878034468669 1301.74206543
16099006 99.1113310185185 0.715915279478523 0.000281150693236728 1300.71008301
16099007 99.1335416666667 0.720360493303248 0.000306642994435618 1235.44555664
16099008 99.1547222222222 0.734859768373048 0.000292702816411018 1185.74462891
16099009 99.1771064814815 0.71859890179737 0.000301476264828938 1122.71557617
16099010 99.1988541666667 0.720082905094949 0.000302871000958587 1094.68347168
16099011 99.2208217592593 0.691481869768103 0.000409597939656247 1052.37756348
16099012 99.2356712962963 0.724708023648369 0.000260537596893815 1040.16735840
16099013 99.2672685185185 0.717887338259229 0.000283757106568749 989.69250488
16099014 99.2957407407408 0.723040986608882 0.000276223297418878 940.33551025
16099024 99.4418171296296 0.725839552378833 0.00024146415523919 1823.94726562
16099025 99.4636805555556 0.721238132067205 0.000268605133550896 1623.16467285
16099026 99.4882175925926 0.718444852705522 0.000291783309969239 1481.11254883
16099027 99.5101736111111 0.697513906351031 0.00026478589489705 1407.07702637
16099028 99.5338541666667 0.706485896384242 0.000284218874517693 1319.28344727
16099029 99.5557638888889 0.70374470375482 0.000522321810313792 1250.32141113
16099030 99.5649421296296 0.712345220989299 0.000291880194293184 1211.36901855
16099033 99.5893634259259 0.588487422788813 0.00168289874075048 1176.28601074
16099042 99.6754282407407 0.724475633092063 0.000243875445316633 2150.78833008
16099043 99.6970717592592 0.707230746869543 0.000242532175376926 1905.46411133
16099046 99.7219675925926 0.73059196687487 0.000288325756408747 1699.17822266
16099048 99.7411921296297 0.712315627119082 0.000269755931030609 1619.72534180
16099049 99.765 0.689811712692662 0.000296343278421879 1524.70837402
16099050 99.7835416666667 0.718862924493937 0.00035838091959185 1456.17590332
16099051 99.8000810185185 0.703081024058345 0.000289130271188097 1428.74584961
16099053 99.8258101851852 0.695437946717309 0.000290222461754231 1315.84399414
16099054 99.8468402777778 0.691345906323314 0.000281380680097661 1280.50305176
16099055 99.8683796296296 0.712029850792474 0.000300594619650786 1225.81481934
16099056 99.889849537037 0.709123558865043 0.000292663236402361 1207.67150879
16099057 99.9113078703704 0.705420159766105 0.000366090644506928 1172.24450684
16099059 99.9275578703704 0.683132277293205 0.000303016209651006 1138.79528809
16099060 99.9598611111111 0.679561151705685 0.000296428469648917 1039.04943848
16099061 99.982337962963 0.708415177105686 0.000278223008863037 1016.86456299
16100051 100.386018518519 0.71044292828053 0.000313509156519183 1197.09497070
16100052 100.40525462963 0.701465877314627 0.000342856160582991 1182.82092285
16100053 100.423819444444 0.691855984421959 0.000444934042046172 1108.26977539
16100054 100.438113425926 0.687217139427637 0.000286878762246256 1114.63269043
16100055 100.464201388889 0.700267021304807 0.000367308383146625 1081.01147461
16100056 100.482222222222 0.695162572977767 0.000328929607932394 1112.48303223
16100069 100.639224537037 0.711602622104005 0.000237471884138986 1898.06896973
16100070 100.661493055556 0.719208210420597 0.000261967545993291 1687.48400879
16100071 100.683032407407 0.706693399039013 0.000283170712499718 1613.96411133
16100072 100.703159722222 0.70669372953397 0.000445885612907407 1544.91564941
16100073 100.713657407407 0.704904126919991 0.000266108898879625 1484.55212402
16100074 100.735914351852 0.697866926974173 0.000249387927454249 1404.92712402
16100077 100.783055555556 0.695894199082653 0.000286064467133436 1279.29919434
16100078 100.804560185185 0.715261099782276 0.000295912696846487 1229.34033203
16100079 100.826435185185 0.701136848533147 0.000317772039619811 1197.26696777
16100080 100.844907407407 0.699736393837029 0.000305702047996075 1140.51501465
16100081 100.866400462963 0.71422524696588 0.000435582946159561 1132.17419434
16100082 100.877349537037 0.66917319567263 0.000298646651384034 1117.64233398
16100083 100.901168981481 0.677848364912815 0.000506935970749759 1043.52087402
16100084 100.911898148148 0.707935254672376 0.000414835329278843 1036.64184570
16100085 100.925393518519 0.696774644824035 0.000719569942312363 1035.86791992
16100086 100.931655092593 0.69737789376795 0.000414942928020863 1026.06530762
16100088 100.947592592593 0.682810827389565 0.000595070947753894 994.67974854
16101002 101.072141203704 0.74885044853642 0.000248428759627999 2131.87084961
16101003 101.093113425926 0.731612134545936 0.000228793693316034 1856.88073730
16101004 101.118726851852 0.713821337568741 0.000274607952180237 1705.54162598
16101005 101.140138888889 0.726677864339069 0.000431310265742216 1643.88818359
16101007 101.166087962963 0.707131730335556 0.00027870983680805 1554.54650879
16101008 101.187962962963 0.719871610864533 0.000256090293972307 1462.53918457
16101009 101.21224537037 0.716637732230234 0.000270552239878764 1396.07055664
16101010 101.233981481481 0.728885696619564 0.000541278345736032 1352.21679688
16101011 101.240173611111 0.726435042380845 0.00048201071838099 1324.09887695
16101012 101.248229166667 0.711820314066852 0.000436933087229277 1288.15588379
16101013 101.262581018519 0.718164657377309 0.000274558492846069 1286.09228516
16101014 101.286203703704 0.710125648621466 0.00028263777590571 1215.66833496
16101015 101.308055555556 0.70662521475371 0.000652758822456031 1213.60449219
16101016 101.313981481481 0.688937387509997 0.000410318654672417 1165.19348145
16101018 101.332071759259 0.705664017758264 0.00038097825538114 1164.76354980
16101019 101.346712962963 0.711287676795863 0.000273523421708533 1143.52453613
16101020 101.372372685185 0.722857938499312 0.00107524192199037 1105.00207520
16101021 101.379236111111 0.696152934736698 0.000418877944498014 1087.20263672
16101022 101.389641203704 0.691301596627074 0.000540749182969599 1083.59106445
16101030 101.574571759259 0.682307717750013 0.000230095595234739 2187.16137695
16101031 101.595949074074 0.699204978137592 0.00045358879766653 1877.94787598
16101034 101.618449074074 0.70970978908061 0.000344188479198584 1667.10485840
16101035 101.629918981481 0.706324581545563 0.000268715053363829 1633.31127930
16101036 101.651770833333 0.696528845098541 0.000287032651637129 1516.62548828
16101037 101.673472222222 0.695168790281791 0.000277252443089145 1463.74304199
16101038 101.694976851852 0.714953009131929 0.000868216774399729 1393.23291016
16101039 101.697777777778 0.706261562027524 0.000284495099309102 1376.72326660
16101040 101.721018518519 0.67920458131449 0.000294515817119179 1281.96508789
16101041 101.740844907407 0.696570081379262 0.00029690441907607 1222.63330078
16101042 101.763252314815 0.706301311151174 0.000291138682098422 1211.28283691
16101043 101.785081018519 0.677300282780309 0.000295080198409954 1180.84326172
16101044 101.8065625 0.702982351428228 0.000327994658319413 1128.47668457
16101045 101.824375 0.695076523904413 0.000352969572152612 1099.75683594
16101046 101.84630787037 0.676519926265688 0.000302844784815016 1050.05590820
16101047 101.867847222222 0.683680531040755 0.000295948855224496 1037.93151855
16101048 101.891423611111 0.680689021510345 0.000345582099629843 1021.85180664
16101057 101.975694444444 0.712867615292435 0.000235213632525932 2134.02075195
16101058 101.997881944444 0.700263744510567 0.000239632331440903 1882.16137695
16102001 102.019641203704 0.690484129194213 0.000399310975024062 1743.20422363
16102002 102.027847222222 0.698873292637498 0.000238109478976157 1716.80603027
16102003 102.05162037037 0.69045030865643 0.000484846032668364 1591.77917480
16102004 102.057939814815 0.699573849127282 0.000372294948329297 1578.27905273
16102005 102.070127314815 0.708420804193685 0.000265051625080394 1536.74670410
16102007 102.106226851852 0.695714796971294 0.000775868352458882 1404.92712402
16102010 102.129872685185 0.708235039037857 0.000400692485357312 1342.67211914
16102012 102.148796296296 0.696592417192455 0.000274292052764417 1299.59228516
16102014 102.175891203704 0.685747075438069 0.000282115590658971 1276.37561035
16102015 102.197615740741 0.701689552085337 0.000300232983256385 1222.46130371
16102016 102.220868055556 0.696069205703609 0.00029035069100269 1163.98974609
16102017 102.242719907407 0.703223166717571 0.000285285041897199 1129.59460449
16102018 102.265844907407 0.688699094805238 0.000299746110028756 1084.79492188
16102019 102.287696759259 0.671369666434265 0.0004277817411168 1037.58764648
16102020 102.299328703704 0.704236892441081 0.000642104297101532 1053.23742676
16102032 102.386446759259 0.730427803868185 0.0002367526647311 2167.29809570
16102033 102.407974537037 0.738102447340255 0.00024379171221721 1877.51794434
16102034 102.429641203704 0.737075573669683 0.000260548040034839 1721.96533203
16102035 102.450949074074 0.722705636121431 0.000401226454820039 1614.56604004
16102036 102.465162037037 0.726408010730706 0.000276731607996806 1558.50170898
16102038 102.487893518519 0.721192736788307 0.000277705909871203 1437.43054199
16102039 102.511064814815 0.708061809956114 0.000278474779034501 1403.12158203
16102040 102.532511574074 0.714357607738902 0.00027912286113485 1339.57666016
16102041 102.554803240741 0.703822599284352 0.000282835650872871 1274.82788086
16102042 102.576701388889 0.709558537832795 0.000550180953889104 1241.20666504
16102043 102.585740740741 0.695649221710586 0.00028757990943336 1209.56323242
16102044 102.607361111111 0.707330508021661 0.00065579680099957 1169.75097656
16102045 102.613449074074 0.694693958249444 0.000328238277992748 1160.03430176
16102046 102.633009259259 0.700289782900145 0.000297227649020693 1128.64868164
16102047 102.6546875 0.696005559133084 0.000316921946758833 1068.62927246
16102048 102.675173611111 0.682604351058811 0.000300976682138768 1051.77563477
16102049 102.697511574074 0.716506514046595 0.000696186730752883 1034.92199707
16102053 102.754108796296 0.734412218694752 0.000267044593306067 2219.49291992
16102054 102.77462962963 0.7298937732165 0.000359125107481621 1912.42907715
16102055 102.786215277778 0.694726005966585 0.000236945949156263 1802.79418945
16102056 102.807858796296 0.720940446517312 0.000347394996858685 1587.22180176
16102058 102.836967592593 0.721254442548137 0.000285133785198939 1392.02929688
16102059 102.857673611111 0.700943619743796 0.000297289136827039 1309.82495117
16102060 102.877210648148 0.71522777156474 0.00116235933923798 1244.81811523
16102061 102.879270833333 0.705776290821235 0.000603152966930022 1234.06970215
16102062 102.892881944444 0.686870190746327 0.000303166420471811 1163.47375488
16102063 102.912766203704 0.695675620294868 0.000293049300849102 1126.58508301
16102064 102.935844907407 0.705780023110891 0.000306541902964668 1068.28527832
16102065 102.95744212963 0.701450490279859 0.000409885025985847 1006.63201904
16102066 102.970439814815 0.674460123272169 0.000653283841941044 1000.01098633
16103002 103.081203703704 0.695357582284497 0.000225865041565964 2192.49291992
16103003 103.102824074074 0.715203795219247 0.000228622181869196 1898.49914551
16103005 103.142314814815 0.690568902472426 0.000246055942417388 1639.84655762
16103006 103.1640625 0.697650879009777 0.000425546042964689 1556.00805664
16103007 103.172928240741 0.684471578817508 0.000266964284796512 1564.34887695
16103008 103.194525462963 0.708145839478588 0.000652699035765522 1446.54516602
16103009 103.201041666667 0.695657364461325 0.000279823396344701 1443.53564453
16103010 103.222696759259 0.690895732390468 0.000284070812072942 1372.68188477
16103011 103.244189814815 0.681741846782762 0.000275701679098541 1357.80603027
16103012 103.266053240741 0.685121661009788 0.000269592399428395 1268.20678711
16103013 103.289710648148 0.697915745252225 0.000294611495613485 1230.97399902
16103014 103.311423611111 0.682751203785943 0.000323232538785479 1193.13952637
16103015 103.330821759259 0.684758344962738 0.000292017984395436 1153.92907715
16103016 103.353194444444 0.678957435340955 0.000283463988206516 1100.18676758
16103017 103.377685185185 0.695412873329567 0.000294413505855621 1100.27270508
16103018 103.400578703704 0.693850909659048 0.000414940424136167 1071.20886230
16103029 103.501412037037 0.69204986650254 0.000238420154453417 1948.11437988
16103031 103.540069444444 0.711998082954795 0.000623618923573609 1591.26330566
16103032 103.544039351852 0.711512697933524 0.000342779963508868 1581.37451172
16103033 103.563368055556 0.697637462200595 0.000277331949986935 1500.20178223
16103034 103.584895833333 0.683131664434041 0.000262977457920423 1412.58007812
16103035 103.607905092593 0.676783387422656 0.000332875034477618 1351.70080566
16103036 103.624166666667 0.674628154208365 0.000308879389948894 1330.11791992
16103038 103.669837962963 0.683171733108208 0.000292814061407256 1225.81481934
16103039 103.693356481481 0.68123301898319 0.000284263498311033 1143.00878906
16103040 103.716597222222 0.676491760966254 0.000618272372350738 1119.87805176
16103041 103.725219907407 0.692010107318134 0.000338366081796698 1134.40991211
16103042 103.742199074074 0.688037501727827 0.00048221873152363 1115.57861328
16103043 103.751435185185 0.685806939149795 0.000322051810808065 1088.49243164
16103044 103.773449074074 0.685449035803475 0.000310393362585088 1036.81372070
16103045 103.795949074074 0.694146327779916 0.000333783552672673 1001.98870850
16103046 103.816157407407 0.689676111963126 0.00031383207273425 981.69567871
16103047 103.837685185185 0.686897016712189 0.000313132219175233 965.44396973
16103048 103.859953703704 0.694191980165114 0.000408563544487269 932.16668701
16103051 103.941319444444 0.693792923871484 0.000233340070710014 2156.37768555
16103052 103.962800925926 0.700076743581867 0.00023113199336112 1805.37377930
16103053 103.986157407407 0.676279548350668 0.000268873908347356 1679.83117676
16104002 104.010902777778 1703.55312292934 36.3916010128197 1593.32690430
16104005 104.025509259259 0.680683228300163 0.000237471220574818 1547.58129883
16104006 104.048958333333 0.657620791736009 0.00102347557248385 1478.61865234
16104010 104.151516203704 0.726201979793321 0.000241087449919713 2135.56835938
16104011 104.172731481481 0.7057754374335 0.000241032400352733 1850.77563477
16104012 104.194976851852 0.738291913170144 0.00446764231561248 1695.82507324
16104013 104.199398148148 0.722212300719994 0.00480521954737862 1687.65600586
16104014 104.202673611111 0.669471691394352 0.00464264350587806 1662.37548828
16104015 104.206319444444 0.69219664912481 0.000247828790415253 1640.70642090
16104016 104.228171296296 0.704209071585773 0.000274000850363934 1541.21813965
16104017 104.250162037037 0.695243726737825 0.000300806307317379 1475.86706543
16104018 104.269502314815 0.695848695091786 0.000277827028051273 1390.65319824
16104019 104.294363425926 0.695451114418664 0.000283975542017595 1331.75195312
16104020 104.316122685185 0.694984455463682 0.000291855445167949 1296.58276367
16104021 104.338136574074 0.681656163236784 0.000283084123821792 1256.16857910
16104022 104.359861111111 0.716409173769027 0.00472881154686793 1200.01855469
16104023 104.361909722222 0.699206959179092 0.000680313223051034 1207.49951172
16104024 104.367222222222 0.694585915211906 0.000870760569747631 1331.83776855
16104025 104.370532407407 0.688280000658571 0.000477491116992006 1173.01843262
16104026 104.381851851852 0.69099562011988 0.00117453459551774 1172.24450684
16104027 104.384664351852 0.690191891149384 0.000330581463231191 1158.14257812
16104029 104.404270833333 0.687418945288106 0.000300745594680286 1134.75390625
16104031 104.42693287037 0.670282621014713 0.000749571342450533 1123.66137695
16104032 104.439201388889 0.680073600289598 0.00108507059048321 1068.11328125
16104034 104.442824074074 0.688241688956876 0.000284708275404331 1075.76623535
16104035 104.464386574074 0.682005819553615 0.000369085887410217 1060.63244629
16104044 104.550416666667 0.729136924070147 0.000246954710091267 2264.89477539
16104045 104.5746875 0.686570208361147 0.000226182240442832 1974.25463867
16104046 104.596527777778 0.700401347946451 0.000838933445086889 1772.44042969
16104047 104.601875 0.701907025910666 0.000325535968696941 1753.17895508
16104048 104.624085648148 0.704746581112223 0.00137136068094843 1611.38439941
16104049 104.629548611111 0.703773589793419 0.000254421040322287 1597.28247070
16104050 104.654583333333 0.686150215572088 0.000243491182141568 1477.50085449
16104051 104.683506944444 0.677784852416317 0.000268376710635323 1409.91455078
16104052 104.709583333333 0.683838007695709 0.000291557275559375 1320.91735840
16104053 104.73130787037 0.68223584159741 0.00028563846945433 1284.54443359
16104054 104.75337962963 0.680763699377679 0.000287110777218206 1219.02185059
16104055 104.775694444444 0.670987969947637 0.000288938626557915 1181.87512207
16104056 104.798136574074 0.685552192725437 0.00064641429876305 1158.48645020
16104057 104.803449074074 0.677745589332587 0.000290855081016572 1140.60107422
16104058 104.829606481481 0.691706656755758 0.000295608485829615 1076.97009277
16104059 104.852025462963 0.695126111771126 0.000298520495571505 1051.25976562
16104060 104.875185185185 0.691724799670363 0.000438482970400629 1034.57800293
16105038 105.843310185185 0.728221808044794 0.000243715089805693 2173.31713867
16105039 105.866435185185 0.720002102127014 0.000224523192308486 1901.68078613
16105040 105.891527777778 0.736145669361205 0.000243649195250021 1704.93945312
16105041 105.913969907407 0.721948447331462 0.000285203452835568 1647.06958008
16105042 105.935439814815 0.724862359751992 0.000287903615070009 1519.80712891
16105043 105.957106481481 0.742725491560109 0.000981821313453149 1451.36059570
16105044 105.962986111111 0.721075863854853 0.000528925596947579 1407.24877930
16105045 105.982916666667 0.69849700539338 0.000445469367211417 1354.45251465
16105046 105.992210648148 0.732584743431878 0.000294011742084616 1334.50329590
16106001 106.014502314815 0.72916622691577 0.000301157626020321 1276.63354492
16106002 106.036678240741 0.699213852323354 0.000303854954295667 1215.41040039
16106003 106.058206018519 0.689191626990925 0.000303375890633645 1189.09814453
16106004 106.079756944444 0.73394096737217 0.000495258145681453 1143.95458984
16106005 106.09181712963 0.722736691807121 0.000477448941714109 1125.89709473
16106006 106.10193287037 0.706469130398414 0.000576569790702355 1105.26000977
16106007 106.110891203704 0.716161012818142 0.000444040192148673 1075.50830078
16106008 106.123240740741 0.715478126942369 0.000276887498138852 1060.03039551
16106009 106.151319444444 0.711945492570625 0.000386733213568009 1024.94750977
16106014 106.253159722222 0.74989067061814 0.000262207299301126 2283.72631836
16106015 106.275231481481 0.741874819199577 0.00024426947219038 1960.41052246
16106016 106.297141203704 0.749863314730052 0.000239296269833512 1750.51342773
16106017 106.322407407407 0.71886857297733 0.000675153954870985 1559.87768555
16106018 106.326388888889 0.71104002096459 0.000254258826216325 1554.46032715
16106019 106.351377314815 0.717282825636941 0.000239803059107678 1465.29052734
16106020 106.385706018519 0.716216117828256 0.000284100697979227 1343.87597656
16106021 106.4075 0.71244313946587 0.000301703247398965 1279.90112305
16106024 106.454791666667 0.707123230170655 0.00110965967222188 1195.28918457
16106025 106.458912037037 0.708630507964228 0.000491876086060614 1186.26049805
16106026 106.468842592593 0.70633551104783 0.000298713147882176 1163.98974609
16106027 106.490775462963 0.71566060121223 0.000365188078217354 1108.09765625
16106028 106.507893518519 0.71753379371948 0.000298947901226311 1113.08496094
16106029 106.529548611111 0.721415936963404 0.000379376763364788 1066.04956055
16106031 106.559537037037 0.69933909823534 0.00186724126744132 1001.04284668
16106032 106.564560185185 0.67432702274895 0.000358771118815894 855.55163574
16106033 106.587037037037 0.704505148121341 0.000551777637219682 994.50781250
16106036 106.634224537037 0.708281290776908 0.00030208767263818 890.03277588
16106045 106.784108796296 0.743806513534361 0.000284560178379243 2250.96459961
16106048 106.808761574074 0.713916568366287 0.000212541719473727 1875.71215820
16106049 106.835763888889 0.741730968516456 0.000360954952728944 1624.11071777
16106050 106.852199074074 0.707137914810958 0.000635431285179317 1514.04589844
16106051 106.857280092593 0.713035676571321 0.000283927010646217 1486.87377930
16106052 106.878865740741 0.71479770042693 0.000558591185304105 1402.08972168
16106053 106.887025462963 0.738417461540903 0.000784819846289255 1392.80310059
16106054 106.89150462963 0.705685744703056 0.000298216457273118 1385.83801270
16106058 106.947731481481 0.721019584887337 0.000290999289699006 1221.60144043
16107004 107.073136574074 0.748172156866779 0.000319707603139149 2409.52709961
16107005 107.095150462963 0.763151997227336 0.000280079743794433 2069.52954102
16107006 107.117696759259 0.703961019447031 0.000297594583952187 1818.44409180
16107007 107.148206018519 0.694417365258051 0.000243689648528298 1656.44226074
16107008 107.169965277778 0.701837812167696 0.00269764783149841 1592.46716309
16107010 107.172546296296 0.704282453219221 0.000265355978153918 1550.59082031
16107011 107.194976851852 0.697725328779398 0.00140776266010736 1494.52661133
16107012 107.19900462963 0.704266039234396 0.000278082005963411 1456.00390625
16107013 107.221458333333 0.682631183267831 0.000278735054961095 1374.40161133
16107014 107.243425925926 0.684110973734957 0.000282377355757102 1321.94909668
16107015 107.265034722222 0.689966940866897 0.000242619596328601 1287.46813965
16107016 107.295532407407 0.697338736020327 0.000243508952445479 1235.78942871
16107017 107.329826388889 0.699224023900977 0.00164383846806653 1158.74438477
16107018 107.336134259259 0.692034197272221 0.000476000057363574 1165.27941895
16107020 107.346840277778 0.68660387045401 0.000295752791590661 1123.83337402
16107021 107.369108796296 0.695748789137807 0.000283096428147976 1098.03710938
16107022 107.394166666667 0.673187424715923 0.000293409911316342 1073.01452637
16107042 107.782673611111 0.733970931845254 0.00214700212422362 1986.20715332
16107047 107.792847222222 0.722344425674869 0.000232795662929573 1791.09997559
16107048 107.816863425926 0.705567266207216 0.000304064265786587 1555.75012207
16107052 107.845428240741 0.704814396592721 0.000370200644324847 1349.03515625
16107054 107.865659722222 0.698656934735637 0.00165642658161246 1237.68115234
16107055 107.867106481481 0.681803763558604 0.000259810116162657 1259.00610352
16107058 107.896550925926 0.682677367738802 0.000434551031297233 1168.71899414
16107060 107.910439814815 0.682757186068959 0.000274674549863084 1160.63610840
16107061 107.937326388889 0.691504755451891 0.000307485551546084 1072.49877930
16107062 107.958773148148 0.686238396267405 0.000295648074337242 1047.13232422
16107063 107.982523148148 0.690506868971729 0.000286270693759555 1003.79443359
16108001 108.008229166667 0.673911451959021 0.00030055370142775 981.52368164
16108002 108.035011574074 0.688222983392625 0.000305126232570983 902.84478760
16108003 108.059305555556 0.684982809355362 0.00032315086620228 868.36383057
16108004 108.082488425926 0.662765167459242 0.000319922516635059 850.30639648
16108005 108.104803240741 0.678353623418516 0.000560648942791032 845.14721680
16108008 108.179733796296 0.714408275559123 0.000236771375654532 2287.50976562
16108009 108.201319444444 0.718764303788855 0.000237230588942077 1996.35351562
16108010 108.2234375 0.69168562949873 0.000244271172887148 1715.00024414
16108011 108.246006944444 0.694168618859996 0.000268542478193979 1587.73779297
16108012 108.267685185185 0.698905083215381 0.000268005116831942 1485.23986816
16108013 108.290636574074 0.702495165526388 0.000609166002713543 1414.90173340
16108016 108.312222222222 0.695006238370201 0.00164226395037217 1324.95861816
16108017 108.316076388889 0.688365635214857 0.000286671250864063 1325.73266602
16108018 108.337546296296 0.693101757585893 0.000307631643712428 1263.82141113
16108019 108.357650462963 0.674834217473238 0.000289103908374101 1244.64624023
16108020 108.379097222222 0.667596283188119 0.000268711742897164 1183.93884277
16108021 108.404375 0.670152054382852 0.000522326602352288 1135.26977539
16108026 108.494363425926 0.75008186074858 0.00170843393711798 2196.44824219
16108027 108.496134259259 0.722867822880541 0.000223920513638144 2216.31152344
16108028 108.525752314815 0.693067942349062 0.000228338665361299 1784.22082520
16108030 108.552719907407 0.681611796578896 0.00132206004201992 1577.24719238
16108031 108.554375 0.686146341299955 0.000270214412189824 1572.94775391
16108033 108.585520833333 0.684895940760497 0.000278083468174101 1428.91772461
16108034 108.606759259259 0.678567960880159 0.000507547553002151 1388.93359375
16108035 108.615277777778 0.698940821605578 0.000479541801461864 1344.56408691
16108036 108.625821759259 0.68072477261613 0.000314915931852505 1312.23242188
16108037 108.647974537037 0.693600535382655 0.000262218267249837 1235.44555664
16108038 108.674849537037 0.691381143476751 0.000297495506563703 1183.16491699
16108039 108.696365740741 0.674601504950924 0.000295478596605918 1174.39428711
16108040 108.717881944444 0.692176896565612 0.000305192640238087 1122.62951660
16108041 108.743032407407 0.672069592791889 0.0015772690579552 1077.39990234
16108042 108.750115740741 0.672512691360899 0.000263098914357557 1045.24060059
16108043 108.776377314815 0.681890453680602 0.000313204295377336 1018.32641602
16108044 108.79818287037 0.671111250547862 0.000268509067795303 963.98217773
16108045 108.828391203704 0.663991988450569 0.00167089665274814 951.42785645
16108054 108.890844907407 0.717319134139848 0.000244603856229359 2312.10229492
16108055 108.914155092593 0.697168081477582 0.000236472803177219 2006.24218750
16108056 108.935659722222 0.720158311946759 0.000239276990588205 1796.86108398
16108057 108.96087962963 0.700117763904545 0.000265922089445253 1609.57873535
16108058 108.982951388889 0.688393223221386 0.000283910054316838 1515.67956543
16109001 109.004675925926 0.686713284088616 0.000396045138731208 1469.50390625
16109002 109.017824074074 0.688569505459819 0.000277910014269694 1428.14379883
16109003 109.03974537037 0.681347940375207 0.000325378442522883 1368.72668457
16109005 109.063275462963 0.68253296736151 0.000683504441377536 1292.45544434
16109006 109.068055555556 0.673766658307651 0.00028106836272506 1263.82141113
16109007 109.089722222222 0.677404762770613 0.0002835727814665 1217.21618652
16109008 109.111354166667 0.680329161819915 0.000299817648072623 1184.54077148
16109009 109.133113425926 0.653288746680379 0.000496638639675101 1180.75732422
16109010 109.1434375 0.67306017917812 0.000289630578040584 1144.29858398
16109011 109.166689814815 0.666351800075644 0.000458275811425731 1093.22180176
16109012 109.176921296296 0.676916814006352 0.000404878179675479 1080.66760254
16109013 109.192256944444 0.665889364784966 0.000594985836049364 1057.45092773
16109014 109.200173611111 0.667631155033305 0.000298097375947619 1052.97937012
16109015 109.222511574074 0.660601308624401 0.000994078769414296 1026.92517090
16109022 109.291157407407 0.719607847462548 0.000239745831239197 2262.65893555
16109023 109.312777777778 0.696905748160083 0.000229087856400211 1927.56298828
16109025 109.335335648148 0.67810112918968 0.000238003962538323 1745.95605469
16109026 109.357569444444 0.687516820148435 0.000266162482815619 1644.66198730
16109027 109.379270833333 0.672465323224861 0.000258687604003868 1529.00781250
16109028 109.4090625 0.690355242720571 0.000615975858797207 1451.36059570
16109029 109.417268518519 0.705428986021155 0.00028580424163686 1421.00708008
16109030 109.438993055556 0.692496438527081 0.000287692052079569 1338.71691895
16109031 109.460625 0.691678115909147 0.000290937776190785 1274.56994629
16109032 109.482349537037 0.682564989397629 0.000292082302094945 1244.38818359
16109033 109.503946759259 0.684482573827887 0.000294624356841629 1210.76696777
16109034 109.525555555556 0.678588157210053 0.000371833505120716 1164.84960938
16109035 109.540127314815 0.667108221700595 0.000466360534109383 1150.91955566
16109037 109.55599537037 0.678185416030086 0.000316935494406201 1058.91259766
16109038 109.577546296296 0.656565422550211 0.000281228894055427 1058.39672852
16109039 109.603356481481 0.685375185314179 0.000388135132162397 1033.89013672
16109048 109.743668981481 0.710398460031694 0.000216082894296706 2253.11450195
16109049 109.770173611111 0.692178056447561 0.000245887518638231 1924.20935059
16109050 109.791805555556 0.695318082404521 0.00027563231725627 1698.92053223
16109051 109.809270833333 0.684272396049233 0.00026794577739062 1632.96752930
16109052 109.831481481481 0.669724392276805 0.000268226451707208 1525.39636230
16109053 109.853090277778 0.680471792968661 0.000309143962436141 1467.87023926
16109054 109.874988425926 0.670314836023879 0.000280644436155359 1396.84436035
16109056 109.897488425926 0.681261901809597 0.000294140889758921 1347.65954590
16109057 109.918356481481 0.668744654502366 0.000287460804813125 1289.10180664
16109058 109.939710648148 0.675610865074861 0.000291581743334387 1248.17175293
16109059 109.960972222222 0.675890788931625 0.000290005014495391 1215.32434082
16109060 109.982928240741 0.680041247942432 0.000460458797309687 1157.54064941
16109061 109.994537037037 0.670791137995638 0.000280642678090499 1119.10412598
16110001 110.01875 0.666367096998266 0.000288758363789415 1070.34887695
16110002 110.042326388889 0.677177805752244 0.000242181922007294 1050.39990234
16110005 110.134895833333 0.718926193870948 0.000651703425164228 2173.05932617
16110007 110.147210648148 0.669644818902747 0.000231907016698948 1969.26733398
16110008 110.16875 0.669039959721224 0.000237546139027531 1750.16943359
16110009 110.190289351852 0.689135271201545 0.000247494652085168 1630.90368652
16110010 110.211979166667 0.669686541647713 0.000261537266670964 1550.84887695
16110011 110.233981481481 0.685373216086039 0.000256454098584318 1472.59960938
16110012 110.260729166667 0.674162391045484 0.000278592306336443 1392.63110352
16110013 110.282141203704 0.68738888228049 0.00028309243276061 1323.06701660
16110014 110.303715277778 0.663970936398287 0.000282317479692224 1259.95214844
16110015 110.325509259259 0.66367641724201 0.000283534808738434 1228.05053711
16110016 110.347384259259 0.681521819525545 0.000282275426879113 1186.94836426
16110017 110.37119212963 0.6710511748201 0.000379885454228143 1118.33020020
16110018 110.384872685185 0.662665259407409 0.000324836195405707 1113.08496094
16110019 110.406423611111 0.684053833578478 0.00029909744814239 1060.63244629
16110020 110.429583333333 0.690466937830391 0.00031475060084491 1056.07507324
16110021 110.451111111111 0.684491390654033 0.000566299243337112 1016.69256592
16110035 110.821921296296 0.704438833782145 0.000243905971034885 1833.06201172
16110036 110.843564814815 0.695397462222466 0.000245632311812128 2004.35058594
16110037 110.870138888889 0.68777709210921 0.000237096624173223 1758.94018555
16110038 110.893333333333 0.688506072372019 0.00026054549478281 1639.58850098
16110039 110.916215277778 0.681492310117051 0.000274509738179892 1524.88037109
16110040 110.937372685185 0.680644819121346 0.000312261834990058 1462.53918457
16110041 110.956979166667 0.670518999613722 0.000275410687110606 1399.16613770
16110042 110.978796296296 0.674265397443384 0.000284362691095104 1325.38867188
16111001 111.000659722222 0.669310391144223 0.000285779570495142 1292.02539062
16111002 111.022361111111 0.663097864511707 0.000282431876448446 1215.66833496
16111003 111.044085648148 0.624074340496181 0.000272449343453087 1166.65527344
16111004 111.065821759259 0.628214111598311 0.000553728593147278 1163.21582031
16111005 111.07525462963 0.660248479774687 0.000381601710387585 1141.11694336
16111024 111.478993055556 0.694664283326765 0.000238339358116098 2347.01342773
16111025 111.500439814815 0.696477725119774 0.000228977798748834 2072.10937500
16111026 111.522256944444 0.68374010120479 0.000244979399119519 1862.29797363
16111027 111.543761574074 0.685621321600167 0.000243675205449647 1685.33435059
16111028 111.565601851852 0.685647935360943 0.000248222809058911 1621.01513672
16111029 111.589826388889 0.685494489935256 0.000327486083337262 1512.15405273
16111030 111.604837962963 0.676494933084445 0.000278106982910396 1499.51379395
16111031 111.627777777778 0.653604333851254 0.000331422682701184 1389.44946289
16111032 111.649571759259 0.657426354491078 0.000275682004659899 1347.65954590
16111033 111.671319444444 0.670734644339175 0.000276460769603889 1320.31530762
16111034 111.693171296296 0.680074511760225 0.000285558285687798 1272.67834473
16111035 111.715266203704 0.674760516837018 0.000473506807494353 1255.30883789
16111036 111.726099537037 0.682156521261041 0.000458368298757739 1218.24816895
16111037 111.73912037037 0.687524018500341 0.000295674927300094 1194.08544922
16111038 111.760671296296 0.667209416951156 0.000295266616432027 1147.73803711
16111039 111.782268518519 0.677322809533564 0.000309038863070285 1122.62951660
16111040 111.803923611111 0.682742590503161 0.000311478819936596 1094.51159668
16111041 111.825451388889 0.682326148366494 0.000311959180120158 1057.36486816
16111042 111.847083333333 0.682499178538627 0.000321612709086716 1018.41235352
16111043 111.867083333333 0.670638687606591 0.000398290180461711 1008.17980957
16111049 111.974108796296 0.686305865120781 0.000218114035678596 2192.40673828
16111050 111.997604166667 0.683114858985857 0.000241229101473522 1895.31750488
16112001 112.019305555556 0.69213723496314 0.000293881971909476 1698.31848145
16112002 112.034849537037 0.691874516132323 0.000268281341831637 1634.25744629
16112003 112.056481481481 0.677137547572599 0.000264305304770194 1521.44079590
16112004 112.078611111111 0.670363628338726 0.000271823958448394 1461.59301758
16112005 112.102256944444 0.690127738325662 0.00027767138641552 1397.36035156
16112006 112.123888888889 0.674001949291078 0.000284181430663638 1311.11462402
16112007 112.145462962963 0.698594465249856 0.000281734446337769 1263.56347656
16112008 112.168136574074 0.678250456944976 0.000298392292339211 1226.76074219
16112009 112.189965277778 0.670511163135508 0.000293474175195301 1167.08532715
16112010 112.211793981481 0.678857059733031 0.000418346717741635 1154.96093750
16112011 112.227280092593 0.689219293054709 0.000301582029492818 1119.44799805
16112012 112.248946759259 0.663735105178401 0.000305182854299603 1101.99243164
16112013 112.270150462963 0.665559666963212 0.000367640988397358 983.41534424
16113002 113.025856481481 0.704105454265009 0.000495469815796608 2230.84350586
16113003 113.033298611111 0.675151734279055 0.000435878829923158 2114.50146484
16113004 113.041469907407 0.683055152228213 0.000591724806637982 1950.77990723
16113008 113.119814814815 0.690992508958237 0.000228405500521846 2250.53466797
16113009 113.141944444444 0.684077773280968 0.00105641333084493 1907.52783203
16113010 113.143611111111 0.691515995833758 0.000336201325801262 1863.32983398
16113011 113.156053240741 0.681958443794264 0.000317403979267129 1724.28698730
16113012 113.168599537037 0.667157336105372 0.000343131628903177 1667.10485840
16113014 113.187465277778 0.694334929583725 0.000308299666646263 1587.73779297
16113015 113.208993055556 0.69062054781503 0.000280533169189336 1491.00109863
16113016 113.230509259259 0.677053596065901 0.000377575273318511 1404.92712402
16113017 113.245590277778 0.674611884972059 0.000282874992474226 1358.15002441
16113018 113.267094907407 0.668614507634522 0.000302896761155582 1298.04443359
16113019 113.29712962963 0.668011594173639 0.000272816626172275 1252.29907227
16113020 113.321828703704 0.683762160895705 0.000304606930266251 1166.39733887
16113021 113.343796296296 0.666473627368781 0.000287526471531418 1142.57873535
16113022 113.371608796296 0.672761058176135 0.000316078843655163 1083.07507324
16113028 113.405011574074 0.68599372355703 0.000302827106989695 1024.86145020
16113029 113.428611111111 0.677426618468322 0.000311182064442672 990.20843506
16113040 113.601608796296 0.70522949951158 0.000223805510543995 2194.21240234
16113041 113.624189814815 0.692600951392299 0.000246752943770919 1939.34338379
16113042 113.646724537037 0.682837665596965 0.000267633146063236 1644.74780273
16113043 113.668576388889 0.695415927160635 0.000292405170616282 1542.93786621
16113044 113.690601851852 0.70163154976775 0.000337957777725509 1478.36083984
16113045 113.712905092593 0.689809170873898 0.000326628268893908 1389.70764160
16113048 113.785393518519 0.666450007108369 0.000300777617941556 1208.27331543
16113049 113.806793981481 0.6700841665108 0.000300505340147564 1117.21240234
16113050 113.828553240741 0.673941104125884 0.000303004553761619 1099.58483887
16113051 113.850069444444 0.667690676834828 0.000335230857424657 1075.33630371
16113052 113.870798611111 0.672255910763181 0.000311143709690407 1031.82653809
16113053 113.892326388889 0.680487756002681 0.000317223012580364 997.08746338
16113054 113.913958333333 0.67921149841049 0.00142458303994914 970.17327881
16113055 113.917280092593 0.662185318648334 0.000334191867025556 956.75921631
16113056 113.937164351852 0.669936563823695 0.000909596820687306 951.34191895
16114002 114.014097222222 0.724807129387524 0.000221610760319445 2163.68676758
16114003 114.038946759259 0.711663249839446 0.000249783939594798 1930.48669434
16114004 114.060509259259 0.711387201837141 0.000255994920491842 1720.76147461
16114005 114.08224537037 0.720800734167325 0.000278316567393674 1613.27624512
16114006 114.103831018519 0.708668484220203 0.000387037281242896 1524.19250488
16114007 114.115034722222 0.72591130661731 0.000661682221537942 1491.77490234
16114008 114.119456018519 0.707666747607747 0.000296841355006696 1457.12170410
16114009 114.141793981481 0.699203247718872 0.000290409718598243 1363.65319824
16114010 114.163402777778 0.721408773604703 0.000296711383003324 1325.73266602
16114011 114.185069444444 0.682116716276825 0.000287670541191879 1261.92968750
16114012 114.206770833333 0.685173270796772 0.000291647408288453 1210.76696777
16114013 114.228472222222 0.678215469230201 0.000297467133847942 1164.84960938
16114014 114.250104166667 0.692389053898703 0.000381638537376885 1135.35571289
16114015 114.266724537037 0.674978472295987 0.000306622505556068 1079.20568848
16114016 114.288194444444 0.69292135982933 0.000318256079143331 1040.08129883
16114017 114.309641203704 0.69693770278589 0.000320067250896858 1031.99853516
16114018 114.331018518519 0.694948369485979 0.000288479509750074 988.48864746
16114026 114.446851851852 0.705774993519126 0.000236557853631676 1875.28222656
16114027 114.469606481481 0.710975717072275 0.000274037686773457 1579.56884766
16114028 114.491435185185 0.71079019152386 0.000292402937949523 1433.73327637
16114029 114.51287037037 0.705818969881731 0.000296190357655479 1333.90136719
16114030 114.534351851852 0.701444392654161 0.000295859142228717 1267.17492676
16114031 114.555844907407 0.703574539574354 0.000309666704367886 1176.71594238
16114032 114.576585648148 0.697090182001842 0.000925096905861926 1137.76342773
16114033 114.589502314815 0.679874579395365 0.000306448959355096 1090.47009277
16114034 114.61130787037 0.696948010231933 0.00156544906382387 1063.29809570
16114036 114.61494212963 0.681576919489302 0.000825346030515091 1049.62585449
16114041 114.902141203704 0.727077004361518 0.000251836901329455 1777.34179688
16114046 114.929097222222 0.716557401151372 0.000635942905286255 1457.37976074
16114047 114.933819444444 0.700763326918304 0.00028353358989346 1424.18835449
16114048 114.955347222222 0.697747573177652 0.000288225522271879 1309.99682617
16114049 114.976956018519 0.720446156146671 0.000411002894772976 1214.46447754
16115001 115.00130787037 0.70923629662358 0.000433222343242576 1160.63610840
16115002 115.015219907407 0.716045363630655 0.000523309587075722 1103.02429199
16115003 115.026377314815 0.519156351934231 0.00557610200887697 1086.85864258
16115004 115.048923611111 0.704215765653311 0.000461569441562071 1027.18322754
16115005 115.06994212963 0.694737453494148 0.000487948396994396 952.88977051
16115006 115.091597222222 0.7043587128031 0.000497248444962817 917.80670166
16115007 115.113229166667 0.699841792625116 0.000603388314020516 898.63146973
16115008 115.127824074074 0.710287680063587 0.000895208537139606 856.49749756
16115009 115.136701388889 0.699411267055547 0.000486302094072967 863.20452881
16115010 115.158460648148 0.699721791888638 0.000473103074279352 815.99725342
16115011 115.1815625 0.69249875132918 0.000487600758625228 776.35693359
16115012 115.203321759259 0.697124010983234 0.000561137098509028 765.17852783
16115017 115.277268518519 0.707805535017844 0.000258055138007492 2185.95751953
16115018 115.302118055556 0.700791054258489 0.000285537523021365 1814.48852539
16115019 115.329444444444 0.696538129214624 0.000732642312837119 1562.45727539
16115021 115.34494212963 0.702262693560019 0.000794413388599448 1472.16955566
16115022 115.359178240741 0 0.0289410684814103 1421.78088379
16115029 115.396400462963 0 0.0274562840979668 1290.56359863
16115030 115.404305555556 0.690397311008439 0.000269716902120542 1275.08593750
16115031 115.425833333333 0.699982424236769 0.000981898894209983 1215.32434082
16115032 115.428263888889 0.68616186627803 0.00062722672838377 1210.16528320
16115033 115.433055555556 0.683787828383383 0.000507486527587822 1206.89746094
16115034 115.440358796296 0.690957426390085 0.000771653814241869 1182.21911621
16115036 115.444479166667 0.684933304868083 0.000503086613975659 1164.84960938
16115037 115.455277777778 0.691838784762328 0.000289605853024278 1138.96728516
16115039 115.4784375 0.699891169601598 0.000309678843954961 1146.36230469
16115040 115.49994212963 0.68350346698312 0.000292637497416675 1061.49218750
16115041 115.523391203704 0.690272667640518 0.000792665087129652 1018.06842041
16115042 115.527696759259 0.66958262773451 0.000593508631660149 1023.14172363
16115044 115.561018518519 0.683198621694803 0.000323965594581818 964.58398438
16115045 115.582511574074 0.669083297156093 0.000320569435561603 931.99481201
16115046 115.603935185185 0.670649378278516 0.000275533734330149 896.91168213
16115047 115.633460648148 0.682017375254901 0.000337366859335518 885.81927490
16115048 115.65505787037 0.678240691513934 0.000890430088296555 845.40502930
16115053 115.718587962963 0.724797548204786 0.000240137068101159 2080.19213867
16115054 115.741759259259 0.722938985977597 0.000265630771124387 1775.96582031
16115055 115.763287037037 0.71686663697268 0.000274909323366384 1565.63879395
16115056 115.784756944444 0.710744173353324 0.00091632984427069 1456.69177246
16115057 115.791111111111 0.693437454878828 0.000277278089831405 1443.79370117
16115058 115.812708333333 0.702228089569404 0.000290963341884248 1334.24536133
16115059 115.834224537037 0.684224438321559 0.000288140399821054 1287.12414551
16115060 115.864328703704 0.694537755424416 0.000315597464556092 1199.84667969
16115061 115.885011574074 0.697096691625362 0.000303812792268979 1181.78918457
16115062 115.906574074074 0.681539161521491 0.000313739439749232 1101.30456543
16115063 115.928125 0.685869337357557 0.000311693506319651 1071.29492188
16115064 115.949710648148 0.688590009374212 0.000345531186371699 1016.17663574
16115065 115.969537037037 0.684900223680937 0.000321659982634708 1004.56835938
16115066 115.991145833333 0.70059397461723 0.000322478550406819 984.27520752
16116001 116.012615740741 0.684467260388328 0.000414469848215788 931.73675537
16116002 116.029976851852 0.688803480029042 0.000297863281411822 930.70495605
16116007 116.1090625 0.702350942585488 0.000215879842075793 2122.75610352
16116008 116.133715277778 0.702430962045563 0.000257852307858469 1769.94665527
16116009 116.154571759259 0.678670800894851 0.000270697202654955 1575.44140625
16116010 116.176238425926 0.695926496852357 0.000277311323727416 1479.22070312
16116011 116.19837962963 0.681564647503117 0.000287493975471789 1397.53222656
16116012 116.219988425926 0.66601417293235 0.000358469378065145 1337.51306152
16116013 116.236111111111 0.685599453553659 0.000348657099436936 1254.19091797
16116014 116.251041666667 0.675025652766018 0.000342419235705722 1248.60156250
16116015 116.267997685185 0.669170327959771 0.00121208148636647 1174.73815918
16116016 116.269872685185 0.675789717808689 0.000287679158341177 1193.22546387
16116017 116.291956018519 0.672930066956032 0.000884405097672883 1139.05322266
16116018 116.295011574074 0.680099292047474 0.00176362507612599 1137.16174316
16116019 116.296423611111 0.686256144009178 0.000301538385232516 1133.03405762
16116020 116.318414351852 0.681782600275309 0.00027924158406404 1108.35571289
16116021 116.343703703704 0.678878159910346 0.000358276937648156 1054.69921875
16116022 116.360081018519 0.686570910717568 0.000322440431260072 1058.91259766
16116023 116.381979166667 0.670579480098214 0.000305876281995088 981.17974854
16116024 116.40505787037 0.67785275243071 0.00032169790090271 968.10961914
16116025 116.427002314815 0.671687008588444 0.00040393996061699 936.63800049
16116032 116.517361111111 0.734950080814484 0.000225874289115591 2382.69848633
16116033 116.544664351852 0.713483356034427 0.000253690061321672 1895.57556152
16116034 116.566759259259 0.723534278442505 0.000261772289079482 1649.21936035
16116035 116.588298611111 0.69665627657193 0.000289265011362788 1526.08410645
16116036 116.609837962963 0.719411472137371 0.00100042389290451 1473.97521973
16116037 116.614525462963 0.718726187478322 0.000290082402425206 1433.04516602
16116038 116.636018518519 0.720430345246155 0.000448378110817213 1362.19140625
16116039 116.649074074074 0.712546494355492 0.000300508477654159 1308.27709961
16116040 116.670740740741 0.711231603119808 0.000295137521151611 1249.80541992
16116041 116.692418981481 0.706534448149766 0.000355495468440123 1223.83715820
16116042 116.725428240741 0.71042466147467 0.000318536240484145 1156.68078613
16116043 116.746909722222 0.702733385719263 0.000313789604259653 1130.19653320
16116044 116.768344907407 0.6836711139995 0.000865260756614096 1080.75341797
16116045 116.775752314815 0.703046132597583 0.000314537097534978 1052.37756348
16116046 116.797291666667 0.688289762983724 0.000314322578739144 1016.09069824
16116047 116.818726851852 0.69573677005479 0.000898064671249501 980.92169189
16116048 116.822083333333 0.704413556476118 0.000322892840256294 996.91546631
16116049 116.844155092593 0.702713022766316 0.000479578672757356 940.93743896
16116052 116.911863425926 0.731039632711209 0.000246783130299319 2222.58862305
16116053 116.934178240741 0.716399919195581 0.000259490267221298 1875.62609863
16116054 116.955729166667 0.714080918677777 0.000251443711117098 1728.50036621
16116055 116.980277777778 0.724999208270976 0.000277259779747769 1591.69311523
16117001 117.001851851852 0.722262628122905 0.000286902379261797 1513.78784180
16117002 117.023333333333 0.714426937041968 0.000329465722733949 1434.67883301
16117003 117.041030092593 0.717599354412633 0.000286479480312419 1407.33483887
16117004 117.063877314815 0.704609570016161 0.000290862023810006 1328.74218750
16117005 117.085648148148 0.706663457150376 0.000564197981142389 1267.94873047
16117006 117.093576388889 0.692814607380578 0.000295493223809005 1255.22253418
16117007 117.115092592593 0.699532901413634 0.00029723964084974 1201.13635254
16117008 117.136805555556 0.68462036955519 0.00180480339631128 1102.16442871
16117009 117.1384375 0.696108340674214 0.00104968652054929 1114.46069336
16117010 117.141805555556 0.70648475608078 0.00104680385754399 1157.97058105
16117011 117.145173611111 0.696468947058211 0.000752558753393851 1155.82092285
16117012 117.149155092593 0.71154775379523 0.000390374652080848 1136.04382324
16117013 117.168252314815 0.702667041988473 0.00096615594026333 1102.50842285
16117014 117.173321759259 0.706346344840785 0.000441076183406519 1078.34594727
16117015 117.185289351852 0.707268158305041 0.00197031398646891 1059.42858887
16117017 117.190150462963 0.677157609105358 0.000310250188854494 1067.76940918
16117018 117.211516203704 0.701563363793281 0.000447389310477081 1021.76593018
16117019 117.224780092593 0.69567635608994 0.00050131804211369 990.38043213
