16091058 91.9486458333333 0.00885217511775941 0.000126777269742934
115.18466949
16091059 91.9500810185185 0.00878363084423203 3.8721349325888e-05 113.75064087
16093061 93.8342939814815 0.00847862386393052 2.67022251422081e-05 86.55183411
16093064 93.8440625 0.00832361976823853 1.33630443970121e-05 74.42865753
16093065 93.8615972222222 0.0081196034576451 1.31799322409902e-05 59.47975922
16093066 93.881087962963 0.00811765804486445 4.74187139770894e-05 49.40706253
16093067 93.8848958333333 0.00800359483852473 1.53446760976665e-05 50.78489304
16093070 93.9056481481481 0.0079307630150321 1.54753759384454e-05 44.31925964
16093072 93.9267361111111 0.00785071797165925 1.64309055368123e-05 40.28592682
16093074 93.9498842592593 0.00773544689848213 1.50199113004848e-05 35.92037201
16093075 93.9714351851852 0.00767619078648585 3.46421056138203e-05 33.54885101
16093076 93.9782291666667 0.00764797030989351 1.7112932165107e-05 33.19765854
16093077 93.9953356481482 0.00758466788097208 1.53707700815757e-05 31.83182144
16094001 94.0176967592593 0.00754817726519905 1.82747160079234e-05 30.10991859
16094002 94.0356597222222 0.00749973914670103 1.60373422056005e-05 27.83952332
16094003 94.0574537037037 0.0074071128569047 2.18829105023861e-05 25.98273277
16094004 94.0737615740741 0.00745114954508016 2.22150093895455e-05 25.88926125
16094005 94.0881944444445 0.00734752768704979 2.48627037039083e-05 24.33573341
16094016 94.2751851851852 0.00911362528653882 1.02069734284796e-05
165.18373108
16094017 94.2984027777778 0.00867363934323908 1.15124916722626e-05
114.41343689
16094018 94.3219791666667 0.00854249727938399 4.21563627788077e-05 95.91534424
16094019 94.3292824074074 0.00842705908885586 1.23372461951586e-05 90.79373932
16094020 94.3515277777778 0.00827761464357358 1.29712559387077e-05 76.80267334
16094021 94.3728240740741 0.00816136775861042 1.48522687579497e-05 73.11511230
16094022 94.3942824074074 0.00809223688820513 1.52387098658867e-05 60.07170486
16094023 94.4113078703704 0.00805247777097247 2.84434287254017e-05 60.17279053
16094025 94.4189699074074 0.00799228034822288 1.38921607334836e-05 57.59484863
16094026 94.4403935185185 0.00787575743397081 1.41001069081757e-05 52.73494339
16094027 94.4621412037037 0.00779789521604708 1.43482402047344e-05 46.71171188
16094028 94.4841898148148 0.0077431268649462 1.45939753394366e-05 45.59105682
16094029 94.5058796296296 0.0077029007505167 1.51818406632241e-05 42.99856949
16094030 94.5274884259259 0.00765790948177377 2.78982262141473e-05 40.60276413
16094032 94.5366435185185 0.00765043396779897 1.51626347659043e-05 39.74401855
16094033 94.5585416666667 0.00760035162324136 1.55156167291301e-05 36.72921371
16094034 94.5803240740741 0.00754328873823877 1.30454584189605e-05 34.68268204
16094035 94.6119675925926 0.00745054024704506 3.88821944942207e-05 31.90715981
16094048 94.8701041666667 0.0089453462553822 1.09329572046446e-05 133.42968750
16094049 94.8912731481481 0.00864964901656522 1.212815820486e-05 108.95438385
16094050 94.9127199074074 0.00843886116834707 1.26324512163951e-05 91.70959473
16094051 94.9339236111111 0.00829994944159753 1.29323303792352e-05 75.47708130
16094052 94.9554050925926 0.00820339906156855 1.35150477317367e-05 71.36773682
16094053 94.9767361111111 0.00814521202084858 1.82999196974708e-05 63.35437393
16094054 94.9924074074074 0.00797348386197604 1.35417414154043e-05 56.80538177
16095005 95.0469444444444 0.0078615337113173 2.39946553598836e-05 47.34211731
16095006 95.056099537037 0.0078096326234592 1.45489040707065e-05 45.62804413
16095007 95.0778356481482 0.00780740788127327 1.44590632738833e-05 41.97798920
16095008 95.1009375 0.0077475807956347 2.08868306860133e-05 40.13152695
16095017 95.1851736111111 0.00941910110424422 2.27648822060149e-05
171.07659912
16095018 95.1908564814815 0.00931042021465019 2.39885186750833e-05
158.51959229
16095019 95.1962962962963 0.00904828294085376 1.00180358914325e-05
157.35066223
16095020 95.2209722222222 0.0087668053313728 1.05760441961135e-05 125.82559967
16095025 95.2709722222222 0.00846383525575799 2.14127962754726e-05 93.90284729
16095028 95.2967476851852 0.0082930488684466 2.37691768210625e-05 85.86492920
16095029 95.3055787037037 0.00829778207092862 3.10340158958177e-05 81.53866577
16095030 95.3111805555556 0.0082952078219769 3.87249828112055e-05 77.57393646
16095031 95.3162731481481 0.00819127783806736 4.66286385705867e-05 76.18808746
16095032 95.3261111111111 0.00820658383164657 2.76874774160412e-05 73.72970581
16095033 95.3338078703704 0.00817834199819974 1.62272580116451e-05 68.15015411
16095034 95.3507175925926 0.0081792562054414 4.07657138245123e-05 65.53385925
16095035 95.3537268518518 0.00810918738416619 1.86023729339901e-05 67.87298584
16095038 95.3744444444444 0.00799491678249597 1.28137705757004e-05 57.91881180
16095039 95.3996412037037 0.00794552593637601 2.01659010136048e-05 55.18804169
16095041 95.4167592592593 0.00790258175419909 2.33032500152922e-05 50.08732986
16095042 95.4276157407407 0.00783266111408737 2.31567473887166e-05 51.63363647
16095043 95.4369444444444 0.00783507516272556 1.46727916338574e-05 47.58718109
16095044 95.4583796296296 0.0077541356318836 1.5129395342354e-05 44.90032196
16095045 95.4797337962963 0.00772857957656395 1.4968013772342e-05 42.56989288
16095046 95.5013541666667 0.0076664870359401 2.13925487949719e-05 40.22546005
16095055 95.5969791666667 0.00938584902232985 9.76089419357057e-06
192.18972778
16095056 95.6230787037037 0.00905765909161621 2.46596352433193e-05
147.98715210
16095057 95.6349074074074 0.00897550968989221 4.92480612298543e-05
133.38150024
16095058 95.6431597222222 0.00880403681654839 1.18367911264888e-05
128.12731934
16095059 95.6646064814815 0.00865783161292344 1.19741376262393e-05
115.59440613
16095060 95.6868055555556 0.00856200514407356 1.24628214724094e-05
101.24182892
16095061 95.708287037037 0.0084775777427792 1.53177606959688e-05 93.64978790
16095062 95.7268865740741 0.00829310118145779 1.30320387648128e-05 80.22512054
16095063 95.7483680555555 0.00821710453628973 1.3303577590239e-05 75.93501282
16095064 95.769837962963 0.00815133088811549 1.35251574587436e-05 71.22312927
16095065 95.7913425925926 0.00808984851820626 1.79568340495337e-05 63.39892197
16095066 95.805474537037 0.00802473330209126 4.20135378188359e-05 60.45781708
16095067 95.8101273148148 0.00802262706022833 3.52056779803264e-05 60.72449493
16095069 95.8161458333333 0.00802965745230084 3.66690326310776e-05 60.78631592
16095070 95.8210185185185 0.00805133499513144 2.23856343404942e-05 58.27433777
16095071 95.8309953703704 0.00795470958808792 3.51267677931465e-05 54.44081879
16095072 95.8356712962963 0.00795503893034854 4.35685453361888e-05 56.25949860
16095073 95.8399884259259 0.00797348150028832 4.39929672541829e-05 55.82957077
16095074 95.8437731481481 0.00801047904987381 3.46113713781885e-05 55.00007248
16095075 95.8522222222222 0.00788607663999511 1.44228397091821e-05 52.81154633
16095076 95.8737037037037 0.00786685646384916 1.89422299156815e-05 49.66209793
16095077 95.8877083333333 0.0078000741901851 1.49896183873038e-05 48.53993988
16095078 95.909212962963 0.00777667966212264 1.47514550887435e-05 44.75447083
16095087 95.9931018518519 0.00943955354779144 1.00415299741668e-05
192.59944153
16096001 96.0159027777778 0.0090861202047902 1.10448077669459e-05 162.29151917
16096002 96.0365740740741 0.0089152590324487 1.3528374223441e-05 135.27348328
16096003 96.0518402777778 0.00876331814555386 1.20225684808229e-05
127.48862457
16096004 96.0739351851852 0.00862892934682285 1.44727086803972e-05
116.94410706
16096005 96.0906597222222 0.00857014963935745 1.83890314979269e-05
105.90551758
16096006 96.1047106481482 0.00843506580668968 1.91716859631839e-05 99.59086609
16096007 96.1167013888889 0.00840518753461189 1.20235249171519e-05 92.97493744
16096009 96.150787037037 0.00821635960728742 2.28382993354966e-05 83.86448669
16096011 96.1625231481481 0.00817327919706745 1.3190969676119e-05 76.00732422
16096012 96.1842592592593 0.00812396518675077 2.64488029491895e-05 70.90980530
16096019 96.2133680555556 0.00807094075259096 1.79178941863527e-05 67.10173035
16096021 96.2275578703703 0.00803420403837189 1.6681955064075e-05 58.29364014
16096023 96.2463425925926 0.00787360817198061 2.53141111220863e-05 55.71139908
16096024 96.2535416666667 0.00793444011190492 2.26412936164194e-05 55.69324493
16096025 96.2627893518518 0.00787378160580538 1.987776358918e-05 56.39762115
16096026 96.2790046296296 0.00783948435352925 1.4474834488934e-05 51.43456268
16096027 96.300787037037 0.00782140492756369 1.46989907360745e-05 45.39175034
16096028 96.3230208333333 0.00778963100059266 2.04084763668692e-05 47.20476532
16096029 96.3350694444444 0.00776989536709984 2.09895925017575e-05 45.21520233
16096030 96.3477083333333 0.00772362207517089 0.00015063658227468 45.01726913
16096033 96.3515162037037 0.00771381476104217 1.51450127603725e-05 44.16774750
16096034 96.3731828703704 0.00772783793614772 3.54465122164466e-05 41.18714142
16096053 96.7210300925926 0.00929985912140622 1.04083837940441e-05 44.05257034
16096054 96.7422106481481 0.00904363398572051 1.41718560725913e-05 36.87326431
16096062 96.8286458333333 0.00953183250322538 1.00810746488858e-05 51.57230759
16096063 96.850150462963 0.00910818536041094 9.6608442465561e-06 41.65745544
16096064 96.8758333333333 0.00881961922841617 1.16131042957462e-05 34.71314621
16096065 96.8974305555555 0.00867066203701082 1.19611039893292e-05 30.49233055
16096066 96.9191203703704 0.00854025744780237 1.23103979560318e-05 27.96767426
16096067 96.9405787037037 0.00843753507583558 1.29447343593228e-05 25.09956932
16096068 96.9638657407407 0.0083272035769495 1.29111889098938e-05 22.05069733
16096069 96.9858217592593 0.00822811605297246 1.30997043369304e-05 19.43264961
16097001 97.0075347222222 0.00815280907870241 1.34968545943672e-05 18.45351601
16097002 97.0290740740741 0.00810631667358345 1.3593534748532e-05 17.10080528
16097003 97.050462962963 0.0079916676720564 1.36500585658047e-05 15.55438423
16097004 97.0724884259259 0.00799720453730763 1.87708341716817e-05 14.66557026
16097005 97.087349537037 0.0079285945969952 1.41964327082146e-05 14.23165417
16097006 97.108912037037 0.00783797111327865 1.43570022442937e-05 12.93753624
16097007 97.1307175925926 0.00775983146161657 1.46011214507427e-05 12.17020988
16097008 97.1521412037037 0.00774316347918769 1.48278579819457e-05 11.71384239
16097009 97.1734953703704 0.00768566413936339 1.49058532342471e-05 11.05815697
16097010 97.1952662037037 0.00766759665590079 1.6659079759396e-05 10.60053349
16097011 97.2152199074074 0.00762122399943307 1.55503248508608e-05 10.00609112
16097012 97.2367013888889 0.00759006417534499 1.55666709421966e-05 9.57119179
16097013 97.258287037037 0.00754560942961139 1.55165496137503e-05 9.34424877
16097014 97.2809375 0.00751671940363913 1.63793544304845e-05 8.81147861
16097015 97.3024537037037 0.0075182597797153 1.62399371202541e-05 8.49510002
16097016 97.3239236111111 0.00740817026024921 2.06753033247683e-05 8.38422585
16097028 97.4648032407407 0.00966087270921752 8.16244138654757e-05 1.00000000
16097029 97.4673032407407 0.00941563170313193 9.96769996165992e-06 52.66591644
16097030 97.48875 0.00906416758086317 1.0748035485051e-05 40.71749115
16097031 97.5098611111111 0.00885035527770971 1.1510806434133e-05 34.65892029
16097032 97.531875 0.00869464701014775 1.33213567242801e-05 31.13102341
16097033 97.5490046296296 0.00861078656631893 1.22905652991027e-05 28.39547729
16097035 97.5711574074074 0.00849404013287823 1.32852059128514e-05 26.43118858
16097036 97.5918402777778 0.00838649158862979 1.27429305689012e-05 24.04210472
16097037 97.6137847222222 0.00825626256441983 1.26684532749517e-05 21.97236824
16097038 97.6362037037037 0.00818389154466443 1.50758274659291e-05 20.28825951
16097039 97.6532175925926 0.00816052946371944 1.69408614751786e-05 19.05304527
16097041 97.6719444444444 0.00807335145565237 5.77581991892263e-05 18.04077339
16097042 97.6749189814815 0.00804552928484658 1.35602738541331e-05 17.56777573
16097044 97.6969675925926 0.00804003000439613 3.51145382074169e-05 16.07013321
16097045 97.702974537037 0.00798872188199908 1.80540693349492e-05 16.16530418
16097049 97.7520254629629 0.00784740055545999 1.43403762192581e-05 13.66991138
16097050 97.7742013888889 0.00778321604545257 1.41583158427669e-05 12.87313652
16097057 97.8575115740741 0.00934620888345686 1.04525765321147e-05 47.37258148
16097058 97.8790509259259 0.00898474982993006 1.10159766403473e-05 38.09943771
16097059 97.8997337962963 0.00875996216758545 1.7991343458798e-05 31.64017296
16097060 97.9137731481482 0.00849669932939393 1.22203149752622e-05 28.17856026
16097064 97.9530092592593 0.00822098239557419 1.3044834190028e-05 19.12233925
16097065 97.9746875 0.00817132344873994 2.22572523652691e-05 16.73325539
16097066 97.9955902777778 0.00798413188089728 1.46287585842955e-05 14.68020058
16098001 98.0173263888889 0.00790225716902581 1.40425620079738e-05 13.51798916
16098002 98.0392592592593 0.00783604005029025 1.57383025644276e-05 11.98729992
16098003 98.0610069444444 0.00775881281514581 1.60692356514047e-05 10.99877357
16098004 98.0827083333333 0.00772033708898664 1.84300838654286e-05 9.79521465
16098006 98.1100347222222 0.00762210401398552 1.55048187773331e-05 9.48062420
16098007 98.1336574074074 0.00760667087011505 3.69210531242798e-05 8.67828751
16098008 98.1406597222222 0.00754807796261697 1.59040632819371e-05 8.64480400
16098009 98.1625925925926 0.0075128642630508 1.68595591757842e-05 7.97099161
16098010 98.1842939814815 0.00746692881684735 1.80350308284698e-05 7.36980152
16098011 98.2059490740741 0.00745816998577336 1.71219850424507e-05 7.17014074
16098012 98.2275810185185 0.00737681788100318 3.26790568120857e-05 6.99357128
16098013 98.2358217592593 0.00735733255384087 1.65007489651972e-05 6.60136032
16098014 98.2594791666667 0.00730934166635419 2.31189068749274e-05 6.36639118
16098027 98.9877430555556 0.00957609821297364 1.03164375836466e-05 51.15655518
16099001 99.0088541666667 0.00917714994658564 8.97798083186631e-06 39.40695953
16099002 99.0396875 0.0088952049524427 1.18777937933693e-05 32.92961884
16099003 99.0614351851852 0.00871744922573709 1.2051450225872e-05 29.17275810
16099004 99.0831134259259 0.00858766814883867 1.22643140205162e-05 26.60893822
16099005 99.1047453703704 0.00846446456180215 3.95159086911575e-05 23.14431572
16099006 99.1113310185185 0.00842060562783439 1.25070027968931e-05 23.10816002
16099007 99.1335416666667 0.00834682736398666 1.35743412353383e-05 20.82151031
16099008 99.1547222222222 0.0082397954084432 1.29568870484455e-05 19.08016014
16099009 99.1771064814815 0.0081713528576569 1.34946690731524e-05 16.87183952
16099010 99.1988541666667 0.00808532356533567 1.36253047350218e-05 15.90845108
16099011 99.2208217592593 0.00807596424233245 1.89003815984407e-05 14.62908745
16099012 99.2356712962963 0.00796953547629921 1.18126973110493e-05 14.29018688
16099013 99.2672685185185 0.00789991692475747 1.28174088454403e-05 12.99181366
16099014 99.2957407407408 0.00784752473646761 1.26751198757331e-05 11.84508419
16099024 99.4418171296296 0.00911895327706108 1.05138391416919e-05 41.44054413
16099025 99.4636805555556 0.00882499688503951 1.13404888219583e-05 34.40584946
16099026 99.4882175925926 0.008658014002195 1.22460682249322e-05 29.42884254
16099027 99.5101736111111 0.00849535361278059 1.16969038325238e-05 26.83489418
16099028 99.5338541666667 0.00836721902255325 1.24584195770268e-05 23.75890732
16099029 99.5557638888889 0.00830730449283029 2.29757298318756e-05 21.34271049
16099030 99.5649421296296 0.00821781037806446 1.29732101406503e-05 19.97795105
16099033 99.5893634259259 0.00818516777602475 9.34546376565436e-05 18.74876213
16099042 99.6754282407407 0.00966527990241002 1.0309571095903e-05 52.89187622
16099043 99.6970717592592 0.00924065390982767 1.070446050294e-05 44.29659271
16099046 99.7219675925926 0.00899381433703936 1.2548585948476e-05 37.06909180
16099048 99.7411921296297 0.00884546765644693 1.17984628397322e-05 34.28533554
16099049 99.765 0.00870531429495751 1.31837115307533e-05 30.95628929
16099050 99.7835416666667 0.00863628167835826 1.57640055432404e-05 28.55515480
16099051 99.8000810185185 0.00850517692112016 1.30408841122291e-05 27.59409332
16099053 99.8258101851852 0.00842220996302069 1.30706761069956e-05 23.63839912
16099054 99.8468402777778 0.00834664706768885 1.29227337269538e-05 22.40017319
16099055 99.8683796296296 0.00825723121821122 1.33604700621942e-05 20.48408699
16099056 99.889849537037 0.00817324695206553 1.33264950440337e-05 19.84840202
16099057 99.9113078703704 0.00812386589461998 1.64700712976522e-05 18.60716438
16099059 99.9275578703704 0.00795567797722796 1.43348865799015e-05 17.43521690
16099060 99.9598611111111 0.00784004581337009 1.43017385439591e-05 14.25970936
16099061 99.982337962963 0.00777599496892447 1.31371927646114e-05 13.67212868
16100051 100.386018518519 0.0082285017378629 1.42513939130898e-05 19.47784042
16100052 100.40525462963 0.00815187555082482 1.57662118160862e-05 18.97772789
16100053 100.423819444444 0.00809617775684989 2.04062404397755e-05 16.36552429
16100054 100.438113425926 0.00804057809534604 1.33818752356279e-05 16.58864403
16100055 100.464201388889 0.00795795411020971 1.66556229856563e-05 15.47417164
16100056 100.482222222222 0.00790622186054345 1.51969771217499e-05 16.51332664
16100069 100.639224537037 0.00929383925005574 1.0342337971963e-05 44.03750229
16100070 100.661493055556 0.00898859095237214 1.1212604236195e-05 36.65935898
16100071 100.683032407407 0.00888186063621831 1.39198096408697e-05 34.08348846
16100072 100.703159722222 0.00872920520763195 1.9045453867253e-05 31.66427994
16100073 100.713657407407 0.00865895365523258 1.17927359248151e-05 29.54935265
16100074 100.735914351852 0.00852163472273896 1.11172364851545e-05 26.75957680
16100077 100.783055555556 0.00829186452235938 1.2928882367611e-05 22.35799789
16100078 100.804560185185 0.00823932514204098 1.32457243271984e-05 20.60760880
16100079 100.826435185185 0.00815637100579205 1.44763507249656e-05 19.48386574
16100080 100.844907407407 0.00807602474031591 1.37832933978214e-05 17.49547195
16100081 100.866400462963 0.00804063097252448 1.96429597722367e-05 17.20323753
16100082 100.877349537037 0.00796186425637378 1.40540891733568e-05 16.69408989
16100083 100.901168981481 0.00792100463711507 2.37280722837444e-05 14.38211823
16100084 100.911898148148 0.0078815971399059 1.90082657753951e-05 14.19436550
16100085 100.925393518519 0.00776834297977352 3.05812778799961e-05 14.17344475
16100086 100.931655092593 0.0078796024710987 1.84102394818971e-05 13.91197491
16100088 100.947592592593 0.00782150533903631 2.74950082661369e-05 13.11378193
16101002 101.072141203704 0.00962555250714683 1.04550051080544e-05 52.22907639
16101003 101.093113425926 0.00921030520375431 9.84327011795954e-06 42.59441376
16101004 101.118726851852 0.00891166420830514 1.21481910972304e-05 37.29203033
16101005 101.140138888889 0.00873850398633465 1.81086671952398e-05 35.13191223
16101007 101.166087962963 0.0087432966862899 1.24099677901986e-05 32.00170135
16101008 101.187962962963 0.0086082664316886 1.14099928682096e-05 28.77809525
16101009 101.21224537037 0.00848014894069953 1.21742095937082e-05 26.44926453
16101010 101.233981481481 0.00848047570093892 2.44631540581146e-05 24.91277695
16101011 101.240173611111 0.00839588086964207 2.15379104112555e-05 23.92762184
16101012 101.248229166667 0.00838740914231353 1.92223641238025e-05 22.66830826
16101013 101.262581018519 0.00829592397409198 1.23443043898761e-05 22.59600067
16101014 101.286203703704 0.00823270097753639 1.29446049275411e-05 20.12858582
16101015 101.308055555556 0.008193301316368 3.02323105732079e-05 20.05628014
16101016 101.313981481481 0.00816578997896074 1.91086335832986e-05 18.36012077
16101018 101.332071759259 0.00812723705104161 1.69172225894919e-05 18.34505844
16101019 101.346712962963 0.00805769776247534 1.26059147441029e-05 17.60091782
16101020 101.372372685185 0.00798883121660049 3.88670694791663e-05 16.25294685
16101021 101.379236111111 0.00788904840321436 1.98633247876152e-05 15.66794968
16101022 101.389641203704 0.00782404137208383 2.4974878172181e-05 15.55438423
16101030 101.574571759259 0.00929194587008528 1.00478363880681e-05 54.16625977
16101031 101.595949074074 0.00900321478985071 1.97069915959661e-05 43.33253098
16101034 101.618449074074 0.00892212966705478 1.53774884485772e-05 35.94535065
16101035 101.629918981481 0.00877015360462768 1.16448189410878e-05 34.76134872
16101036 101.651770833333 0.00865364775511336 1.24444159438961e-05 30.67308998
16101037 101.673472222222 0.00850901735487932 1.22572800408783e-05 28.82027245
16101038 101.694976851852 0.00849280494967758 3.85873123415775e-05 26.34984207
16101039 101.697777777778 0.00838265360734014 1.26524296251207e-05 25.77140236
16101040 101.721018518519 0.00826536137889953 1.34246018488707e-05 22.45138741
16101041 101.740844907407 0.00817808449033375 1.34371589333364e-05 20.37261581
16101042 101.763252314815 0.0081314755475169 1.31563483731635e-05 19.97493744
16101043 101.785081018519 0.00806500809013439 1.35668101367998e-05 18.90843582
16101044 101.8065625 0.00796208771579491 1.49864740409783e-05 17.07369041
16101045 101.824375 0.00792803588763397 1.60899967134715e-05 16.07586861
16101046 101.84630787037 0.00787995785162082 1.41425160576588e-05 14.56375885
16101047 101.867847222222 0.0078184798380898 1.38278915917757e-05 14.22931862
16101048 101.891423611111 0.00778352690873553 1.60216879355267e-05 13.80149555
16101057 101.975694444444 0.0095475280920193 9.99226379533357e-06 52.30440140
16101058 101.997881944444 0.00916377029297449 1.0476130643194e-05 43.48014832
16102001 102.019641203704 0.00898184288698501 1.79620502862045e-05 38.61159897
16102002 102.027847222222 0.00887852112190187 1.05475951682601e-05 37.68669891
16102003 102.05162037037 0.00875650587427828 2.19106068406276e-05 33.30620575
16102004 102.057939814815 0.00869905612735253 1.62605010963172e-05 32.83321381
16102005 102.070127314815 0.00866097972725476 1.16016382663269e-05 31.37807083
16102007 102.106226851852 0.00849216662461313 3.45851291290684e-05 26.75957680
16102010 102.129872685185 0.00838196534115035 1.78607143720466e-05 24.57836533
16102012 102.148796296296 0.00828696982777415 1.24060319117187e-05 23.06899643
16102014 102.175891203704 0.00819558940988921 1.28984746357243e-05 22.25556564
16102015 102.197615740741 0.00815251183229562 1.36050299671073e-05 20.36659050
16102016 102.220868055556 0.00805768693676412 1.33043342492586e-05 18.31794357
16102017 102.242719907407 0.00797798337629259 1.31369773668957e-05 17.11285782
16102018 102.265844907407 0.00790212102298942 1.38653575736163e-05 15.59208393
16102019 102.287696759259 0.00784199654459546 2.02512076663592e-05 14.21998692
16102020 102.299328703704 0.00784868172091895 2.92796272924311e-05 14.65339470
16102032 102.386446759259 0.00949645150880146 1.02804264896171e-05 53.47031784
16102033 102.407974537037 0.00912458887086536 1.05890430033218e-05 43.31746292
16102034 102.429641203704 0.00887931167777755 1.1294664576241e-05 37.86746216
16102035 102.450949074074 0.00869972371332312 1.72132271655306e-05 34.10457611
16102036 102.465162037037 0.0085838699586302 1.19305749577127e-05 32.14028549
16102038 102.487893518519 0.00846292827431953 1.21183019472544e-05 27.89838219
16102039 102.511064814815 0.00834288185306954 1.24153339703763e-05 26.69630814
16102040 102.532511574074 0.00822148339648657 1.24824487503021e-05 24.46990967
16102041 102.554803240741 0.00816141633663704 1.27298251083667e-05 22.20133400
16102042 102.576701388889 0.00804626440033075 2.45865410210989e-05 21.02336311
16102043 102.585740740741 0.00803672641175921 1.30363361255289e-05 19.91468430
16102044 102.607361111111 0.00803108098448536 2.99864259227911e-05 18.51979446
16102045 102.613449074074 0.00793884610510121 1.46927796014848e-05 18.17935753
16102046 102.633009259259 0.00786670980041534 1.34965498294692e-05 17.07971573
16102047 102.6546875 0.00781842913007451 1.42784648461928e-05 15.09913921
16102048 102.675173611111 0.00775817491042096 1.38926831992465e-05 14.61210918
16102049 102.697511574074 0.00774408448854239 2.96826914246903e-05 14.14793682
16102053 102.754108796296 0.00949764489901167 1.1189804451417e-05 55.29904175
16102054 102.77462962963 0.00900798240897328 1.49070232120259e-05 44.54063034
16102055 102.786215277778 0.00884948001368901 1.05365231691445e-05 40.69941330
16102056 102.807858796296 0.0086386710902577 1.52846846385167e-05 33.14653778
16102058 102.836967592593 0.00833079491019535 1.23747282208984e-05 26.30766869
16102059 102.857673611111 0.00822980756059978 1.30893350570062e-05 23.42750740
16102060 102.877210648148 0.00817334314730803 5.10713002882689e-05 21.14989662
16102061 102.879270833333 0.00814640846933879 2.67235380511774e-05 20.77330780
16102062 102.892881944444 0.00806862106146493 1.36330533987079e-05 18.29986763
16102063 102.912766203704 0.00797314663894124 1.32019005974986e-05 17.00741196
16102064 102.935844907407 0.00788146058042802 1.3692064974047e-05 15.08894348
16102065 102.95744212963 0.0077839665987961 1.82544219097068e-05 13.41128063
16102066 102.970439814815 0.00782622295075621 3.03537427507105e-05 13.24555206
16103002 103.081203703704 0.00943936376429407 9.86082935329198e-06 54.35304642
16103003 103.102824074074 0.00904435619815974 9.91639115882386e-06 44.05257034
16103005 103.142314814815 0.00873840997350322 1.10551022267636e-05 34.99031830
16103006 103.1640625 0.00868438014401034 1.91756766595707e-05 32.05291748
16103007 103.172928240741 0.0085523228428745 1.18094721435119e-05 32.34514999
16103008 103.194525462963 0.00844173060383537 2.82622324833157e-05 28.21773148
16103009 103.201041666667 0.00836487519180245 1.22601719036376e-05 28.11228561
16103010 103.222696759259 0.00830704459670553 1.25565687982401e-05 25.62980843
16103011 103.244189814815 0.00819389431519862 1.24899367606464e-05 25.10860634
16103012 103.266053240741 0.00812228861220043 1.2201716494606e-05 21.96935654
16103013 103.289710648148 0.00806681743392226 1.31428538897501e-05 20.66485023
16103014 103.311423611111 0.0080314446213769 1.47424263439723e-05 19.33925438
16103015 103.330821759259 0.00790661322326108 1.33349211918922e-05 17.96545601
16103016 103.353194444444 0.00785216019411468 1.29468872311442e-05 16.09022903
16103017 103.377685185185 0.0077950099716235 1.33919371485127e-05 16.09310341
16103018 103.400578703704 0.00776263382704811 1.89004996061442e-05 15.17597580
16103029 103.501412037037 0.00918815573119247 1.0411533228295e-05 45.79090118
16103031 103.540069444444 0.00873106055153266 2.76085951995948e-05 33.28813171
16103032 103.544039351852 0.00864612685268657 1.45850006429818e-05 32.94166946
