16091058 91.9486458333333 0.00133680210935286 2.25833590398072e-05 1.00000000
16091059 91.9500810185185 0.00135219245498482 6.84343536721679e-06 1.00000000
16093061 93.8342939814815 0.00131667553545634 4.72073563615275e-06 1.00000000
16093064 93.8440625 0.00128055644860119 2.27897233020646e-06 1.00000000
16093065 93.8615972222222 0.0012522034656166 2.23601886668942e-06 1.00000000
16093066 93.881087962963 0.00125203696153566 8.01973828540561e-06 1.00000000
16093067 93.8848958333333 0.00123176206586297 2.58585210109891e-06 1.00000000
16093070 93.9056481481481 0.00121949148345186 2.59415869602332e-06 1.00000000
16093072 93.9267361111111 0.00120732937031015 2.75225914714046e-06 1.00000012
16093074 93.9498842592593 0.0011865104592191 2.50097226038968e-06 1.00000000
16093075 93.9714351851852 0.00117568882417733 5.75163292581087e-06 1.00000000
16093076 93.9782291666667 0.00117309384623929 2.84672265200686e-06 1.00000000
16093077 93.9953356481482 0.001164234315245 2.55202909014228e-06 1.00000012
16094001 94.0176967592593 0.00115447046413759 3.02323255565611e-06 1.00000000
16094002 94.0356597222222 0.00114744277517964 2.65259739952476e-06 1.00000000
16094003 94.0574537037037 0.00114006196329969 3.62593261249458e-06 1.00000000
16094004 94.0737615740741 0.00113452871699491 3.65936642962319e-06 1.00000000
16094005 94.0881944444445 0.00112377771787077 4.09490038420264e-06 1.00000000
16094016 94.2751851851852 0.00141314080508649 1.84703851437037e-06 1.00000000
16094017 94.2984027777778 0.00134446191087344 2.0270448718498e-06 1.00000000
16094018 94.3219791666667 0.00132214193766118 7.33907464265088e-06 1.00000000
16094019 94.3292824074074 0.00129749365094788 2.149836521185e-06 1.00000000
16094020 94.3515277777778 0.00127706908504515 2.24624464435784e-06 1.00000000
16094021 94.3728240740741 0.00126147434522719 2.56418000652373e-06 1.00000000
16094022 94.3942824074074 0.00124690505665389 2.6168549763018e-06 1.00000000
16094023 94.4113078703704 0.00123770076056774 4.87353122161767e-06 1.00000000
16094025 94.4189699074074 0.00122617601191573 2.37203575041705e-06 1.00000000
16094026 94.4403935185185 0.00121012004189605 2.40392158571045e-06 1.00000000
16094027 94.4621412037037 0.00119842615811139 2.43767873740303e-06 1.00000000
16094028 94.4841898148148 0.00118723943984077 2.47109806410256e-06 1.00000000
16094029 94.5058796296296 0.00118331780639575 2.57016551829766e-06 1.00000000
16094030 94.5274884259259 0.00117310402530044 4.70080545162053e-06 1.00000000
16094032 94.5366435185185 0.00116975222956036 2.55089821793861e-06 1.00000000
16094033 94.5585416666667 0.00116626946079059 2.61627734836734e-06 1.00000000
16094034 94.5803240740741 0.00115697640175469 2.19411191575139e-06 1.00000000
16094035 94.6119675925926 0.00113278544244212 6.50219313749426e-06 1.00000000
16094048 94.8701041666667 0.00138548060210966 1.96666719104935e-06 1.00000000
16094049 94.8912731481481 0.00133558939531086 2.1341211199049e-06 1.00000000
16094050 94.9127199074074 0.00130380858714094 2.20656935876782e-06 1.00000000
16094051 94.9339236111111 0.00128467538610842 2.25218134604247e-06 1.00000000
16094052 94.9554050925926 0.00126343990338617 2.34208759595962e-06 1.00000000
16094053 94.9767361111111 0.00124903062925704 3.14617703981267e-06 1.00000000
16094054 94.9924074074074 0.00122976114721146 2.32870766311557e-06 1.00000000
16095005 95.0469444444444 0.00120087669201521 3.99633891135536e-06 1.00000000
16095006 95.056099537037 0.00119745309261037 2.47146549253963e-06 1.00000000
16095007 95.0778356481482 0.00119848136989346 2.45334723798484e-06 1.00000000
16095008 95.1009375 0.00118527564266543 3.53034053188209e-06 1.00000000
16095017 95.1851736111111 0.00146258841771384 4.15521231825932e-06 1.00000000
16095018 95.1908564814815 0.0014412703384686 4.35518585037642e-06 1.00000000
16095019 95.1962962962963 0.00140504151487585 1.80821462536257e-06 1.00000000
16095020 95.2209722222222 0.00135731961003586 1.87140511364975e-06 1.00000000
16095025 95.2709722222222 0.00130200853204999 3.63745683542544e-06 1.00000000
16095028 95.2967476851852 0.00127930842083071 4.11707427696131e-06 1.00000000
16095029 95.3055787037037 0.00127056443093751 5.34526373697129e-06 1.00000000
16095030 95.3111805555556 0.00126999629179722 6.63330517659178e-06 1.00000000
16095031 95.3162731481481 0.001252911422741 7.90932867322451e-06 1.00000000
16095032 95.3261111111111 0.00126112733975891 4.76513350642607e-06 1.00000000
16095033 95.3338078703704 0.00126371260048344 2.79677794096976e-06 1.00000000
16095034 95.3507175925926 0.00126761257131589 7.01015624509567e-06 1.00000000
16095035 95.3537268518518 0.00125239927778822 3.19634677093236e-06 1.00000000
16095038 95.3744444444444 0.00123597571795589 2.19484958283319e-06 1.00000000
16095039 95.3996412037037 0.00122798977277 3.45081670597851e-06 1.00000000
16095041 95.4167592592593 0.00121574179653979 3.95725935127432e-06 1.00000000
16095042 95.4276157407407 0.00120745893264905 3.94425640528653e-06 1.00000000
16095043 95.4369444444444 0.0012054412516661 2.49035295422408e-06 1.00000000
16095044 95.4583796296296 0.00119445830773225 2.56483305737275e-06 1.00000000
16095045 95.4797337962963 0.00118726602128751 2.53270765353723e-06 1.00000000
16095046 95.5013541666667 0.00117998873287225 3.61305590597119e-06 1.00000000
16095055 95.5969791666667 0.00146385850427385 1.78776353245256e-06 1.00000000
16095056 95.6230787037037 0.00140446022341496 4.23300904262908e-06 1.00000000
16095057 95.6349074074074 0.00138899445070361 8.13347382004459e-06 1.00000000
16095058 95.6431597222222 0.00137407017456619 2.10171348535569e-06 1.00000000
16095059 95.6646064814815 0.00134646319929872 2.11215220808982e-06 1.00000000
16095060 95.6868055555556 0.00133004170335047 2.18551908262648e-06 1.00000000
16095061 95.708287037037 0.00131674421626816 2.67654900259269e-06 1.00000000
16095062 95.7268865740741 0.00128964688137719 2.26333633029426e-06 1.00000000
16095063 95.7483680555555 0.00127376968922526 2.2995208353084e-06 1.00000000
16095064 95.769837962963 0.00125994605258436 2.33130665004311e-06 1.00000000
16095065 95.7913425925926 0.00125172699794485 3.09081644778708e-06 1.00000000
16095066 95.805474537037 0.00124051215822964 7.21939381099515e-06 1.00000000
16095067 95.8101273148148 0.00124238806592672 6.04482452624433e-06 1.00000000
16095069 95.8161458333333 0.00124261352531704 6.30103552845602e-06 1.00000000
16095070 95.8210185185185 0.00122884057288164 3.80024169395274e-06 1.00000000
16095071 95.8309953703704 0.00122683631583254 6.02180946210049e-06 1.00000000
16095072 95.8356712962963 0.001228092986416 7.44002421579531e-06 1.00000000
16095073 95.8399884259259 0.00123509120742271 7.53403655123596e-06 1.00000000
16095074 95.8437731481481 0.00123238401303899 5.89234511165774e-06 1.00000000
16095075 95.8522222222222 0.00121192767392499 2.45153609083247e-06 1.00000000
16095076 95.8737037037037 0.00120210490142656 3.20774341140409e-06 1.00000000
16095077 95.8877083333333 0.00119938277456696 2.54075261480156e-06 1.00000000
16095078 95.909212962963 0.00119547909820453 2.49739589625685e-06 1.00000000
16095087 95.9931018518519 0.00147255732316859 1.84275117817316e-06 1.00000000
16096001 96.0159027777778 0.00141837724437839 2.00224775724531e-06 1.00000000
16096002 96.0365740740741 0.00138226184418367 2.40651199886874e-06 1.00000000
16096003 96.0518402777778 0.00135726872744149 2.12069457032963e-06 1.00000000
16096004 96.0739351851852 0.00133434914662769 2.54213813234496e-06 1.00000000
16096005 96.0906597222222 0.00132345677332037 3.22055943118145e-06 1.00000000
16096006 96.1047106481482 0.00130784338683336 3.35356025971369e-06 1.00000000
16096007 96.1167013888889 0.00129793922152114 2.09330278828151e-06 1.00000000
16096009 96.150787037037 0.00126669041503402 3.94329947522205e-06 1.00000000
16096011 96.1625231481481 0.0012643899824806 2.2758527258845e-06 1.00000000
16096012 96.1842592592593 0.00125310003585218 4.54263748199971e-06 1.00000000
16096019 96.2133680555556 0.00124664430341329 3.01448642817846e-06 1.00000000
16096021 96.2275578703703 0.00123771061988579 2.84959049865315e-06 1.00000000
16096023 96.2463425925926 0.0012146050194974 4.31862462693924e-06 1.00000000
16096024 96.2535416666667 0.00122113332031428 3.8534096114129e-06 1.00000000
16096025 96.2627893518518 0.00120915025166281 3.37938789750549e-06 1.00000000
16096026 96.2790046296296 0.00120738422889011 2.46117172405846e-06 1.00000000
16096027 96.300787037037 0.00120246171750764 2.49216027992184e-06 1.00000012
16096028 96.3230208333333 0.00119350628344505 3.4517258582969e-06 1.00000000
16096029 96.3350694444444 0.00118991477024845 3.54119261527467e-06 1.00000000
16096030 96.3477083333333 0.00119162346978305 2.58977065363995e-05 1.00000000
16096033 96.3515162037037 0.0011862615377347 2.56267207608813e-06 1.00000000
16096034 96.3731828703704 0.00118923999696537 5.99486322120815e-06 1.00000000
16096053 96.7210300925926 0.00144893987895018 1.89439895201342e-06 1.00000000
16096054 96.7422106481481 0.00140888649890406 2.55961588983311e-06 1.00000000
16096062 96.8286458333333 0.00148532014344237 1.8530615165225e-06 1.00000000
16096063 96.850150462963 0.00141578234158908 1.74621688870559e-06 1.00000000
16096064 96.8758333333333 0.00136561138363852 2.05456791436033e-06 1.00000000
16096065 96.8974305555555 0.00134297907245361 2.10372067039867e-06 1.00000000
16096066 96.9191203703704 0.0013214258400601 2.15202312432437e-06 1.00000000
16096067 96.9405787037037 0.00130466902602842 2.25393826500183e-06 1.00000000
16096068 96.9638657407407 0.00128776431640597 2.23808038752317e-06 1.00000000
16096069 96.9858217592593 0.00127017027443343 2.26321951607145e-06 1.00000000
16097001 97.0075347222222 0.00125607390682668 2.31983415748041e-06 1.00000000
16097002 97.0290740740741 0.00124610156628798 2.32773475118038e-06 1.00000000
16097003 97.050462962963 0.00123628965815964 2.33782820203931e-06 1.00000000
16097004 97.0724884259259 0.00122937915057552 3.20413412403888e-06 1.00000000
16097005 97.087349537037 0.00121658986900633 2.41604756247396e-06 1.00000000
16097006 97.108912037037 0.00120532436158629 2.43910462362632e-06 1.00000000
16097007 97.1307175925926 0.00119509062759981 2.47425125909112e-06 1.00000000
16097008 97.1521412037037 0.00118747179942983 2.5080710862578e-06 1.00000000
16097009 97.1734953703704 0.00117791858811378 2.51879042959737e-06 1.00000000
16097010 97.1952662037037 0.00117752258742664 2.81257029295901e-06 1.00000012
16097011 97.2152199074074 0.00116877576030779 2.62004325454355e-06 1.00000000
16097012 97.2367013888889 0.0011634273057901 2.61954939815334e-06 1.00000000
16097013 97.258287037037 0.00116167637321192 2.60922156928283e-06 1.00000000
16097014 97.2809375 0.00114856107525594 2.74069559443627e-06 1.00000000
16097015 97.3024537037037 0.00115411243585374 2.72128693985754e-06 1.00000000
16097016 97.3239236111111 0.00114376582554886 3.47309969887217e-06 1.00000000
16097028 97.4648032407407 0.00149839852064677 1.34250173548115e-05 1.00000000
16097029 97.4673032407407 0.00146673046605187 1.83291208774098e-06 1.00000000
16097030 97.48875 0.00141162156833259 1.94273689871106e-06 1.00000000
16097031 97.5098611111111 0.00137351520623471 2.04164220556735e-06 1.00000000
16097032 97.531875 0.00135143906846592 2.35266480518852e-06 1.00000000
16097033 97.5490046296296 0.00133965546695209 2.1620934402596e-06 1.00000000
16097035 97.5711574074074 0.0013251934122511 2.3306004982363e-06 1.00000000
16097036 97.5918402777778 0.0013039963652478 2.21875685738027e-06 1.00000000
16097037 97.6137847222222 0.00128134700407966 2.1990297712781e-06 1.00000000
16097038 97.6362037037037 0.00127239187066055 2.61333892067917e-06 1.00000000
16097039 97.6532175925926 0.00126268176352056 2.9179950407912e-06 1.00000000
16097041 97.6719444444444 0.00124313096064765 9.86510634535004e-06 1.00000000
16097042 97.6749189814815 0.00124625702958855 2.33418378984622e-06 1.00000000
16097044 97.6969675925926 0.0012386834246598 6.01891912561671e-06 1.00000000
16097045 97.702974537037 0.00123160398112564 3.09508841485728e-06 1.00000000
16097049 97.7520254629629 0.00120702499937516 2.43745909386243e-06 1.00000000
16097050 97.7742013888889 0.00119490467094731 2.39892579008436e-06 1.00000000
16097057 97.8575115740741 0.00145849188240664 1.92017834426546e-06 1.00000000
16097058 97.8790509259259 0.00139613068085617 1.98500901760882e-06 1.00000000
16097059 97.8997337962963 0.00136132589888484 3.18058198508016e-06 1.00000000
16097060 97.9137731481482 0.00132234947916745 2.15162182037595e-06 1.00000000
16097064 97.9530092592593 0.00127172775468337 2.26082190017125e-06 1.00000000
16097065 97.9746875 0.00126247778473756 3.83432385842473e-06 1.00000000
16097066 97.9955902777778 0.00123480352253471 2.51255343620398e-06 1.00000000
16098001 98.0173263888889 0.00122652770471723 2.40986783100735e-06 1.00000000
16098002 98.0392592592593 0.00121076450106436 2.68982013096135e-06 1.00000000
16098003 98.0610069444444 0.00119678565253344 2.73445870017702e-06 1.00000000
16098004 98.0827083333333 0.00118515391347641 3.1201433293022e-06 1.00000000
16098006 98.1100347222222 0.00117687176095156 2.62020988115467e-06 1.00000000
16098007 98.1336574074074 0.00117292591462791 6.21953839486175e-06 1.00000000
16098008 98.1406597222222 0.00116643466507018 2.68485434962209e-06 1.00000000
16098009 98.1625925925926 0.00115695945060985 2.83628225574393e-06 1.00000000
16098010 98.1842939814815 0.00114663889805714 3.02295202077915e-06 1.00000000
16098011 98.2059490740741 0.00114064430430644 2.86081986460961e-06 1.00000000
16098012 98.2275810185185 0.00114099540790026 5.49456721881867e-06 1.00000000
16098013 98.2358217592593 0.00112595991206545 2.75035572807571e-06 1.00000000
16098014 98.2594791666667 0.001119094939911 3.8486862546178e-06 1.00000000
16098027 98.9877430555556 0.0014976684793961 1.90447244982939e-06 1.00000000
16099001 99.0088541666667 0.00142955059714655 1.62265540997484e-06 1.00000000
16099002 99.0396875 0.00138499989951645 2.10916875189176e-06 1.00000000
16099003 99.0614351851852 0.00135564773769587 2.12558202334719e-06 1.00000000
16099004 99.0831134259259 0.00132984383024804 2.14789312521642e-06 1.00000000
16099005 99.1047453703704 0.00130945260394588 6.90466265470664e-06 1.00000000
16099006 99.1113310185185 0.00130292811574387 2.1775770191748e-06 1.00000000
16099007 99.1335416666667 0.00129233837996787 2.35581303285479e-06 1.00000000
16099008 99.1547222222222 0.00127608563833794 2.24158516601766e-06 1.00000000
16099009 99.1771064814815 0.00126698267478089 2.32643217144317e-06 1.00000000
16099010 99.1988541666667 0.00125522947294937 2.34426851263786e-06 1.00000000
16099011 99.2208217592593 0.00125034076661409 3.24577628536007e-06 1.00000000
16099012 99.2356712962963 0.00122905693978794 2.01779043541949e-06 1.00000000
16099013 99.2672685185185 0.00121920500958414 2.18303427987111e-06 1.00000000
16099014 99.2957407407408 0.00121095570607951 2.15253484182595e-06 1.00000000
16099024 99.4418171296296 0.00142211040748329 1.9061720816506e-06 1.00000000
16099025 99.4636805555556 0.00137069506180085 2.01215010825355e-06 1.00000000
16099026 99.4882175925926 0.00134541101957843 2.15620690823513e-06 1.00000000
16099027 99.5101736111111 0.00131870403993331 2.04654714205059e-06 1.00000000
16099028 99.5338541666667 0.00130077519012142 2.17234030073643e-06 1.00000000
16099029 99.5557638888889 0.00128492760263448 3.985453147337e-06 1.00000000
16099030 99.5649421296296 0.00127435969257243 2.24453737531596e-06 1.00000000
16099033 99.5893634259259 0.0012541224627472 1.60104344582219e-05 1.00000000
16099042 99.6754282407407 0.00151553273854023 1.90255207057103e-06 1.00000000
16099043 99.6970717592592 0.00143811155064608 1.94557759908878e-06 1.00000000
16099046 99.7219675925926 0.00140090553076351 2.24034053889532e-06 1.00000000
16099048 99.7411921296297 0.00136891400746731 2.0887321151996e-06 1.00000000
16099049 99.765 0.00135221564649713 2.32466950041028e-06 1.00000000
16099050 99.7835416666667 0.00133618282226036 2.76355514140581e-06 1.00000000
16099051 99.8000810185185 0.00131992803203563 2.28143497105106e-06 1.00000000
16099053 99.8258101851852 0.00130362005981493 2.27433952698247e-06 1.00000000
16099054 99.8468402777778 0.00129044600492716 2.24082140986809e-06 1.00000000
16099055 99.8683796296296 0.00127455257207431 2.30721804697912e-06 1.00000000
16099056 99.889849537037 0.00126855766389678 2.3018600269927e-06 1.00000000
16099057 99.9113078703704 0.00125975367046353 2.83687201300024e-06 1.00000000
16099059 99.9275578703704 0.00122549482951232 2.4436580006966e-06 1.00000000
16099060 99.9598611111111 0.00120806474642203 2.43224250061893e-06 1.00000000
16099061 99.982337962963 0.00119221437606957 2.22605979394382e-06 1.00000000
16100051 100.386018518519 0.00126888359825605 2.45136275163692e-06 1.00000000
16100052 100.40525462963 0.00126110663303449 2.71565510462268e-06 1.00000000
16100053 100.423819444444 0.0012467054418429 3.495148450915e-06 1.00000000
16100054 100.438113425926 0.00123859390095238 2.28749239913394e-06 1.00000000
16100055 100.464201388889 0.00123026061970276 2.84924824229006e-06 1.00000000
16100056 100.482222222222 0.00121862168943428 2.59159061336405e-06 1.00000000
16100069 100.639224537037 0.00144533446109978 1.88099229179113e-06 1.00000000
16100070 100.661493055556 0.0013975785014869 2.01401393618612e-06 1.00000000
16100071 100.683032407407 0.00137696988204831 2.4601695116744e-06 1.00000000
16100072 100.703159722222 0.00135111768187311 3.34402236449483e-06 1.00000000
16100073 100.713657407407 0.0013374529866321 2.07041288589275e-06 1.00000000
16100074 100.735914351852 0.00131550438756662 1.94019179201187e-06 1.00000000
16100077 100.783055555556 0.00128083498146733 2.23972153624039e-06 1.00000000
16100078 100.804560185185 0.00127271185968628 2.28584077677394e-06 1.00000000
16100079 100.826435185185 0.00126127819349925 2.49478519287547e-06 1.00000000
16100080 100.844907407407 0.00124397575125972 2.36204308073133e-06 1.00000000
16100081 100.866400462963 0.0012360079957729 3.36378450816577e-06 1.00000000
16100082 100.877349537037 0.00122504168503953 2.40092404546686e-06 1.00000000
16100083 100.901168981481 0.00121894331752901 4.04048301852029e-06 1.00000000
16100084 100.911898148148 0.00121997014896014 3.24638675856443e-06 1.00000000
16100085 100.925393518519 0.00120459960658996 5.2572148770062e-06 1.00000000
16100086 100.931655092593 0.00121665119319042 3.14122816726154e-06 1.00000000
16100088 100.947592592593 0.00120510543283173 4.67727834112843e-06 1.00000000
16101002 101.072141203704 0.00150364825900016 1.92534160048485e-06 1.00000000
16101003 101.093113425926 0.00143435566963872 1.7853155429178e-06 1.00000000
16101004 101.118726851852 0.00138069257858559 2.17532141339971e-06 1.00000000
16101005 101.140138888889 0.00135199431972493 3.2194198775466e-06 1.00000000
16101007 101.166087962963 0.0013529044467589 2.19375865916672e-06 1.00000000
16101008 101.187962962963 0.00133173693189301 2.01001666981917e-06 1.00000000
16101009 101.21224537037 0.00131119736739407 2.12874206569899e-06 1.00000000
16101010 101.233981481481 0.00131227755401729 4.27751642548038e-06 1.00000000
16101011 101.240173611111 0.00128972981573503 3.73896250161955e-06 1.00000000
16101012 101.248229166667 0.00129403986491224 3.32826938489784e-06 1.00000000
16101013 101.262581018519 0.00128448915240384 2.14465543957552e-06 1.00000000
16101014 101.286203703704 0.00127555560995365 2.24515760551586e-06 1.00000000
16101015 101.308055555556 0.0012667477557692 5.20932102136277e-06 1.00000000
16101016 101.313981481481 0.0012548399075708 3.28577797190565e-06 1.00000000
16101018 101.332071759259 0.00125764355725314 2.91136173570782e-06 1.00000000
16101019 101.346712962963 0.00124752004187382 2.16471518633955e-06 1.00000000
16101020 101.372372685185 0.00123081828112453 6.6370010700893e-06 1.00000000
16101021 101.379236111111 0.00121294090065857 3.39412024343963e-06 1.00000000
16101022 101.389641203704 0.00119654276872431 4.2386947354417e-06 1.00000000
16101030 101.574571759259 0.00144597933717689 1.83859944477479e-06 1.00000000
16101031 101.595949074074 0.0014043622603942 3.57084703698184e-06 1.00000000
16101034 101.618449074074 0.00138238750756782 2.74653793470305e-06 1.00000000
16101035 101.629918981481 0.00136097772515751 2.05884234269793e-06 1.00000000
16101036 101.651770833333 0.00133884629921867 2.18582534076905e-06 1.00000000
16101037 101.673472222222 0.00131924802547493 2.14635951006894e-06 1.00000000
16101038 101.694976851852 0.00130601025254654 6.71441255938804e-06 1.00000000
16101039 101.697777777778 0.00129795772438224 2.20282254066681e-06 1.00000000
16101040 101.721018518519 0.00127890585798245 2.32476890962625e-06 1.00000000
16101041 101.740844907407 0.00126417165037357 2.31909955779549e-06 1.00000000
16101042 101.763252314815 0.00125645569424212 2.26841195156519e-06 1.00000000
16101043 101.785081018519 0.00124573066698766 2.33057553042139e-06 1.00000000
16101044 101.8065625 0.00123521640368184 2.57652130919218e-06 1.00000000
16101045 101.824375 0.00122112049250081 2.74905615390041e-06 1.00000000
16101046 101.84630787037 0.00121072468814091 2.40480014466512e-06 1.00000000
16101047 101.867847222222 0.00120510613546831 2.35329161989308e-06 1.00000000
16101048 101.891423611111 0.00120124781920627 2.7261404177067e-06 1.00000000
16101057 101.975694444444 0.00148448523168529 1.83408586560997e-06 1.00000000
16101058 101.997881944444 0.00142146027841414 1.89558682255753e-06 1.00000000
16102001 102.019641203704 0.00139260606362003 3.22688046432881e-06 1.00000000
16102002 102.027847222222 0.00137700832663659 1.87581535442264e-06 1.00000000
16102003 102.05162037037 0.00135775461829126 3.87029220713211e-06 1.00000000
16102004 102.057939814815 0.00134990381046063 2.86782169476647e-06 1.00000000
16102005 102.070127314815 0.00134861031094446 2.04700960471554e-06 1.00000000
16102007 102.106226851852 0.00131368031138335 6.04444116722879e-06 1.00000000
16102010 102.129872685185 0.00130545090345188 3.12072428639681e-06 1.00000000
16102012 102.148796296296 0.00129059874414682 2.15886372882916e-06 1.00000000
16102014 102.175891203704 0.00127176188987251 2.23613795581574e-06 1.00000000
16102015 102.197615740741 0.00126374370816819 2.34841719069578e-06 1.00000000
16102016 102.220868055556 0.00124405077457851 2.28555488671064e-06 1.00000000
16102017 102.242719907407 0.00123748256284325 2.25556342297833e-06 1.00000000
16102018 102.265844907407 0.00121791549351971 2.36764925561546e-06 1.00000000
16102019 102.287696759259 0.00121719204071298 3.46110743891735e-06 1.00000000
16102020 102.299328703704 0.00120734825317748 4.99052879882517e-06 1.00000000
16102032 102.386446759259 0.00149191647174784 1.89361435725984e-06 1.00000000
16102033 102.407974537037 0.00143003532868475 1.92294839901789e-06 1.00000000
16102034 102.429641203704 0.00138944730891951 2.00971545596856e-06 1.00000000
16102035 102.450949074074 0.00136237273735335 3.05070558310956e-06 1.00000012
16102036 102.465162037037 0.00134296054820765 2.10434129799686e-06 1.00000000
16102038 102.487893518519 0.00132204519763776 2.12797204545624e-06 1.00000000
16102039 102.511064814815 0.001296466887501 2.16635939324422e-06 1.00000000
16102040 102.532511574074 0.00128452640784903 2.17457416430153e-06 1.00000000
16102041 102.554803240741 0.00126420234435528 2.20017023904045e-06 1.00000000
16102042 102.576701388889 0.00124409750506639 4.23720540080085e-06 1.00000000
16102043 102.585740740741 0.00124742628248279 2.24906072618327e-06 1.00000000
16102044 102.607361111111 0.00123040939281884 5.12042842131858e-06 1.00000000
16102045 102.613449074074 0.00123069923040019 2.52588582929644e-06 1.00000000
16102046 102.633009259259 0.00121589307670856 2.30934964997585e-06 1.00000000
16102047 102.6546875 0.00120649337282678 2.4354319869268e-06 1.00000000
16102048 102.675173611111 0.00119797827908967 2.36697010077501e-06 1.00000000
16102049 102.697511574074 0.00119742068020575 5.04249339541036e-06 1.00000000
16102053 102.754108796296 0.00148694015247911 2.05524756974953e-06 1.00000000
16102054 102.77462962963 0.00142782557291822 2.743616538033e-06 1.00000000
16102055 102.786215277778 0.00137580137454517 1.89276131747952e-06 1.00000000
16102056 102.807858796296 0.00134393038257703 2.72068661989603e-06 1.00000000
16102058 102.836967592593 0.00129164470211165 2.15976569246447e-06 1.00000000
16102059 102.857673611111 0.00127296442634316 2.22107484409413e-06 1.00000000
16102060 102.877210648148 0.00127513914541714 8.91009520478078e-06 1.00000000
16102061 102.879270833333 0.00126006080915188 4.62503857423272e-06 1.00000000
16102062 102.892881944444 0.00125214147433289 2.35336953719836e-06 1.00000000
16102063 102.912766203704 0.0012322439489064 2.2668937173674e-06 1.00000000
16102064 102.935844907407 0.00121421684533212 2.3376827741125e-06 1.00000000
16102065 102.95744212963 0.00119892419378279 3.10865824665637e-06 1.00000000
16102066 102.970439814815 0.00120892177815271 5.17037358213256e-06 1.00000000
16103002 103.081203703704 0.00147578860476642 1.81371773061456e-06 1.00000000
16103003 103.102824074074 0.00141343478325621 1.79640328702914e-06 1.00000000
16103005 103.142314814815 0.00136185973445339 1.96316476097076e-06 1.00000000
16103006 103.1640625 0.00134810266096072 3.3886759687973e-06 1.00000000
16103007 103.172928240741 0.00132495983508876 2.07580195150413e-06 1.00000000
16103008 103.194525462963 0.00130430388577968 4.93889838690095e-06 1.00000000
16103009 103.201041666667 0.00129695413622464 2.13990297752483e-06 1.00000000
16103010 103.222696759259 0.00128644104280709 2.18321648000815e-06 1.00000000
16103011 103.244189814815 0.0012685673388021 2.16454064454883e-06 1.00000000
16103012 103.266053240741 0.00125552855860558 2.10745717025477e-06 1.00000000
16103013 103.289710648148 0.0012492095854416 2.26520400404202e-06 1.00000000
16103014 103.311423611111 0.00124114215597041 2.53480026502132e-06 1.00000000
16103015 103.330821759259 0.00121930147695161 2.28347302267155e-06 1.00000000
16103016 103.353194444444 0.00121129905451747 2.21127567210496e-06 1.00000000
16103017 103.377685185185 0.00120510838029691 2.2856413010031e-06 1.00000000
16103018 103.400578703704 0.00119467448965494 3.2151939758134e-06 1.00000000
16103029 103.501412037037 0.0014331032058297 1.8938317548342e-06 1.00000000
16103031 103.540069444444 0.001352831357438 4.91520985758895e-06 1.00000000
16103032 103.544039351852 0.00133332330531322 2.56391855596048e-06 1.00000000
16103033 103.563368055556 0.00132043216541007 2.10458977049775e-06 1.00000000
16103034 103.584895833333 0.00129641354691931 2.03970024409537e-06 1.00000000
16103035 103.607905092593 0.00128589840968683 2.5868911780503e-06 1.00000000
16103036 103.624166666667 0.00126972624872834 2.41580970396339e-06 1.00000000
16103038 103.669837962963 0.00124379882357774 2.25950227217848e-06 1.00000000
16103039 103.693356481481 0.00123089619522315 2.20224229536904e-06 1.00000000
16103040 103.716597222222 0.00121847894462197 4.8609758932381e-06 1.00000000
16103041 103.725219907407 0.00122462125704277 2.62039838513061e-06 1.00000000
16103042 103.742199074074 0.00121375775423439 3.75522478792037e-06 1.00000000
16103043 103.751435185185 0.0012098892248784 2.50217544178355e-06 1.00000000
16103044 103.773449074074 0.00119988779866919 2.38250674835481e-06 1.00000000
16103045 103.795949074074 0.00118966918961878 2.58691344666323e-06 1.00000000
16103046 103.816157407407 0.00117986088432592 2.44014405921466e-06 1.00000000
16103047 103.837685185185 0.00117838117803873 2.43235706994644e-06 1.00000000
16103048 103.859953703704 0.00117102806096647 3.14857142940371e-06 1.00000000
16103051 103.941319444444 0.00146411489226191 1.87330643877591e-06 1.00000000
16103052 103.962800925926 0.00140156969646691 1.84815036205921e-06 1.00000000
16103053 103.986157407407 0.00137823819870151 2.24757676903072e-06 1.00000000
16104002 104.010902777778 0.000265185366988579 3.45143638377821e-05 1.00000000
16104005 104.025509259259 0.00132911839957173 1.95941860192214e-06 1.00000000
16104006 104.048958333333 0.00129294166396321 8.26233392852066e-06 1.00000000
16104010 104.151516203704 0.00149386416677662 1.90734614139046e-06 1.00000000
16104011 104.172731481481 0.00142577437821069 1.93761454610051e-06 1.00000000
16104012 104.194976851852 0.00120004074964505 3.17073446602337e-05 1.00000000
16104013 104.199398148148 0.00129430521993345 3.64436269549029e-05 1.00000000
16104014 104.202673611111 0.00133232594871316 3.64164224650252e-05 1.00000000
16104015 104.206319444444 0.00136019935665884 1.9896092622253e-06 1.00000000
16104016 104.228171296296 0.00134039829171346 2.10279339121681e-06 1.00000000
16104017 104.250162037037 0.00131871022059526 2.34770557505248e-06 1.00000000
16104018 104.269502314815 0.00129594250881972 2.15905138297727e-06 1.00000000
16104019 104.294363425926 0.0012898707255822 2.21415072873541e-06 1.00000000
16104020 104.316122685185 0.00127329912464181 2.26896214141819e-06 1.00000000
16104021 104.338136574074 0.00126057507739182 2.25180944720721e-06 1.00000000
16104022 104.359861111111 0.00124602601146374 2.93613187157942e-05 1.00000000
16104023 104.361909722222 0.00124828051730524 5.32338492173322e-06 1.00000000
16104024 104.367222222222 0.00123419391198907 6.83709619715907e-06 1.00000000
16104025 104.370532407407 0.00124223305899954 3.7578646960939e-06 1.00000000
16104026 104.381851851852 0.00124112365635635 9.26486602604209e-06 1.00000000
16104027 104.384664351852 0.00123069116125966 2.59265331016477e-06 1.00000000
16104029 104.404270833333 0.0012168337665021 2.34222713551546e-06 1.00000000
16104031 104.42693287037 0.00120755859959965 4.81591351724098e-06 1.00000000
16104032 104.439201388889 0.00120922680265593 8.8204990418325e-06 1.00000000
16104034 104.442824074074 0.00120485140313203 2.31187969721345e-06 1.00000000
16104035 104.464386574074 0.0012077671869047 3.02652107626139e-06 1.00000000
16104044 104.550416666667 0.00150651253826141 1.91280327743072e-06 1.00000000
16104045 104.5746875 0.00142905203386384 1.87468764263294e-06 1.00000000
16104046 104.596527777778 0.00137786677536843 6.51773183050533e-06 1.00000000
16104047 104.601875 0.00137977620992354 2.58208662923244e-06 1.00000000
16104048 104.624085648148 0.00132725425782654 1.07073282994283e-05 1.00000000
16104049 104.629548611111 0.00132565861792346 1.95016104972413e-06 1.00000000
16104050 104.654583333333 0.00130012310627994 1.86869294538905e-06 1.00000012
16104051 104.683506944444 0.00127439139776226 2.09718708014063e-06 1.00000000
16104052 104.709583333333 0.00126319925599473 2.24433199324743e-06 1.00000000
16104053 104.73130787037 0.0012462126711053 2.22855256902413e-06 1.00000000
16104054 104.75337962963 0.00123483889318093 2.24380383918353e-06 1.00000000
16104055 104.775694444444 0.00122346298494901 2.26774858099674e-06 1.00000000
16104056 104.798136574074 0.00123420109819288 5.09403965091466e-06 1.00000000
16104057 104.803449074074 0.00120945050311031 2.31213972986495e-06 1.00000000
16104058 104.829606481481 0.00120788950198562 2.33155285311546e-06 1.00000000
16104059 104.852025462963 0.00120122878330954 2.3369453963954e-06 1.00000000
16104060 104.875185185185 0.00119216789945987 3.46963203901125e-06 1.00000000
16105038 105.843310185185 0.00150382694646264 1.85767951348913e-06 1.00000000
16105039 105.866435185185 0.00143458937532077 1.78588404232029e-06 1.00000000
16105040 105.891527777778 0.00139403799929748 1.92881681550498e-06 1.00000000
16105041 105.913969907407 0.00136449571180567 2.13453850028582e-06 1.00000000
16105042 105.935439814815 0.00134470390650254 2.15805553758805e-06 1.00000000
16105043 105.957106481481 0.00132179463754479 7.48803633776997e-06 1.00000000
16105044 105.962986111111 0.0013018025226197 3.95659660447774e-06 1.00000000
16105045 105.982916666667 0.00130846589796384 3.45610073791866e-06 1.00000000
16105046 105.992210648148 0.00129212180651453 2.20802616204089e-06 1.00000000
16106001 106.014502314815 0.00126755336803849 2.24319215053761e-06 1.00000000
16106002 106.036678240741 0.00125491476862919 2.30876751989824e-06 1.00000000
16106003 106.058206018519 0.00124573459706592 2.33888754657723e-06 1.00000000
16106004 106.079756944444 0.00123476118841037 3.72959255649843e-06 1.00000000
16106005 106.09181712963 0.00123144284411592 3.66015908952422e-06 1.00000000
16106006 106.10193287037 0.00122618114832586 4.45393934327752e-06 1.00000000
16106007 106.110891203704 0.00122617934956928 3.32102800413934e-06 1.00000000
16106008 106.123240740741 0.00121476076058897 2.11599460651787e-06 1.00000000
16106009 106.151319444444 0.0012055475570001 2.94530117322122e-06 1.00000000
16106014 106.253159722222 0.00152619359703687 1.90551669814051e-06 1.00000000
16106015 106.275231481481 0.00144449292847515 1.88717166030858e-06 1.00000000
16106016 106.297141203704 0.00139094698524451 1.83588708581568e-06 1.00000000
16106017 106.322407407407 0.0013543915652 5.24725503110478e-06 1.00000000
16106018 106.326388888889 0.00133979828136812 1.95557900809154e-06 1.00000000
16106019 106.351377314815 0.00131606703001307 1.83857899897402e-06 1.00000000
16106020 106.385706018519 0.0012917610459778 2.18732664415527e-06 1.00000000
16106021 106.4075 0.00127757463140096 2.33669210450452e-06 1.00000000
16106024 106.454791666667 0.00125888959718222 8.77739584084586e-06 1.00000000
16106025 106.458912037037 0.00125290815586939 3.76580438538513e-06 1.00000000
16106026 106.468842592593 0.00124350591452421 2.30458857179444e-06 1.00000000
16106027 106.490775462963 0.0012423205014255 2.84756344908474e-06 1.00000000
16106028 106.507893518519 0.00122625591112733 2.32859519037426e-06 1.00000000
16106029 106.529548611111 0.00121732930950285 2.92844247959785e-06 1.00000000
16106031 106.559537037037 0.00116060826082282 1.49144164858817e-05 1.00000000
16106032 106.564560185185 0.00120196915044979 2.80831969294823e-06 1.00000000
16106033 106.587037037037 0.00119043702986295 4.21264320480615e-06 1.00000000
16106036 106.634224537037 0.00117068740575376 2.34421843545253e-06 1.00000000
16106045 106.784108796296 0.00152481640007708 2.16791683224104e-06 1.00000000
16106048 106.808761574074 0.00141506570284733 1.69421634890912e-06 1.00000000
16106049 106.835763888889 0.00136602231802589 2.62698530383349e-06 1.00000000
16106050 106.852199074074 0.00134054603149197 4.81200523681478e-06 1.00000000
16106051 106.857280092593 0.00133372088496179 2.15167328021912e-06 1.00000012
16106052 106.878865740741 0.00131249182069727 4.1834947134545e-06 1.00000000
16106053 106.887025462963 0.00131131404545174 5.86270357467472e-06 1.00000000
16106054 106.89150462963 0.00129964924667847 2.28049469409294e-06 1.00000000
16106058 106.947731481481 0.00125747264215965 2.20985520446518e-06 1.00000000
16107004 107.073136574074 0.00156971530648551 2.12463191039379e-06 1.00000000
16107005 107.095150462963 0.0014792132570705 1.97815106120476e-06 1.00000000
16107006 107.117696759259 0.00141532650295271 2.35537662639719e-06 1.00000012
16107007 107.148206018519 0.00135766895622556 1.96968481503411e-06 1.00000000
16107008 107.169965277778 0.00131654420785478 2.10411804602792e-05 1.00000000
16107010 107.172546296296 0.00133113205855638 2.05024699820966e-06 1.00000000
16107011 107.194976851852 0.0013047887665271 1.08421581816826e-05 1.00000000
16107012 107.19900462963 0.00130578811699149 2.13902827605426e-06 1.00000000
16107013 107.221458333333 0.00128888463760644 2.18234665436567e-06 1.00000000
16107014 107.243425925926 0.00127610265959986 2.21391059124978e-06 1.00000000
16107015 107.265034722222 0.00125545927966805 1.87975430862685e-06 1.00000000
16107016 107.295532407407 0.00124342827874635 1.88408304118165e-06 1.00000000
16107017 107.329826388889 0.00122012974900766 1.1459784616803e-05 1.00000000
16107018 107.336134259259 0.00122302081788533 3.82316518987414e-06 1.00000000
16107020 107.346840277778 0.00121527026701728 2.30576077953651e-06 1.00000000
16107021 107.369108796296 0.00120635013613914 2.19231435483492e-06 1.00000000
16107022 107.394166666667 0.00119516063973783 2.30141780054803e-06 1.00000000
16107042 107.782673611111 0.00147128286852148 1.52755132621941e-05 1.00000000
16107047 107.792847222222 0.00139950910168102 1.80271387239926e-06 1.00000000
16107048 107.816863425926 0.00134540284460488 2.12750537940191e-06 2.00000000
16107052 107.845428240741 0.00129359326561209 2.70850794996574e-06 2.00000000
16107054 107.865659722222 0.00126478710125095 1.22750549790731e-05 2.00000000
16107055 107.867106481481 0.00126498142309634 1.93916354587236e-06 2.00000000
16107058 107.896550925926 0.00124238624764416 3.23275453205694e-06 2.00000000
16107060 107.910439814815 0.00122950063993851 2.08619332011138e-06 2.00000000
16107061 107.937326388889 0.00121199023520668 2.30421741986876e-06 2.00000000
16107062 107.958773148148 0.0012029502312938 2.22607467905341e-06 2.00000000
16107063 107.982523148148 0.00119133384822957 2.16186551625931e-06 2.00000000
16108001 108.008229166667 0.00118100431109041 2.29802701422909e-06 2.00000000
16108002 108.035011574074 0.00117235616798922 2.32164944525481e-06 1.99999988
16108003 108.059305555556 0.00116409581774396 2.4355497420622e-06 1.99999988
16108004 108.082488425926 0.0011506641088558 2.47949279041717e-06 2.00000000
16108005 108.104803240741 0.00114264071390418 4.26633003703901e-06 2.00000000
16108008 108.179733796296 0.00149841581633188 1.82760898461033e-06 1.00000000
16108009 108.201319444444 0.0014219014927576 1.85342279878386e-06 1.00000000
16108010 108.2234375 0.00136988615409213 1.9211475329329e-06 1.00000000
16108011 108.246006944444 0.00132836972273502 2.01470649852105e-06 2.00000000
16108012 108.267685185185 0.00131003899823143 2.01141627019251e-06 2.00000000
16108013 108.290636574074 0.0012847001232022 4.35989339194966e-06 2.00000000
16108016 108.312222222222 0.0012658935560492 1.21741375566415e-05 2.00000000
16108017 108.316076388889 0.00126007887106453 2.1614951879617e-06 2.00000000
16108018 108.337546296296 0.00124625970060814 2.3176838799654e-06 2.00000000
16108019 108.357650462963 0.00123657354425387 2.21868793922419e-06 2.00000000
16108020 108.379097222222 0.00122347251915681 2.07398295951903e-06 2.00000000
16108021 108.404375 0.00122205277703767 3.98246878497483e-06 2.00000000
16108026 108.494363425926 0.00154122549299322 1.08436980084968e-05 1.00000000
16108027 108.496134259259 0.00147206515405468 1.48748364591576e-06 1.00000000
16108028 108.525752314815 0.00137485260606792 1.80167065322758e-06 1.00000000
16108030 108.552719907407 0.00132580362916058 1.01041540084668e-05 2.00000024
16108031 108.554375 0.00132227604025353 2.03390102968635e-06 2.00000000
16108033 108.585520833333 0.00129362726132913 2.08532517838747e-06 2.00000000
16108034 108.606759259259 0.00129146208962419 3.89364948831363e-06 2.00000000
16108035 108.615277777778 0.00126958986102012 3.58720630151765e-06 2.00000000
16108036 108.625821759259 0.00125976707332855 2.25878989107538e-06 2.00000000
16108037 108.647974537037 0.00124951103613556 1.96717166055965e-06 2.00000000
16108038 108.674849537037 0.00123766631430713 2.23838437209195e-06 2.00000000
16108039 108.696365740741 0.00122448106962134 2.255844448464e-06 2.00000000
16108040 108.717881944444 0.00121121173922997 2.29101785619552e-06 2.00000000
16108041 108.743032407407 0.00120434620267255 9.4528313171014e-06 2.00000000
16108042 108.750115740741 0.00119612024352184 2.0968540356039e-06 1.00000000
16108043 108.776377314815 0.00118367833862504 2.38368393463541e-06 2.00000000
16108044 108.79818287037 0.00117472195837368 2.04976203216523e-06 2.00000000
16108045 108.828391203704 0.00115795654177814 1.31643658837944e-05 2.00000000
16108054 108.890844907407 0.00150692234125131 1.82064410763373e-06 1.00000000
16108055 108.914155092593 0.00142391754655585 1.87887929684147e-06 1.00000000
16108056 108.935659722222 0.00137378443886929 1.81429963504995e-06 1.00000000
16108057 108.96087962963 0.0013405360043366 1.99445426772729e-06 2.00000000
16108058 108.982951388889 0.0013154025925137 2.10063543866294e-06 2.00000000
16109001 109.004675925926 0.00130138304206175 3.03230974787294e-06 2.00000000
16109002 109.017824074074 0.00127941426547028 2.10110076183112e-06 2.00000000
16109003 109.03974537037 0.0012618824654669 2.42860225091717e-06 2.00000000
16109005 109.063275462963 0.00125739465439699 5.29838648133579e-06 2.00000000
16109006 109.068055555556 0.00124719294008926 2.12325903568465e-06 2.00000000
16109007 109.089722222222 0.00124117598103815 2.20643132580146e-06 2.00000000
16109008 109.111354166667 0.00122102382018108 2.27390140150212e-06 2.00000000
16109009 109.133113425926 0.00121445183557353 3.91034586311189e-06 2.00000000
16109010 109.1434375 0.00120959367676856 2.23280024605887e-06 2.00000000
16109011 109.166689814815 0.00120907770670697 3.57248854011388e-06 2.00000000
16109012 109.176921296296 0.00119859238471228 3.07437127135836e-06 2.00000000
16109013 109.192256944444 0.001190587823766 4.35913193044388e-06 2.00000000
16109014 109.200173611111 0.00118537105662032 2.3282060410486e-06 2.00000000
16109015 109.222511574074 0.00118342744409605 7.86460541643903e-06 2.00000000
16109022 109.291157407407 0.00149318813368801 1.83568750400728e-06 1.00000000
16109023 109.312777777778 0.00140965723204682 1.81918435577998e-06 1.00000000
16109025 109.335335648148 0.00136137817327147 1.89280244319207e-06 1.00000000
16109026 109.357569444444 0.00133573034534538 2.00561940685579e-06 2.00000000
16109027 109.379270833333 0.00131566201258743 1.98873418359159e-06 2.00000000
16109028 109.4090625 0.00129974993259779 4.47965320388591e-06 2.00000000
16109029 109.417268518519 0.00128164057916677 2.14822723951647e-06 2.00000000
16109030 109.438993055556 0.0012683116922607 2.17765577927347e-06 2.00000000
16109031 109.460625 0.00125293699690206 2.19355984510987e-06 2.00000000
16109032 109.482349537037 0.00123598418935253 2.22229594941688e-06 2.00000000
16109033 109.503946759259 0.00121870201573318 2.23463424514304e-06 2.00000000
16109034 109.525555555556 0.00121160870581135 2.81186594606356e-06 2.00000000
16109035 109.540127314815 0.00120413251400568 3.59515780548519e-06 2.00000000
16109037 109.55599537037 0.00118976466160302 2.37502145235418e-06 2.00000000
16109038 109.577546296296 0.00118522798543491 2.1772810392462e-06 2.00000000
16109039 109.603356481481 0.00117570027562168 2.93897059931009e-06 2.00000000
16109048 109.743668981481 0.00146881957000976 1.65520609177661e-06 1.00000000
16109049 109.770173611111 0.00138380318567777 1.89181537896487e-06 1.00000000
16109050 109.791805555556 0.00134798649167988 2.1407268104051e-06 1.00000012
16109051 109.809270833333 0.00132156252926965 1.97884118231167e-06 2.00000024
16109052 109.831481481481 0.00129474829164514 2.02442931619609e-06 2.00000000
16109053 109.853090277778 0.00127939515431838 2.30265141909395e-06 2.00000000
16109054 109.874988425926 0.00125818382072299 2.14453435787765e-06 2.00000000
16109056 109.897488425926 0.00124708985105745 2.20703846858618e-06 2.00000000
16109057 109.918356481481 0.00122950841967976 2.1801655985362e-06 2.00000000
16109058 109.939710648148 0.00121717497309968 2.20957729496182e-06 2.00000000
16109059 109.960972222222 0.00120990367093844 2.20494849682348e-06 2.00000000
16109060 109.982928240741 0.00120602690559559 3.52671456602409e-06 2.00000000
16109061 109.994537037037 0.00119480063853338 2.16118642931473e-06 2.00000000
16110001 110.01875 0.00117868295169148 2.21984606453348e-06 2.00000000
16110002 110.042326388889 0.00117020492426719 1.85020152588196e-06 2.00000000
16110005 110.134895833333 0.00148465886609865 4.58111587154363e-06 1.00000000
16110007 110.147210648148 0.00139877731763398 1.83942823572931e-06 1.00000000
16110008 110.16875 0.00134410834453725 1.87082870814288e-06 1.00000000
16110009 110.190289351852 0.00132127501199252 1.92390205851521e-06 1.00000000
16110010 110.211979166667 0.00129882225355358 1.97928970470218e-06 2.00000000
16110011 110.233981481481 0.00128977197263372 1.93429320634564e-06 2.00000000
16110012 110.260729166667 0.00126655967036395 2.11734290502977e-06 2.00000000
16110013 110.282141203704 0.00125231715665304 2.13800127973754e-06 2.00000000
16110014 110.303715277778 0.00123410616252471 2.15681125427669e-06 2.00000000
16110015 110.325509259259 0.00121985496905201 2.1713790831426e-06 2.00000000
16110016 110.347384259259 0.00121039620390414 2.124699350129e-06 2.00000000
16110017 110.37119212963 0.00119455665774014 2.8788424491034e-06 2.00000000
16110018 110.384872685185 0.00119002505106864 2.48978378723709e-06 2.00000000
16110019 110.406423611111 0.00118643498476869 2.25878033281672e-06 2.00000000
16110020 110.429583333333 0.00118162185809638 2.37309530550688e-06 2.00000000
16110021 110.451111111111 0.0011711130733397 4.3055206319886e-06 2.00000000
16110035 110.821921296296 0.00148540157309772 1.84000202049382e-06 1.00000012
16110036 110.843564814815 0.00140741598414742 1.87822686487186e-06 1.00000000
16110037 110.870138888889 0.00135622142576335 1.86154402714099e-06 1.00000000
16110038 110.893333333333 0.00133212725512613 1.97396536760641e-06 2.00000000
16110039 110.916215277778 0.00130720952169512 2.06777754649747e-06 2.00000000
16110040 110.937372685185 0.00128701914117138 2.36841147996048e-06 2.00000000
16110041 110.956979166667 0.00126430439252486 2.09381607052023e-06 2.00000000
16110042 110.978796296296 0.00124595024782598 2.1418248714428e-06 2.00000000
16111001 111.000659722222 0.00123631089360599 2.18019463960611e-06 2.00000000
16111002 111.022361111111 0.00122507971095619 2.19847351996837e-06 2.00000000
16111003 111.044085648148 0.00121193104712869 2.23622853094052e-06 2.00000000
16111004 111.065821759259 0.00120236677846588 4.44376389619953e-06 2.00000000
16111005 111.07525462963 0.00118612045399261 2.95551298670224e-06 2.00000000
16111024 111.478993055556 0.00150293688370555 1.8512816950228e-06 1.00000000
16111025 111.500439814815 0.00142273180371237 1.81201982410949e-06 1.00000000
16111026 111.522256944444 0.00136975500760707 1.90422243350349e-06 1.00000000
16111027 111.543761574074 0.00134117822062844 1.91825250439348e-06 1.00000000
16111028 111.565601851852 0.00132605700246867 1.88013704284044e-06 1.99999988
16111029 111.589826388889 0.0012997909476958 2.45147093910976e-06 2.00000000
16111030 111.604837962963 0.00128031648401564 2.09384950435227e-06 2.00000000
16111031 111.627777777778 0.00126672998466345 2.36787481766274e-06 2.00000000
16111032 111.649571759259 0.00125864292075046 2.12814105846046e-06 2.00000000
16111033 111.671319444444 0.00125161037901873 2.1367436690292e-06 2.00000000
16111034 111.693171296296 0.00123802843871894 2.1646675997991e-06 2.00000000
16111035 111.715266203704 0.00123552467001701 3.42975801760861e-06 2.00000000
16111036 111.726099537037 0.00122464801208001 3.50517362742527e-06 2.00000000
16111037 111.73912037037 0.00121738032111779 2.24667369445991e-06 2.00000000
16111038 111.760671296296 0.00120635094231526 2.27464596438297e-06 2.00000000
16111039 111.782268518519 0.00119467665545961 2.32401473010564e-06 2.00000000
16111040 111.803923611111 0.00118935308567545 2.35918605664601e-06 2.00000000
16111041 111.825451388889 0.00118059822279653 2.36548100276794e-06 2.00000000
16111042 111.847083333333 0.00116843474639979 2.45655456778966e-06 2.00000000
16111043 111.867083333333 0.00116076099971184 3.06585796591228e-06 2.00000000
16111049 111.974108796296 0.00145022233974577 1.72891126516049e-06 1.00000000
16111050 111.997604166667 0.00137815360017431 1.86871993740622e-06 1.00000000
16112001 112.019305555556 0.00134652374652385 2.27804322590605e-06 1.00000000
16112002 112.034849537037 0.00132488365366554 1.9863543129337e-06 2.00000000
16112003 112.056481481481 0.00131097746692064 1.99380174467403e-06 1.99999988
16112004 112.078611111111 0.00128548044185612 2.06373752976757e-06 2.00000000
16112005 112.102256944444 0.00125938729382045 2.07802787342654e-06 2.00000000
16112006 112.123888888889 0.00124409762685863 2.1348508917609e-06 2.00000000
16112007 112.145462962963 0.00124521696411519 2.11944370928649e-06 2.00000000
16112008 112.168136574074 0.00123370359388008 2.25732425152581e-06 2.00000000
16112009 112.189965277778 0.00122147207783549 2.24628059542207e-06 2.00000000
16112010 112.211793981481 0.00121663571200999 3.18658682081676e-06 2.00000000
16112011 112.227280092593 0.00120333286228798 2.2886177445743e-06 2.00000000
16112012 112.248946759259 0.00118526178849035 2.39750446787109e-06 2.00000000
16112013 112.270150462963 0.00116745613696009 2.7845638882935e-06 2.00000000
16113002 113.025856481481 0.00146991371840399 3.6518749510234e-06 1.00000000
16113003 113.033298611111 0.00143944517973015 3.40346591912658e-06 1.00000000
16113004 113.041469907407 0.00140709762795844 4.50765027753304e-06 1.00000000
16113008 113.119814814815 0.00144869954770044 1.7903280479314e-06 1.00000000
16113009 113.141944444444 0.00138270626130008 8.21689805704608e-06 1.00000000
16113010 113.143611111111 0.00137914138789592 2.63464823603297e-06 1.00000000
16113011 113.156053240741 0.00135298824597437 2.49143872158256e-06 1.00000000
16113012 113.168599537037 0.00133122912332554 2.66786480524381e-06 1.00000000
16113014 113.187465277778 0.00130462814863418 2.14818450920552e-06 2.00000000
16113015 113.208993055556 0.00128442095201717 2.06198659847544e-06 2.00000000
16113016 113.230509259259 0.00126381520365475 2.8120960619895e-06 2.00000000
16113017 113.245590277778 0.00123837233421533 2.11766302853875e-06 2.00000000
16113018 113.267094907407 0.00122580450833357 2.25749697246568e-06 2.00000000
16113019 113.29712962963 0.00121502308287178 2.05952318421575e-06 2.00000000
16113020 113.321828703704 0.00119549851271535 2.24535725306314e-06 2.00000000
16113021 113.343796296296 0.00118533233280948 2.11656904774309e-06 2.00000000
16113022 113.371608796296 0.00117730094366031 2.37989257536723e-06 2.00000000
16113028 113.405011574074 0.00116878496113195 2.27744374780539e-06 2.00000000
16113029 113.428611111111 0.00115760046029059 2.33624219125844e-06 2.00000000
16113040 113.601608796296 0.0014561626332544 1.74784961138332e-06 1.00000000
16113041 113.624189814815 0.00137808508145686 1.88498596804249e-06 1.00000000
16113042 113.646724537037 0.00133399912210783 1.99083020649602e-06 1.00000000
16113043 113.668576388889 0.00130213742878964 2.08631150378769e-06 2.00000000
16113044 113.690601851852 0.0012819434285711 2.31785456311855e-06 2.00000000
16113045 113.712905092593 0.00126189720691295 2.40269609344696e-06 2.00000000
16113048 113.785393518519 0.00121223973902814 2.26249980796039e-06 2.00000000
16113049 113.806793981481 0.0011943336802267 2.26004833221328e-06 2.00000000
16113050 113.828553240741 0.00118648462202917 2.28310538092556e-06 2.00000000
16113051 113.850069444444 0.00117888206066789 2.54492238802233e-06 2.00000000
16113052 113.870798611111 0.00117194495992739 2.3601783594868e-06 2.00000000
16113053 113.892326388889 0.00116291674509106 2.38945343837931e-06 2.00000000
16113054 113.913958333333 0.00116853792039243 9.08859881248887e-06 2.00000000
16113055 113.917280092593 0.00115810514009036 2.54914430153618e-06 2.00000000
16113056 113.937164351852 0.00115833048256829 6.56114745518365e-06 2.00000000
16114002 114.014097222222 0.00148836110131645 1.72325630007904e-06 1.00000000
16114003 114.038946759259 0.001399947572814 1.91426717020574e-06 1.00000000
16114004 114.060509259259 0.00135792385007196 1.96528140904681e-06 1.00000000
16114005 114.08224537037 0.001328208706633 2.03242132031463e-06 2.00000000
16114006 114.103831018519 0.0013120569130794 2.88004795037941e-06 2.00000000
16114007 114.115034722222 0.00130690632832314 4.88734516159085e-06 2.00000000
16114008 114.119456018519 0.00129342372795143 2.19410938584544e-06 2.00000000
16114009 114.141793981481 0.00127001340344627 2.1575236682448e-06 2.00000000
16114010 114.163402777778 0.00125614005730307 2.17501632854296e-06 2.00000000
16114011 114.185069444444 0.00124885805031853 2.20141161567265e-06 2.00000000
16114012 114.206770833333 0.00123068492055042 2.22651828071997e-06 2.00000000
16114013 114.228472222222 0.00122454888982743 2.27745097502425e-06 2.00000000
16114014 114.250104166667 0.00121133861104284 2.88125400521446e-06 2.00000000
16114015 114.266724537037 0.00119644164748558 2.34428939547773e-06 2.00000000
16114016 114.288194444444 0.00119380745157548 2.39672203693914e-06 2.00000000
16114017 114.309641203704 0.00118454479038018 2.41523240146813e-06 2.00000000
16114018 114.331018518519 0.0011726787417944 2.17584492501276e-06 2.00000000
16114026 114.446851851852 0.00138652836019667 1.8045700383439e-06 1.00000000
16114027 114.469606481481 0.00130899619169464 1.95232212327895e-06 2.00000024
16114028 114.491435185185 0.00127948953617648 2.06675310912909e-06 2.00000000
16114029 114.51287037037 0.00125796659644214 2.11714221561452e-06 2.00000000
16114030 114.534351851852 0.00123913820900842 2.15221928917888e-06 2.00000000
16114031 114.555844907407 0.0012230177030815 2.24500518173399e-06 2.00000000
16114032 114.576585648148 0.00120099176236921 5.3278394477192e-06 2.00000000
16114033 114.589502314815 0.00119223456544486 2.25777280146502e-06 2.00000000
16114034 114.61130787037 0.00117075165892378 1.12015280037019e-05 2.00000000
16114036 114.61494212963 0.00117625948900924 6.10964375002594e-06 2.00000000
16114041 114.902141203704 0.00135399589039086 1.89903477245229e-06 1.00000000
16114046 114.929097222222 0.00131053739326218 4.60422317722713e-06 2.00000000
16114047 114.933819444444 0.00129501855278047 2.06468905509022e-06 2.00000000
16114048 114.955347222222 0.00126723636541545 2.1016695427133e-06 2.00000000
16114049 114.976956018519 0.00124904401886267 2.94977539909902e-06 2.00000000
16115001 115.00130787037 0.00123328493789672 3.13854156465572e-06 2.00000000
16115002 115.015219907407 0.00123612919185588 3.84006391612332e-06 2.00000000
16115003 115.026377314815 0.00141206097817606 3.8478669195528e-05 2.00000000
16115004 115.048923611111 0.00119277747945536 2.83169162945819e-06 2.00000000
16115005 115.06994212963 0.00118565485331439 2.97737715728707e-06 2.00000000
16115006 115.091597222222 0.00117585083355944 3.00860411724809e-06 2.00000000
16115007 115.113229166667 0.00117098509616519 3.71910463773601e-06 2.00000000
16115008 115.127824074074 0.00115780348831207 5.42659661379735e-06 2.00000000
16115009 115.136701388889 0.00115424902205307 3.03168883612e-06 2.00000000
16115010 115.158460648148 0.00114449242986655 2.94956693876888e-06 2.00000000
16115011 115.1815625 0.00113728655623333 3.08816019520224e-06 2.00000000
16115012 115.203321759259 0.00113265964676926 3.61636962146124e-06 1.99999988
16115017 115.277268518519 0.00145839913266684 1.81627110219542e-06 1.00000000
16115018 115.302118055556 0.00136614718527534 1.90589157393601e-06 1.00000000
16115019 115.329444444444 0.00132971980167885 4.68109850859521e-06 2.00000000
16115021 115.34494212963 0.00130711623252873 4.47531531777827e-06 2.00000000
16115022 115.359178240741 0 0.000432728682587857 2.00000000
16115029 115.396400462963 0 0.000181958870996455 2.00000000
16115030 115.404305555556 0.00125341251132053 2.12465796433313e-06 1.00000000
16115031 115.425833333333 0.00124723525180307 7.44204154213395e-06 2.00000000
16115032 115.428263888889 0.0012346532051457 4.79889903762677e-06 2.00000000
16115033 115.433055555556 0.00124207148710347 3.87309790115428e-06 2.00000000
16115034 115.440358796296 0.00122105197754062 5.82355873275015e-06 2.00000000
16115036 115.444479166667 0.00122681509872906 3.63826898409044e-06 2.00000000
16115037 115.455277777778 0.00122928246573322 2.20397914781435e-06 2.00000000
16115039 115.4784375 0.00121102748933844 2.31073323323503e-06 2.00000000
16115040 115.49994212963 0.0012005662492777 2.22626981508336e-06 2.00000000
16115041 115.523391203704 0.00119547012246585 6.01588996046134e-06 2.00000000
16115042 115.527696759259 0.0011804806412847 4.33400806810279e-06 2.00000000
16115044 115.561018518519 0.00117110595781069 2.45829466877438e-06 2.00000000
16115045 115.582511574074 0.00116480483524832 2.47070913417747e-06 2.00000000
16115046 115.603935185185 0.00116005927225225 2.1239018831231e-06 2.00000000
16115047 115.633460648148 0.00115305375673109 2.56117211750352e-06 2.00000000
16115048 115.65505787037 0.00114523595801509 6.94611750844215e-06 2.00000000
16115053 115.718587962963 0.00144531255554396 1.80892851030891e-06 1.00000000
16115054 115.741759259259 0.00136569480786839 1.96144686515327e-06 1.00000000
16115055 115.763287037037 0.00133151929316167 2.00777299216924e-06 1.99999988
16115056 115.784756944444 0.00128994879005322 6.67511334398928e-06 2.00000000
16115057 115.791111111111 0.00128916924340459 2.05613086318616e-06 2.00000000
16115058 115.812708333333 0.00127399853789189 2.13401038976517e-06 2.00000000
16115059 115.834224537037 0.00125002974068337 2.15975389289673e-06 2.00000000
16115060 115.864328703704 0.00123582217156767 2.31154475503957e-06 2.00000000
16115061 115.885011574074 0.00121996053848616 2.26731100888861e-06 2.00000000
16115062 115.906574074074 0.00120647636607863 2.33564119298614e-06 2.00000000
16115063 115.928125 0.00119332114466516 2.3397441520242e-06 2.00000000
16115064 115.949710648148 0.00119055999933982 2.5982509456994e-06 2.00000000
16115065 115.969537037037 0.00117944925513476 2.41710786596723e-06 2.00000000
16115066 115.991145833333 0.00116753801435207 2.41837457150848e-06 2.00000000
16116001 116.012615740741 0.0011601667062444 3.00622000651919e-06 2.00000000
16116002 116.029976851852 0.00115613888888827 2.35610309513239e-06 1.00000012
16116007 116.1090625 0.00143992993008153 1.70315259658878e-06 1.00000000
16116008 116.133715277778 0.00136259387272029 1.96784149274785e-06 1.00000000
16116009 116.154571759259 0.00132299518178713 2.0115784561919e-06 2.00000000
16116010 116.176238425926 0.00129857648382513 2.0414476705974e-06 2.00000000
16116011 116.19837962963 0.00127927209936466 2.12685954904044e-06 2.00000000
16116012 116.219988425926 0.00126551307606253 2.69970587108697e-06 2.00000000
16116013 116.236111111111 0.00124273748363939 2.6363891251981e-06 2.00000000
16116014 116.251041666667 0.00123779296796974 2.55545503054938e-06 2.00000000
16116015 116.267997685185 0.0012259599047081 9.24908509133067e-06 2.00000000
16116016 116.269872685185 0.00122620675884681 2.20390732478395e-06 2.00000000
16116017 116.291956018519 0.00122159101864357 6.77667076317455e-06 2.00000000
16116018 116.295011574074 0.00121927080415583 1.3687165266821e-05 2.00000000
16116019 116.296423611111 0.00120836992611654 2.27288879401877e-06 2.00000000
16116020 116.318414351852 0.00119928585543081 2.07684873894539e-06 2.00000000
16116021 116.343703703704 0.00119057583766603 2.6667269846629e-06 2.00000000
16116022 116.360081018519 0.00117852636615175 2.42762102154171e-06 2.00000000
16116023 116.381979166667 0.0011660655514543 2.33146616375294e-06 2.00000000
16116024 116.40505787037 0.0011610602762346 2.4298123979153e-06 2.00000000
16116025 116.427002314815 0.00115051089616933 3.09997868260151e-06 2.00000000
16116032 116.517361111111 0.00148309752490663 1.7263034901305e-06 1.00000000
16116033 116.544664351852 0.00138510806546881 1.90139654902578e-06 1.00000000
16116034 116.566759259259 0.00134651880868476 1.98140449268496e-06 1.00000000
16116035 116.588298611111 0.00132205923884271 2.11488230045906e-06 2.00000000
16116036 116.609837962963 0.00129937091749662 7.25052628864812e-06 2.00000000
16116037 116.614525462963 0.00129700940158645 2.11203549440745e-06 2.00000000
16116038 116.636018518519 0.00128424986687533 3.29887456150938e-06 2.00000000
16116039 116.649074074074 0.00125581739680338 2.18189201349424e-06 2.00000000
16116040 116.670740740741 0.00124665371147994 2.18268088573391e-06 2.00000000
16116041 116.692418981481 0.00123598143260809 2.63756899523122e-06 2.00000000
16116042 116.725428240741 0.00121528680571128 2.32644568490691e-06 2.00000000
16116043 116.746909722222 0.00120319140649432 2.32680264776181e-06 2.00000000
16116044 116.768344907407 0.00119874217535325 6.09181373641943e-06 2.00000000
16116045 116.775752314815 0.00118529852359425 2.35162341760289e-06 2.00000000
16116046 116.797291666667 0.00117856791084842 2.38686611830793e-06 2.00000000
16116047 116.818726851852 0.0011850946142097 6.84388023921661e-06 2.00000000
16116048 116.822083333333 0.00117136327493869 2.35474112852455e-06 2.00000000
16116049 116.844155092593 0.00116183660875995 3.53669377160115e-06 2.00000000
16116052 116.911863425926 0.00146710375198625 1.86976966501082e-06 1.00000000
16116053 116.934178240741 0.0013913599350289 1.9389305709705e-06 1.00000000
16116054 116.955729166667 0.00135576519291521 1.87969657367582e-06 1.00000000
16116055 116.980277777778 0.0013329329726836 2.02900238807774e-06 2.00000000
16117001 117.001851851852 0.00130910845099725 2.09699146139607e-06 2.00000000
16117002 117.023333333333 0.00129520839943399 2.43485275284961e-06 2.00000000
16117003 117.041030092593 0.00127858141602674 2.10080408013658e-06 2.00000000
16117004 117.063877314815 0.00126219407343479 2.17377646781445e-06 2.00000000
16117005 117.085648148148 0.00125245411266415 4.23102422006047e-06 2.00000000
16117006 117.093576388889 0.00124597126052487 2.23377513908355e-06 2.00000000
16117007 117.115092592593 0.00122846801327424 2.26604732537881e-06 2.00000000
16117008 117.136805555556 0.00119732091423579 1.42775862005353e-05 2.00000000
16117009 117.1384375 0.00121940254538546 8.05011428853581e-06 2.00000000
16117010 117.141805555556 0.00120922884255031 7.72116495686818e-06 2.00000000
16117011 117.145173611111 0.00121314413974928 5.73892080258589e-06 2.00000000
16117012 117.149155092593 0.00120900053498391 2.7949913004022e-06 2.00000000
16117013 117.168252314815 0.00120213192878737 7.30412905400637e-06 2.00000000
16117014 117.173321759259 0.00120283848526782 3.35013543586403e-06 2.00000000
16117015 117.185289351852 0.00118900395258265 1.35715364796482e-05 2.00000000
16117017 117.190150462963 0.0011902978882596 2.38932546812587e-06 2.00000000
16117018 117.211516203704 0.00117889382687469 3.38017142590825e-06 2.00000000
16117019 117.224780092593 0.00118842646753089 3.8326800918325e-06 2.00000000
