16091058 91.9486458333333 0.0383662872609769 0.000978611397190086 1.00000000
16091059 91.9500810185185 0.0368562048831061 0.000283076739348151 1.00000000
16093061 93.8342939814815 0.0376609749801939 0.00020588712840814 1.00000000
16093064 93.8440625 0.036854493991698 0.000100209271654374 1.00000000
16093065 93.8615972222222 0.0383589353792292 0.000102932966114061 1.00000000
16093066 93.881087962963 0.0364251256960592 0.000351585739601346 1.00000000
16093067 93.8848958333333 0.0368147157090458 0.000115281854891791 1.00000000
16093070 93.9056481481481 0.0365554270808678 0.000114898682074103 1.00000000
16093072 93.9267361111111 0.0359034189010584 0.000119659391952682 1.00000000
16093074 93.9498842592593 0.0365521752149732 0.000111554379527161 1.00000000
16093075 93.9714351851852 0.0378541977668706 0.000265476662186398 1.00000000
16093076 93.9782291666667 0.0378164410279349 0.000131224365937814 1.00000000
16093077 93.9953356481482 0.037187714197031 0.000116066867245219 1.00000012
16094001 94.0176967592593 0.0367273494942922 0.000136311870735957 1.00000000
16094002 94.0356597222222 0.0371225764273533 0.000120443429443031 1.00000000
16094003 94.0574537037037 0.0349884285323301 0.000155927573952824 1.00000000
16094004 94.0737615740741 0.0362191579225185 0.00016235184207497 1.00000000
16094005 94.0881944444445 0.0364145462462268 0.000184324249638313 1.00000000
16094016 94.2751851851852 0.0373856973773544 7.54380012335645e-05 1.00000000
16094017 94.2984027777778 0.036429999887113 8.4138159398261e-05 1.00000000
16094018 94.3219791666667 0.0359495903256537 0.000302724759221753 1.00000000
16094019 94.3292824074074 0.0352460553148885 8.70396734772709e-05 1.00000000
16094020 94.3515277777778 0.0354868650046509 9.2099140180416e-05 1.00000000
16094021 94.3728240740741 0.0367942541373706 0.000109142352331017 1.00000000
16094022 94.3942824074074 0.0362216379482641 0.00011033698300081 1.00000000
16094023 94.4113078703704 0.0362248029952022 0.000205790707459383 1.00000000
16094025 94.4189699074074 0.0355862215143659 9.88981525507394e-05 1.00000000
16094026 94.4403935185185 0.0367206216386697 0.000104003237148739 1.00000012
16094027 94.4621412037037 0.0353216440449649 0.000101746987808013 1.00000000
16094028 94.4841898148148 0.0361203008605733 0.000105677884418375 1.00000000
16094029 94.5058796296296 0.036956472754234 0.000112538595749078 1.00000000
16094030 94.5274884259259 0.0355704108585305 0.000199145057494192 1.00000000
16094032 94.5366435185185 0.0361094715759897 0.00010939230236229 1.00000000
16094033 94.5585416666667 0.035003601228206 0.000108577694693837 1.00000000
16094034 94.5803240740741 0.0350660568973677 9.14650997248915e-05 1.00000000
16094035 94.6119675925926 0.0350475282079516 0.00027391741904593 1.00000000
16094048 94.8701041666667 0.0360127964754723 7.86908466679598e-05 1.00000000
16094049 94.8912731481481 0.0363191219334253 8.83545332716564e-05 1.00000000
16094050 94.9127199074074 0.0370417004482503 9.3764083778916e-05 1.00000000
16094051 94.9339236111111 0.0373599261569551 9.69977305327778e-05 1.00000000
16094052 94.9554050925926 0.0370694830986072 0.000100608537305602 1.00000000
16094053 94.9767361111111 0.0370197847723603 0.000135948283325069 1.00000000
16094054 94.9924074074074 0.0360450228133835 9.82222004114e-05 1.00000012
16095005 95.0469444444444 0.0364579017162088 0.000176314781294205 1.00000000
16095006 95.056099537037 0.0358768039097273 0.000105367601789228 1.00000000
16095007 95.0778356481482 0.0364555087920796 0.000105303920296064 1.00000012
16095008 95.1009375 0.0353923063072807 0.000147707799498689 1.00000000
16095017 95.1851736111111 0.038506022175565 0.000170684900491944 1.00000000
16095018 95.1908564814815 0.0381351256259615 0.000178641484266909 1.00000000
16095019 95.1962962962963 0.0384951745738183 7.56612246147305e-05 1.00000000
16095020 95.2209722222222 0.0374000557580233 7.76175719090891e-05 1.00000000
16095025 95.2709722222222 0.037384773164049 0.000157773617805675 1.00000000
16095028 95.2967476851852 0.0370143484288252 0.000172851062387529 1.00000000
16095029 95.3055787037037 0.0374989577756493 0.000228483923642518 1.00000000
16095030 95.3111805555556 0.0364776031162243 0.00027562824247673 1.00000000
16095031 95.3162731481481 0.0372051973092544 0.000345528468145637 1.00000000
16095032 95.3261111111111 0.0365463263109412 0.000197818652232191 1.00000000
16095033 95.3338078703704 0.0377019033124636 0.000119070447207962 1.00000000
16095034 95.3507175925926 0.0378568295661668 0.000297349736239329 1.00000000
16095035 95.3537268518518 0.0373141855546238 0.000134717367550174 1.00000000
16095038 95.3744444444444 0.0369601187932719 9.2293982523943e-05 1.00000000
16095039 95.3996412037037 0.0369965530658668 0.000146321289664819 1.00000000
16095041 95.4167592592593 0.0372245135358516 0.000169030472147599 1.00000000
16095042 95.4276157407407 0.0372139913308353 0.000169390967418346 1.00000000
16095043 95.4369444444444 0.0375502783911309 0.000107893810851777 1.00000000
16095044 95.4583796296296 0.0372950871466288 0.000110459548914916 1.00000000
16095045 95.4797337962963 0.0370664735720841 0.000108545642491423 1.00000000
16095046 95.5013541666667 0.0371693156987762 0.000155764857991893 1.00000000
16095055 95.5969791666667 0.0388009913058837 7.26019308453015e-05 1.00000000
16095056 95.6230787037037 0.038458340587049 0.000183440412108886 1.00000000
16095057 95.6349074074074 0.0388345602020986 0.000369782384798055 1.00000000
16095058 95.6431597222222 0.0388493560518349 8.82012663717768e-05 1.00000000
16095059 95.6646064814815 0.0381398482374126 8.76669816521143e-05 1.00000000
16095060 95.6868055555556 0.0384699407663952 9.15082049450368e-05 1.00000000
16095061 95.708287037037 0.038583677608342 0.000112644230256209 1.00000000
16095062 95.7268865740741 0.0378947690187089 9.52148233998789e-05 1.00000000
16095063 95.7483680555555 0.0381373476924495 9.7870076654502e-05 1.00000000
16095064 95.769837962963 0.0369853583176723 9.6815397191733e-05 1.00000000
16095065 95.7913425925926 0.0375326657299746 0.000130331242394141 1.00000000
16095066 95.805474537037 0.0368578462816013 0.000298601655121449 1.00000000
16095067 95.8101273148148 0.0380064320403997 0.000257372019991238 1.00000000
16095069 95.8161458333333 0.0369266671290487 0.000260623066646044 1.00000000
16095070 95.8210185185185 0.0376562932810422 0.000162318558856506 1.00000000
16095071 95.8309953703704 0.0376437539449333 0.000257417028152861 1.00000000
16095072 95.8356712962963 0.0366817504396737 0.000312639219555217 1.00000000
16095073 95.8399884259259 0.0370529051494408 0.000314806975652655 1.00000000
16095074 95.8437731481481 0.0376739538306462 0.000251708149884556 1.00000000
16095075 95.8522222222222 0.0370570254145492 0.000103910586822842 1.00000000
16095076 95.8737037037037 0.0363534882575669 0.000133387534801171 1.00000000
16095077 95.8877083333333 0.0369512186514012 0.000107547690519267 1.00000000
16095078 95.909212962963 0.0370785911841102 0.00010594383929916 1.00000000
16095087 95.9931018518519 0.0364232623018925 6.97727614083851e-05 1.00000012
16096001 96.0159027777778 0.0363784491052435 7.71381981415276e-05 1.00000000
16096002 96.0365740740741 0.0379782674349388 9.87120083126531e-05 1.00000000
16096003 96.0518402777778 0.0363005788772385 8.44005165498098e-05 1.00000000
16096004 96.0739351851852 0.0363215961573453 0.000101415060166619 1.00000000
16096005 96.0906597222222 0.0364430540871424 0.000129355868613871 1.00000000
16096006 96.1047106481482 0.0367124700965333 0.000136950023089095 1.00000000
16096007 96.1167013888889 0.0367299827609316 8.51784092539217e-05 1.00000000
16096009 96.150787037037 0.0369006381385155 0.000163587668602561 1.00000000
16096011 96.1625231481481 0.0355713914221499 9.13543379958449e-05 1.00000000
16096012 96.1842592592593 0.0370134088532731 0.000190126388841569 1.00000000
16096019 96.2133680555556 0.0363595811945106 0.000126292477073847 1.00000000
16096021 96.2275578703703 0.0354590666473812 0.000114560434514513 1.00000000
16096023 96.2463425925926 0.0362635909564822 0.000179876926467219 1.00000000
16096024 96.2535416666667 0.0368806750185618 0.000161971475625914 1.00000000
16096025 96.2627893518518 0.0358208384671628 0.000139265481116554 1.00000000
16096026 96.2790046296296 0.0354518470540219 9.95667686064433e-05 1.00000000
16096027 96.300787037037 0.0362257230901747 0.000103325926213816 1.00000000
16096028 96.3230208333333 0.0359644414104177 0.000142025112634358 1.00000000
16096029 96.3350694444444 0.036058953771433 0.000146851576769517 1.00000000
16096030 96.3477083333333 0.0356299318078148 0.00110697779975013 1.00000000
16096033 96.3515162037037 0.0356813493661688 0.000104814796120071 1.00000000
16096034 96.3731828703704 0.0362520785944107 0.000247769970309459 1.00000000
16096053 96.7210300925926 0.0392519015047438 7.90619380164975e-05 1.00000000
16096054 96.7422106481481 0.0378958039363617 0.000104139238204626 1.00000000
16096062 96.8286458333333 0.0387022208187912 7.4094396151391e-05 1.00000000
16096063 96.850150462963 0.0385848523826989 7.14501618244313e-05 1.00000012
16096064 96.8758333333333 0.0372177745707467 8.33743702323251e-05 1.00000000
16096065 96.8974305555555 0.0376705059478141 8.68983442307923e-05 1.00000000
16096066 96.9191203703704 0.0385209928900414 9.14526858015002e-05 1.00000000
16096067 96.9405787037037 0.037895261908017 9.46031436172423e-05 1.00000000
16096068 96.9638657407407 0.0364087082014306 9.07235968312844e-05 1.00000000
16096069 96.9858217592593 0.0381881227856671 9.66211701278448e-05 1.00000000
16097001 97.0075347222222 0.0366555821719837 9.56598970021754e-05 1.00000000
16097002 97.0290740740741 0.0374582302289396 9.79961679798603e-05 1.00000000
16097003 97.050462962963 0.0377279263258506 9.98775096823273e-05 1.00000000
16097004 97.0724884259259 0.0371270549393728 0.000135170456470461 1.00000000
16097005 97.087349537037 0.0376198155856245 0.000103423898843867 1.00000000
16097006 97.108912037037 0.0358005197775446 0.000100005317033407 1.00000012
16097007 97.1307175925926 0.0377027084921256 0.000107122630736861 1.00000000
16097008 97.1521412037037 0.0371480757375527 0.000107263959125866 1.00000000
16097009 97.1734953703704 0.0376066613875177 0.000109287938342521 1.00000000
16097010 97.1952662037037 0.0368865027513012 0.000119332823279805 1.00000000
16097011 97.2152199074074 0.0368970102420836 0.00011153651800064 1.00000000
16097012 97.2367013888889 0.0368512630537244 0.000111744419595423 1.00000000
16097013 97.258287037037 0.0371404680211603 0.000112190539019777 1.00000000
16097014 97.2809375 0.0373351952057908 0.00011880157334485 1.00000000
16097015 97.3024537037037 0.0374797021598764 0.000118178764954588 1.00000000
16097016 97.3239236111111 0.0368545800741154 0.000148608329149688 1.00000000
16097029 97.4673032407407 0.0528119148013949 9.98676482892054e-05 1.00000000
16097030 97.48875 0.0369755257224643 7.66015195333657e-05 1.00000000
16097031 97.5098611111111 0.0368324312664305 8.18913632801247e-05 1.00000000
16097032 97.531875 0.0366899741250287 9.45702691142831e-05 1.00000000
16097033 97.5490046296296 0.0366521762077898 8.65842022223151e-05 1.00000000
16097035 97.5711574074074 0.0375973955822044 9.56082397446061e-05 1.00000000
16097036 97.5918402777778 0.0370627950373288 9.10381479903432e-05 1.00000000
16097037 97.6137847222222 0.0364495721575138 8.93668956056378e-05 1.00000000
16097038 97.6362037037037 0.037163279571288 0.000108196379535803 1.00000000
16097039 97.6532175925926 0.037239072742678 0.000121229323835406 1.00000000
16097041 97.6719444444444 0.0368189725002697 0.000412993689122846 1.00000000
16097042 97.6749189814815 0.0361133784491375 9.50378380347182e-05 1.00000000
16097044 97.6969675925926 0.0356746080257983 0.000242017111226602 1.00000000
16097045 97.702974537037 0.0355471276401945 0.000124542498501099 1.00000000
16097049 97.7520254629629 0.0362281019489673 0.000101249759129048 1.00000000
16097050 97.7742013888889 0.0348988491045676 9.64565593179568e-05 1.00000000
16097057 97.8575115740741 0.0375665655505151 7.52134008578462e-05 1.00000012
16097058 97.8790509259259 0.0373460264216588 7.91381989780633e-05 1.00000012
16097059 97.8997337962963 0.0381153230959937 0.000132645637179678 1.00000000
16097060 97.9137731481482 0.0376834038138728 8.98957900831698e-05 1.00000000
16097064 97.9530092592593 0.0366643632985072 9.42834831997048e-05 1.00000000
16097065 97.9746875 0.0370240707569522 0.000161902977738012 1.00000000
16097066 97.9955902777778 0.0363714950465783 0.000105350485309419 1.00000000
16098001 98.0173263888889 0.0375861202236526 0.000103828510044696 1.00000000
16098002 98.0392592592593 0.0364332791405899 0.000112869124267184 1.00000000
16098003 98.0610069444444 0.0363263892462874 0.000115133259964146 1.00000000
16098004 98.0827083333333 0.0362878403800695 0.000132041434488771 1.00000000
16098006 98.1100347222222 0.0369673061697196 0.0001129930008685 1.00000000
16098007 98.1336574074074 0.0374320516105793 0.000271767509890045 1.00000000
16098008 98.1406597222222 0.0375001920558159 0.000117658793576771 1.00000000
16098009 98.1625925925926 0.0367227304023445 0.000122182166064693 1.00000000
16098010 98.1842939814815 0.0366139201259093 0.000129917661542013 1.00000000
16098011 98.2059490740741 0.0369575396117587 0.000124738249986469 1.00000000
16098012 98.2275810185185 0.037916261004279 0.000244640544864769 1.00000000
16098013 98.2358217592593 0.036157582894061 0.000118493156024227 1.00000000
16098014 98.2594791666667 0.03600454834648 0.000165879387463449 1.00000000
16098027 98.9877430555556 0.0396158174543759 7.69889073642128e-05 1.00000000
16099001 99.0088541666667 0.0391742320854498 6.66380883435957e-05 1.00000000
16099002 99.0396875 0.0385492947964534 8.72447189392195e-05 1.00000012
16099003 99.0614351851852 0.0387143578857307 8.91658950896317e-05 1.00000000
16099004 99.0831134259259 0.0372123651121558 8.75524464515284e-05 1.00000000
16099005 99.1047453703704 0.0374686838727505 0.000285584776269033 1.00000000
16099006 99.1113310185185 0.0373267270194071 8.96884491056002e-05 1.00000000
16099007 99.1335416666667 0.0376513155319635 9.80820764291738e-05 1.00000000
16099008 99.1547222222222 0.0382240122312398 9.53496780971233e-05 1.00000000
16099009 99.1771064814815 0.0375790355817998 9.72615176602654e-05 1.00000000
16099010 99.1988541666667 0.0376184356586664 9.85404417532818e-05 1.00000000
16099011 99.2208217592593 0.0361662975677851 0.000131174357966578 1.00000000
16099012 99.2356712962963 0.0379621445964946 8.62229567473691e-05 1.00000000
16099013 99.2672685185185 0.0375795022055517 9.25651897047608e-05 1.00000000
16099014 99.2957407407408 0.0378992617071087 9.22631662188506e-05 1.00000000
16099024 99.4418171296296 0.0380982126416489 7.69756298785066e-05 1.00000000
16099025 99.4636805555556 0.0379365565090232 8.30216745613323e-05 1.00000000
16099026 99.4882175925926 0.0376831431404835 8.90551177342873e-05 1.00000000
16099027 99.5101736111111 0.0363949112932123 8.2475052762153e-05 1.00000000
16099028 99.5338541666667 0.0370832631518109 8.9190319377539e-05 1.00000000
16099029 99.5557638888889 0.0370093079663854 0.000163857555102647 1.00000000
16099030 99.5649421296296 0.0373823586569457 9.35505236744229e-05 1.00000000
16099033 99.5893634259259 0.0305479802401641 0.000552736483839322 1.00000000
16099042 99.6754282407407 0.0379297258027286 7.31001117757317e-05 1.00000000
16099043 99.6970717592592 0.0369507074422193 7.4928886295621e-05 1.00000000
16099046 99.7219675925926 0.0380736181450223 9.04886611835076e-05 1.00000000
16099048 99.7411921296297 0.0371772051959724 8.30539292113178e-05 1.00000000
16099049 99.765 0.0360080450573444 8.97167043844138e-05 1.00000012
16099050 99.7835416666667 0.0375662831598922 0.00011148984087163 1.00000000
16099051 99.8000810185185 0.0367552579222546 9.04398363182886e-05 1.00000000
16099053 99.8258101851852 0.0363772321150173 8.96151512627017e-05 1.00000000
16099054 99.8468402777778 0.0360941265431277 8.814795710865e-05 1.00000000
16099055 99.8683796296296 0.0371640690355186 9.41031207279238e-05 1.00000000
16099056 99.889849537037 0.0369296617176162 9.32480037487084e-05 1.00000000
16099057 99.9113078703704 0.0365910957099568 0.000114403037069321 1.00000000
16099059 99.9275578703704 0.0354375579419069 9.47193414769338e-05 1.00000000
16099060 99.9598611111111 0.0355703026949986 9.47744983155255e-05 1.00000000
16099061 99.982337962963 0.0369493381821429 9.07999087564502e-05 1.00000000
16100051 100.386018518519 0.0368034823381882 9.93203849893504e-05 1.00000000
16100052 100.40525462963 0.0364479576048693 0.000108852856965209 1.00000000
16100053 100.423819444444 0.0359541512807233 0.000139353862698036 1.00000000
16100054 100.438113425926 0.0356425129595189 9.08594388812237e-05 1.00000000
16100055 100.464201388889 0.0364135936441241 0.000115854443195728 1.00000000
16100056 100.482222222222 0.0361156831310113 0.000104834116409311 1.00000000
16100069 100.639224537037 0.0369097775499926 7.3105599906683e-05 1.00000000
16100070 100.661493055556 0.0372615840431944 8.02941084237958e-05 1.00000000
16100071 100.683032407407 0.0365939138307261 8.65529016756214e-05 1.00000000
16100072 100.703159722222 0.036744812996643 0.000134374646420595 1.00000012
16100073 100.713657407407 0.0364814251275301 8.2329790487047e-05 1.00000000
16100074 100.735914351852 0.03612171647622 7.68151779592994e-05 1.00000000
16100077 100.783055555556 0.0361053303657727 8.93744628461705e-05 1.00000000
16100078 100.804560185185 0.0371420623095811 9.37320947152301e-05 1.00000000
16100079 100.826435185185 0.036301445501774 0.000100581443734589 1.00000000
16100080 100.844907407407 0.0361300765299304 9.57272987774252e-05 1.00000000
16100081 100.866400462963 0.036875044140099 0.000139043246222267 1.00000000
16100082 100.877349537037 0.0345932411046994 9.36245444253101e-05 1.00000000
16100083 100.901168981481 0.0350170634830316 0.00015980114220883 1.00000000
16100084 100.911898148148 0.036671114510701 0.000133939476187774 1.00000000
16100085 100.925393518519 0.0363399878273813 0.000216231455747107 1.00000000
16100086 100.931655092593 0.0363241981523379 0.00012777567185374 1.00000000
16100088 100.947592592593 0.0351721588821646 0.000186048956457178 1.00000000
16101002 101.072141203704 0.0388496659311134 7.55563552880354e-05 1.00000000
16101003 101.093113425926 0.0378913774652547 7.03309419387907e-05 1.00000000
16101004 101.118726851852 0.0371031215411614 8.62839754869972e-05 1.00000000
16101005 101.140138888889 0.037714357654539 0.000131142811188277 1.00000000
16101007 101.166087962963 0.0367008606588784 8.56772628214803e-05 1.00000000
16101008 101.187962962963 0.0375626007156289 8.04377404520844e-05 1.00000000
16101009 101.21224537037 0.0373091981163322 8.57280775299998e-05 1.00000000
16101010 101.233981481481 0.0379242076637026 0.000173885534792158 1.00000000
16101011 101.240173611111 0.0375963880727007 0.000153114019719382 1.00000000
16101012 101.248229166667 0.03703425954417 0.000133957777442656 1.00000000
16101013 101.262581018519 0.0373372935051274 8.69906299913967e-05 1.00000000
16101014 101.286203703704 0.0369324182207687 9.01392921970498e-05 1.00000000
16101015 101.308055555556 0.0369019974401167 0.000210201020028067 1.00000000
16101016 101.313981481481 0.0355514824723477 0.000128895824143297 1.00000000
16101018 101.332071759259 0.0369466178083887 0.000117396536591768 1.00000000
16101019 101.346712962963 0.0371332871766955 8.81481620966603e-05 1.00000000
16101020 101.372372685185 0.0377930771265361 0.00027940130875231 1.00000000
16101021 101.379236111111 0.0364602671864265 0.000138214677404048 1.00000000
16101022 101.389641203704 0.0361052956868027 0.000173379159342104 1.00000000
16101030 101.574571759259 0.035492243152454 6.87541156294914e-05 1.00000000
16101031 101.595949074074 0.0361668474363942 0.000139018078309778 1.00000012
16101034 101.618449074074 0.0366402450774102 0.000107593680650603 1.00000000
16101035 101.629918981481 0.0365170922514162 8.13912061340777e-05 1.00000000
16101036 101.651770833333 0.0358605582675717 8.5775534030327e-05 1.00000012
16101037 101.673472222222 0.0358838708886296 8.45091323716217e-05 1.00000000
16101038 101.694976851852 0.0368991654889029 0.000273218606404582 1.00000000
16101039 101.697777777778 0.0364543144471559 8.83609524499218e-05 1.00000000
16101040 101.721018518519 0.0353252430230212 9.09042805753401e-05 1.00000000
16101041 101.740844907407 0.0361912015074961 9.31685918240282e-05 1.00000000
16101042 101.763252314815 0.0365616526521073 9.22557848524111e-05 1.00000000
16101043 101.785081018519 0.0348721900646267 9.11524954604246e-05 1.00000000
16101044 101.8065625 0.0363434795577157 0.000105091953015129 1.00000000
16101045 101.824375 0.0360361117558932 0.000111304793733687 1.00000000
16101046 101.84630787037 0.034994825882491 9.53914702384267e-05 1.00000000
16101047 101.867847222222 0.0352282668693772 9.40139462239411e-05 1.00000000
16101048 101.891423611111 0.0352322033419283 0.000108733358493101 1.00000012
16101057 101.975694444444 0.036573339295577 6.95163548107525e-05 1.00000000
16101058 101.997881944444 0.0358515784730646 7.21284647672719e-05 1.00000000
16102001 102.019641203704 0.0353818998801045 0.000122524483954906 1.00000000
16102002 102.027847222222 0.0359455403597253 7.28971699345781e-05 1.00000000
16102003 102.05162037037 0.0355496950298075 0.000149412718414739 1.00000000
16102004 102.057939814815 0.0357643267157372 0.000112093145259887 1.00000000
16102005 102.070127314815 0.0365985751151665 8.08364652032345e-05 1.00000000
16102007 102.106226851852 0.0360119207564734 0.000237649646785525 1.00000000
16102010 102.129872685185 0.0365418161179957 0.000124618875128968 1.00000000
16102012 102.148796296296 0.0361083050398357 8.5345476678758e-05 1.00000000
16102014 102.175891203704 0.0356414461749344 8.76760799589967e-05 1.00000000
16102015 102.197615740741 0.036280938675239 9.43024511216834e-05 1.00000000
16102016 102.220868055556 0.035750811918816 9.15516861086881e-05 1.00000000
16102017 102.242719907407 0.0364986359440694 9.15494779288281e-05 1.00000000
16102018 102.265844907407 0.0358360581363353 9.50323099145126e-05 1.00000000
16102019 102.287696759259 0.0348632238494452 0.000135013992705306 1.00000000
16102020 102.299328703704 0.0362794626787789 0.000204665247669032 1.00000000
16102032 102.386446759259 0.038438771861261 7.26512891413036e-05 1.00000000
16102033 102.407974537037 0.038647291360796 7.62322562656693e-05 1.00000000
16102034 102.429641203704 0.0387850901043112 8.17222987006263e-05 1.00000000
16102035 102.450949074074 0.0370814972616775 0.000121788969447757 1.00000000
16102036 102.465162037037 0.0380276677205418 8.56568469368991e-05 1.00000000
16102038 102.487893518519 0.0374825939545134 8.63362181719888e-05 1.00000000
16102039 102.511064814815 0.0369258459711435 8.72103580433685e-05 1.00000000
16102040 102.532511574074 0.03719917153319 8.85263317421469e-05 1.00000000
16102041 102.554803240741 0.0365792529875741 8.90284975386045e-05 1.00000000
16102042 102.576701388889 0.0363081845453987 0.000172905568745746 1.00000000
16102043 102.585740740741 0.0362010893860116 9.07579296476644e-05 1.00000000
16102044 102.607361111111 0.0368374852998863 0.000211296431405509 1.00000000
16102045 102.613449074074 0.0360253586120665 0.000102166085097752 1.00000000
16102046 102.633009259259 0.03641501151697 9.48850378115439e-05 1.00000000
16102047 102.6546875 0.0360970976579996 9.9908773505286e-05 1.00000000
16102048 102.675173611111 0.0354241212439292 9.55895739131411e-05 1.00000000
16102049 102.697511574074 0.0375016542892079 0.000214177950128328 1.00000012
16102053 102.754108796296 0.0381328622907405 8.04930828866213e-05 1.00000000
16102054 102.77462962963 0.0380893740132478 0.000109335581541546 1.00000000
16102055 102.786215277778 0.0358158256131273 7.32018824741028e-05 1.00000000
16102056 102.807858796296 0.0372147518676426 0.00011067636302539 1.00000000
16102058 102.836967592593 0.0372373065933824 9.01020318028548e-05 1.00000000
16102059 102.857673611111 0.036141587955445 9.28615377817759e-05 1.00000000
16102060 102.877210648148 0.0372141297391396 0.000370277674807856 1.00000000
16102061 102.879270833333 0.03640141071182 0.000190494687505263 1.00000000
16102062 102.892881944444 0.035565051855214 9.48607387712528e-05 1.00000000
16102063 102.912766203704 0.0359592915894258 9.31375791173265e-05 1.00000000
16102064 102.935844907407 0.0365104914777995 9.80678304195654e-05 1.00000000
16102065 102.95744212963 0.036254954401472 0.000130315134419882 1.00000000
16102066 102.970439814815 0.0349584687405918 0.000207995175600751 1.00000000
16103002 103.081203703704 0.0360054661975628 6.76215418777616e-05 1.00000000
16103003 103.102824074074 0.0369984563003297 7.05800247137625e-05 1.00000000
16103005 103.142314814815 0.0355258861831105 7.59507308899706e-05 1.00000000
16103006 103.1640625 0.0358249005892669 0.000132560648387035 1.00000000
16103007 103.172928240741 0.035243399357757 8.06434224060036e-05 1.00000000
16103008 103.194525462963 0.0364737528341676 0.000200109580275116 1.00000000
16103009 103.201041666667 0.0357576522912667 8.52470531736469e-05 1.00000000
16103010 103.222696759259 0.0356189372560403 8.67794978213847e-05 1.00000000
16103011 103.244189814815 0.0351626576354237 8.53665844667504e-05 1.00000000
16103012 103.266053240741 0.0353575574726881 8.38012398391022e-05 1.00000000
16103013 103.289710648148 0.0361659953000648 9.17876161149612e-05 1.00000000
16103014 103.311423611111 0.0352421804730312 0.000100497997596223 1.00000000
16103015 103.330821759259 0.0353204753562794 9.17951889856952e-05 1.00000000
16103016 103.353194444444 0.0349959041212512 8.85186890946834e-05 1.00000000
16103017 103.377685185185 0.0361343904307469 9.41040862759009e-05 1.00000000
16103018 103.400578703704 0.035873190918007 0.000132423128108481 1.00000000
16103029 103.501412037037 0.0356901764414505 7.16859806608403e-05 1.00000000
16103031 103.540069444444 0.0369748088488643 0.000198017807316157 1.00000000
16103032 103.544039351852 0.0361004707395741 0.00010361776685219 1.00000000
16103033 103.563368055556 0.0359522567366862 8.42726168199563e-05 1.00000000
16103034 103.584895833333 0.0353583181385207 8.06436249289555e-05 1.00000000
16103035 103.607905092593 0.0349253402754916 0.000101556781797805 1.00000000
16103036 103.624166666667 0.0346325524302895 9.47151247194976e-05 1.00000000
16103038 103.669837962963 0.035168347281263 9.05650931702751e-05 1.00000000
16103039 103.693356481481 0.0350184838334886 8.81163581158094e-05 1.00000000
16103040 103.716597222222 0.0341129162609057 0.000192328291809546 1.00000000
16103041 103.725219907407 0.0357589893539163 0.00010670377229438 1.00000000
16103042 103.742199074074 0.0353152083485236 0.000151740110336284 1.00000000
16103043 103.751435185185 0.035312111198127 0.000101409117553259 1.00000000
16103044 103.773449074074 0.0354064399594471 9.67601822284795e-05 1.00000000
16103045 103.795949074074 0.0359215055324916 0.000106945268130759 1.00000000
16103046 103.816157407407 0.035635136527119 0.000100540818106142 1.00000000
16103047 103.837685185185 0.0354566823834255 9.99452481084242e-05 1.00000000
16103048 103.859953703704 0.0358655096565392 0.000130901022682844 1.00000000
16103051 103.941319444444 0.0355683569052092 6.90086936266317e-05 1.00000000
16103052 103.962800925926 0.035971782964985 7.05890987859111e-05 1.00000012
16103053 103.986157407407 0.0346626326502001 8.3304103945987e-05 1.00000000
16104002 104.010902777778 475.785061846178 21.6919833358835 1.00000000
16104005 104.025509259259 0.0350208744364589 7.43525012870271e-05 1.00000000
16104006 104.048958333333 0.0340934282537381 0.000310522192429235 1.00000000
16104010 104.151516203704 0.0380815465918518 7.32166055221771e-05 1.00000000
16104011 104.172731481481 0.036615452487985 7.39270702916315e-05 1.00000000
16104012 104.194976851852 0.0354118309149316 0.00132859528643851 1.00000000
16104013 104.199398148148 0.0353993741462348 0.00145235955523382 1.00000000
16104014 104.202673611111 0.0343523084680293 0.00143338225863286 1.00000000
16104015 104.206319444444 0.0356251145419292 7.65185645020493e-05 1.00000000
16104016 104.228171296296 0.0364463929100286 8.30720636147542e-05 1.00000000
16104017 104.250162037037 0.0357986658876198 9.19827553867873e-05 1.00000000
16104018 104.269502314815 0.035975659026115 8.55703184801889e-05 1.00000000
16104019 104.294363425926 0.0362017652464137 8.78744597889276e-05 1.00000000
16104020 104.316122685185 0.0360427974431331 9.01473767914608e-05 1.00000000
16104021 104.338136574074 0.0352079333162571 8.80279930048313e-05 1.00000000
16104022 104.359861111111 0.0345250962930222 0.00117531291299188 1.00000000
16104023 104.361909722222 0.0361663773023355 0.000215195837945565 1.00000000
16104024 104.367222222222 0.0358433970713352 0.000275072446827415 1.00000000
16104025 104.370532407407 0.0355313547234674 0.000149348102276817 1.00000000
16104026 104.381851851852 0.0356680129751789 0.000369545981846731 1.00000000
16104027 104.384664351852 0.0355863602036249 0.000103934698617652 1.00000000
16104029 104.404270833333 0.0355514748474607 9.42529200001104e-05 1.00000000
16104031 104.42693287037 0.0344992851171606 0.000190971910993038 1.00000000
16104032 104.439201388889 0.0344029183049561 0.000349112796137389 1.00000000
16104034 104.442824074074 0.0354955550258162 9.28418011287183e-05 1.00000000
16104035 104.464386574074 0.035337233665301 0.000120031705277189 1.00000000
16104044 104.550416666667 0.0378705607550744 7.25217395889193e-05 1.00000000
16104045 104.5746875 0.0354023441029064 6.85217341647633e-05 1.00000000
16104046 104.596527777778 0.0351578712245869 0.00024828846349116 1.00000000
16104047 104.601875 0.0360238680772945 9.89618378175138e-05 1.00000000
16104048 104.624085648148 0.0363602586618389 0.000423211174552319 1.00000000
16104049 104.629548611111 0.0361239220766403 7.68492249608562e-05 1.00000000
16104050 104.654583333333 0.035079256296314 7.24937728230338e-05 1.00000000
16104051 104.683506944444 0.0346963836312929 8.09668060323132e-05 1.00000000
16104052 104.709583333333 0.0349342695215807 8.78125634473276e-05 1.00000000
16104053 104.73130787037 0.0350065356957987 8.74616580709731e-05 1.00000000
16104054 104.75337962963 0.0349435865033576 8.84450196647659e-05 1.00000000
16104055 104.775694444444 0.034562928101695 8.83613982376594e-05 1.00000000
16104056 104.798136574074 0.0354412565726211 0.000201146676170259 1.00000000
16104057 104.803449074074 0.0349891196013211 9.15648883201884e-05 1.00000000
16104058 104.829606481481 0.0358210602040832 9.41423445155325e-05 1.00000000
16104059 104.852025462963 0.0360297536131741 9.48926713296459e-05 1.00000000
16104060 104.875185185185 0.0356459656183715 0.000140049885660126 1.00000000
16105038 105.843310185185 0.0379673389587327 7.15006129462723e-05 1.00000000
16105039 105.866435185185 0.037552719177942 6.9525173447494e-05 1.00000012
16105040 105.891527777778 0.0384548210839332 7.78591965919854e-05 1.00000000
16105041 105.913969907407 0.0375918519076968 8.58579823040608e-05 1.00000000
16105042 105.935439814815 0.0375551855006874 8.75803330183101e-05 1.00000000
16105043 105.957106481481 0.0386362053505286 0.000312483170001721 1.00000000
16105044 105.962986111111 0.0351971339064106 0.00015884123605287 1.00000000
16105045 105.982916666667 0.036365981005528 0.000137536426789186 1.00000000
16105046 105.992210648148 0.0379518820041623 9.2216368476459e-05 1.00000000
16106001 106.014502314815 0.037539977958937 9.3872893588356e-05 1.00000000
16106002 106.036678240741 0.0361559629484724 9.34203202422972e-05 1.00000000
16106003 106.058206018519 0.0355631528833339 9.32477622582172e-05 1.00000000
16106004 106.079756944444 0.0380541562082663 0.000159608918800003 1.00000000
16106005 106.09181712963 0.0375396969137918 0.000153966214093882 1.00000000
16106006 106.10193287037 0.0368737087007326 0.000184230771974548 1.00000000
16106007 106.110891203704 0.0372462073218587 0.000138930007547164 1.00000000
16106008 106.123240740741 0.0371855840279581 8.86636007207584e-05 1.00000000
16106009 106.151319444444 0.0368590279942571 0.00012306148958905 1.00000000
16106014 106.253159722222 0.0389587000741176 7.56682567193138e-05 1.00000000
16106015 106.275231481481 0.038524837362501 7.54782945603376e-05 1.00000000
16106016 106.297141203704 0.0390958971624582 7.60193776296999e-05 1.00000000
16106017 106.322407407407 0.0375409872714581 0.00021324274593674 1.00000000
16106018 106.326388888889 0.0370648990131257 7.82227850753928e-05 1.00000000
16106019 106.351377314815 0.0374082926867688 7.49418177960544e-05 1.00000000
16106020 106.385706018519 0.0372952734812876 8.96340099537333e-05 1.00000000
16106021 106.4075 0.0371135314734459 9.59533238088435e-05 1.00000000
16106024 106.454791666667 0.0366188744982073 0.000357201519535646 1.00000000
16106025 106.458912037037 0.0369042395856212 0.000154696549520924 1.00000000
16106026 106.468842592593 0.0369186347604025 9.47185288668175e-05 1.00000000
16106027 106.490775462963 0.0372879656003863 0.000118003759544555 1.00000000
16106028 106.507893518519 0.0374456882959396 9.74433154923227e-05 1.00000000
16106029 106.529548611111 0.0376290383456432 0.000123793746248867 1.00000000
16106031 106.559537037037 0.0361662918361402 0.000624034535678321 1.00000000
16106032 106.564560185185 0.0353612869370862 0.000114903518602095 1.00000000
16106033 106.587037037037 0.036408993632506 0.000177249941752554 1.00000000
16106036 106.634224537037 0.0368524542689406 9.92119558425015e-05 1.00000000
16106045 106.784108796296 0.0387579158041278 8.52559146928522e-05 1.00000000
16106048 106.808761574074 0.0371513036310147 6.64422318461258e-05 1.00000000
16106049 106.835763888889 0.0384655448465198 0.000110442058241778 1.00000000
16106050 106.852199074074 0.0370353928970037 0.000195897808425209 1.00000000
16106051 106.857280092593 0.0371101140516297 8.76430091083699e-05 1.00000000
16106052 106.878865740741 0.0366853657981598 0.000170844643235568 1.00000000
16106053 106.887025462963 0.0381041325387208 0.000247765748373617 1.00000000
16106054 106.89150462963 0.0367380102730628 9.2858544283261e-05 1.00000000
16106058 106.947731481481 0.0373844506274935 9.27680762158769e-05 1.00000000
16107004 107.073136574074 0.0389326565359131 8.54210311201046e-05 1.00000000
16107005 107.095150462963 0.0394563818358727 8.06909825408532e-05 1.00000012
16107006 107.117696759259 0.0363734099479201 9.02445578625541e-05 1.00000000
16107007 107.148206018519 0.0360535052386797 7.60055525171838e-05 1.00000000
16107008 107.169965277778 0.0345503527696914 0.000813451125567549 1.00000000
16107010 107.172546296296 0.0364686764215849 8.11986286715733e-05 1.00000000
16107011 107.194976851852 0.0361491043803206 0.000432743836556112 1.00000000
16107012 107.19900462963 0.0364804839720584 8.55527570286203e-05 1.00000000
16107013 107.221458333333 0.0354181034920266 8.49752509153118e-05 1.00000000
16107014 107.243425925926 0.0354613466412275 8.66674593292677e-05 1.00000000
16107015 107.265034722222 0.0357161597501846 7.498746070002e-05 1.00000000
16107016 107.295532407407 0.0360474099992934 7.59883665344239e-05 1.00000000
16107017 107.329826388889 0.0354937297615412 0.000467721232083449 1.00000000
16107018 107.336134259259 0.0354338880724558 0.000153362148284773 1.00000000
16107020 107.346840277778 0.0355561593916728 9.27310735409025e-05 1.00000000
16107021 107.369108796296 0.0357539120312008 8.91475622420019e-05 1.00000000
16107022 107.394166666667 0.0348102934638976 9.12006254015671e-05 1.00000000
16107042 107.782673611111 0.037877931710409 0.000661872650222862 1.00000000
16107047 107.792847222222 0.0376017932315276 7.24339669088276e-05 1.00000000
16107048 107.816863425926 0.0367443583202555 8.8650341667328e-05 1.00000000
16107052 107.845428240741 0.0368225028057138 0.000114245851202585 1.00000000
16107054 107.865659722222 0.0355187572808933 0.000512995521614116 1.00000000
16107055 107.867106481481 0.0355175596587878 8.00185261999865e-05 1.00000000
16107058 107.896550925926 0.0355283756455108 0.000134756877223802 1.00000000
16107060 107.910439814815 0.0356113374814785 8.69344754127714e-05 1.00000000
16107061 107.937326388889 0.036169598060247 9.79538277065675e-05 1.00000000
16107062 107.958773148148 0.035639681528665 9.35872325820606e-05 1.00000000
16107063 107.982523148148 0.0359064921054234 9.15606447064956e-05 1.00000000
16108001 108.008229166667 0.0349173582357077 9.52858976908518e-05 1.00000000
16108002 108.035011574074 0.03579505962485 9.86139744736837e-05 1.00000000
16108003 108.059305555556 0.0357108008649427 0.000103282400472668 1.00000000
16108004 108.082488425926 0.0344407626536888 0.00010218178989909 1.00000000
16108005 108.104803240741 0.0350438191819478 0.000179540510277036 1.00000000
16108008 108.179733796296 0.0370476862408128 6.96501208436956e-05 1.00000000
16108009 108.201319444444 0.0371373907831821 7.26277944292628e-05 1.00000000
16108010 108.2234375 0.0356696279773932 7.4126508665623e-05 1.00000000
16108011 108.246006944444 0.035991692273589 8.14254831578943e-05 1.00000000
16108012 108.267685185185 0.0361665162377212 8.18607488169627e-05 1.00000000
16108013 108.290636574074 0.0356270287624929 0.00017875789544362 1.00000000
16108016 108.312222222222 0.0354398798446801 0.000500918399947024 1.00000000
16108017 108.316076388889 0.0357060908721649 8.8438211551606e-05 1.00000000
16108018 108.337546296296 0.0359199282429811 9.59137547979742e-05 1.00000000
16108019 108.357650462963 0.0351404243855557 8.97622744712111e-05 1.00000000
16108020 108.379097222222 0.0346961629009907 8.31678338299022e-05 1.00000000
16108021 108.404375 0.0348077696884888 0.000159944855034325 1.00000000
16108026 108.494363425926 0.0383829729319304 0.000446594161311445 1.00000000
16108027 108.496134259259 0.0376226937623436 6.48298703013563e-05 1.00000000
16108028 108.525752314815 0.0360658048422939 7.0300497904632e-05 1.00000000
16108030 108.552719907407 0.0360422762047485 0.00041506705604415 1.00000000
16108031 108.554375 0.0354573490484593 8.20895266763133e-05 1.00000000
16108033 108.585520833333 0.0354259134887789 8.45632322096601e-05 1.00000000
16108034 108.606759259259 0.0350661613953291 0.000155958118206394 1.00000000
16108035 108.615277777778 0.0362035516587698 0.000149081538984355 1.00000000
16108036 108.625821759259 0.0355438128164925 9.24632251163316e-05 1.00000000
16108037 108.647974537037 0.0360967828415118 8.16562814866042e-05 1.00000000
16108038 108.674849537037 0.0360040321029999 9.29283143428518e-05 1.00000000
16108039 108.696365740741 0.034907447005485 9.16177697070629e-05 1.00000000
16108040 108.717881944444 0.0359828538766501 9.57767119215105e-05 1.00000000
16108041 108.743032407407 0.034953413562958 0.000387545119907407 1.00000000
16108042 108.750115740741 0.0350289238744446 8.46405441438764e-05 1.00000000
16108043 108.776377314815 0.0353287016328934 9.90817252887656e-05 1.00000000
16108044 108.79818287037 0.0349267708334207 8.43609449650391e-05 1.00000012
16108045 108.828391203704 0.0348218898255796 0.000538520901372535 1.00000000
16108054 108.890844907407 0.0372895580329597 7.00578370201869e-05 1.00000000
16108055 108.914155092593 0.0361481575996351 7.14276039538306e-05 1.00000000
16108056 108.935659722222 0.0372408739781423 7.33538511738288e-05 1.00000000
16108057 108.96087962963 0.0361023259029183 8.04441404212567e-05 1.00000000
16108058 108.982951388889 0.0354657479966422 8.39981044760333e-05 1.00000012
16109001 109.004675925926 0.0353171033131089 0.000121165250165942 1.00000000
16109002 109.017824074074 0.0355787843586275 8.5059922805175e-05 1.00000000
16109003 109.03974537037 0.0350278345426294 9.77146180779284e-05 1.00000000
16109005 109.063275462963 0.0353157979442377 0.000214729974036322 1.00000000
16109006 109.068055555556 0.0348962830701974 8.69901644427322e-05 1.00000000
16109007 109.089722222222 0.0351767651416114 8.87923558457469e-05 1.00000000
16109008 109.111354166667 0.0352016466183379 9.25948541553439e-05 1.00000000
16109009 109.133113425926 0.0338143258959719 0.000152764499208402 1.00000000
16109010 109.1434375 0.0349347511947347 8.9948847721474e-05 1.00000000
16109011 109.166689814815 0.0346759750903642 0.000142910279724317 1.00000000
16109012 109.176921296296 0.0350754389111769 0.000124658613552075 1.00000000
16109013 109.192256944444 0.0344102056555564 0.000174372759268533 1.00000000
16109014 109.200173611111 0.034595189760757 9.36762392068895e-05 1.00000000
16109015 109.222511574074 0.0341322225448923 0.000313054541519297 1.00000000
16109022 109.291157407407 0.037453056830511 7.11073255828783e-05 1.00000000
16109023 109.312777777778 0.0361086943798173 7.02787333460319e-05 1.00000000
16109025 109.335335648148 0.0349429456193516 7.25099568862415e-05 1.00000000
16109026 109.357569444444 0.0356361703340299 8.01809515495266e-05 1.00000000
16109027 109.379270833333 0.0344884495044193 7.74741210349333e-05 1.00000000
16109028 109.4090625 0.035458712863544 0.000179133720043144 1.00000000
16109029 109.417268518519 0.0364362485059955 8.83201797435331e-05 1.00000000
16109030 109.438993055556 0.0358764903335285 8.83924035023895e-05 1.00000000
16109031 109.460625 0.0357293506505605 8.97003300759452e-05 1.00000000
16109032 109.482349537037 0.0352839300307452 9.01969813210832e-05 1.00000000
16109033 109.503946759259 0.0353132966996227 9.15767000081573e-05 1.00000000
16109034 109.525555555556 0.0351073669473931 0.00011491816011739 1.00000000
16109035 109.540127314815 0.0345434333381954 0.00014485962435342 1.00000000
16109037 109.55599537037 0.0349507444359411 9.75044892027252e-05 1.00000000
16109038 109.577546296296 0.0340510874035008 8.68609370715676e-05 1.00000000
16109039 109.603356481481 0.0353143959136495 0.000122174727374679 1.00000000
16109048 109.743668981481 0.0367626187462333 6.37829987913082e-05 1.00000000
16109049 109.770173611111 0.0357207512520023 7.39347521288003e-05 1.00000000
16109050 109.791805555556 0.0358731987767275 8.5022602977721e-05 1.00000000
16109051 109.809270833333 0.0352049648884105 7.94147558628315e-05 1.00000000
16109052 109.831481481481 0.0343057855639464 7.97681232047231e-05 1.00000000
16109053 109.853090277778 0.034722759060933 9.24446202413168e-05 1.00000000
16109054 109.874988425926 0.0345375028558232 8.55734657527421e-05 1.00000000
16109056 109.897488425926 0.0353386643461872 8.98871402244274e-05 1.00000000
16109057 109.918356481481 0.034431708354688 8.74420580831566e-05 1.00000000
16109058 109.939710648148 0.0346258012828107 8.95786446707729e-05 1.00000000
16109059 109.960972222222 0.0346876203568389 8.94629850473232e-05 1.00000000
16109060 109.982928240741 0.0348638757279965 0.000143859303385277 1.00000000
16109061 109.994537037037 0.0345465827235472 8.73746434873899e-05 1.00000000
16110001 110.01875 0.03458009900952 9.00434704351915e-05 1.00000000
16110002 110.042326388889 0.0351087572298947 7.63947436761277e-05 1.00000000
16110005 110.134895833333 0.0371799666593672 0.000182986443377314 1.00000000
16110007 110.147210648148 0.0340919859462486 6.86902953087355e-05 1.00000000
16110008 110.16875 0.0342804833127481 7.17727571512783e-05 1.00000000
16110009 110.190289351852 0.0353553496142991 7.65874909621545e-05 1.00000000
16110010 110.211979166667 0.0344196667822697 7.85209197163348e-05 1.00000000
16110011 110.233981481481 0.0351892863142246 7.82587231725627e-05 1.00000000
16110012 110.260729166667 0.0349037068459492 8.50377817074066e-05 1.00000000
16110013 110.282141203704 0.0355429024041652 8.77094873643046e-05 1.00000000
16110014 110.303715277778 0.0340745648844341 8.59897030025987e-05 1.00000000
16110015 110.325509259259 0.0339991055953446 8.68862166922205e-05 1.00000000
16110016 110.347384259259 0.0349619978022748 8.72881024070278e-05 1.00000000
16110017 110.37119212963 0.034337998238548 0.000117296002594491 1.00000000
16110018 110.384872685185 0.0340239220988127 0.000100209797908036 1.00000000
16110019 110.406423611111 0.0353546134664784 9.4025907990437e-05 1.00000000
16110020 110.429583333333 0.036017479662337 9.99541732412712e-05 1.00000000
16110021 110.451111111111 0.0356197807437168 0.000180807408494874 1.00000000
16110035 110.821921296296 0.0365416452444219 7.08823183118453e-05 1.00000000
16110036 110.843564814815 0.0360569807306466 7.33909184754493e-05 1.00000000
16110037 110.870138888889 0.0355109448133968 7.26402167503344e-05 1.00000000
16110038 110.893333333333 0.0355582999713501 7.90704295526978e-05 1.00000000
16110039 110.916215277778 0.0351763450085017 8.27521038160591e-05 1.00000000
16110040 110.937372685185 0.0350969982063093 9.50570046322791e-05 1.00000000
16110041 110.956979166667 0.0345475828603796 8.34168206379028e-05 1.00000000
16110042 110.978796296296 0.034751985922654 8.63909036796311e-05 1.00000000
16111001 111.000659722222 0.0344715370054943 8.72053656380307e-05 1.00000000
16111002 111.022361111111 0.0339958882870263 8.72257287352653e-05 1.00000000
16111003 111.044085648148 0.0321223697398505 8.40638809773549e-05 1.00000000
16111004 111.065821759259 0.0320910394241416 0.000168462654305543 1.00000000
16111005 111.07525462963 0.0337150557147663 0.000118873805437515 1.00000000
16111024 111.478993055556 0.0359483441778079 6.88051898640577e-05 1.00000000
16111025 111.500439814815 0.0357764422934287 6.91005576774444e-05 1.00000000
16111026 111.522256944444 0.0350963871899295 7.34682998215006e-05 1.00000000
16111027 111.543761574074 0.0353209265134902 7.4864714265677e-05 1.00000000
16111028 111.565601851852 0.0353118407780674 7.5011305152403e-05 1.00000000
16111029 111.589826388889 0.0353035960212374 9.85756185329776e-05 1.00000012
16111030 111.604837962963 0.0347419895717472 8.35865845811329e-05 1.00000000
16111031 111.627777777778 0.0336799444597134 9.21994461775885e-05 1.00000000
16111032 111.649571759259 0.034088250946539 8.31635361412148e-05 1.00000000
16111033 111.671319444444 0.0348773744139963 8.52774256908243e-05 1.00000000
16111034 111.693171296296 0.035443155771121 8.8166412596015e-05 1.00000000
16111035 111.715266203704 0.0348149796415221 0.00013759563021132 1.00000000
16111036 111.726099537037 0.0353174640680481 0.000142896789247603 1.00000000
16111037 111.73912037037 0.0357775250089989 9.29179731859376e-05 1.00000000
16111038 111.760671296296 0.0346577506176706 9.14974840582061e-05 1.00000000
16111039 111.782268518519 0.035200699275874 9.54383088656698e-05 1.00000000
16111040 111.803923611111 0.0353557903869608 9.72795423793012e-05 1.00000000
16111041 111.825451388889 0.0354274989229566 9.79734948890443e-05 1.00000000
16111042 111.847083333333 0.0353391340126379 0.000102065155109672 1.00000000
16111043 111.867083333333 0.0344661486447349 0.000125163613282272 1.00000000
16111049 111.974108796296 0.0352329442164884 6.48171197737587e-05 1.00000000
16111050 111.997604166667 0.0352857923259764 7.28272546955106e-05 1.00000000
16112001 112.019305555556 0.0354815249982716 9.02370072468744e-05 1.00000000
16112002 112.034849537037 0.0354423991584215 8.04804206085067e-05 1.00000012
16112003 112.056481481481 0.0347871268747768 7.93771235483052e-05 1.00000000
16112004 112.078611111111 0.0344608465845833 8.18755593112299e-05 1.00000000
16112005 112.102256944444 0.0351751913860641 8.52466783494678e-05 1.00000000
16112006 112.123888888889 0.0343555124867591 8.59465828477392e-05 1.00000000
16112007 112.145462962963 0.0361812758777983 8.83563275547653e-05 1.00000000
16112008 112.168136574074 0.0352762301117228 9.16545509749539e-05 1.00000000
16112009 112.189965277778 0.0345817543039988 9.02577758644219e-05 1.00000000
16112010 112.211793981481 0.0347739872221759 0.000129142501345894 1.00000000
16112011 112.227280092593 0.0356699841209779 9.50469211782153e-05 1.00000000
16112012 112.248946759259 0.0341724743163246 9.53082744383606e-05 1.00000000
16112013 112.270150462963 0.0343640597181399 0.000111273033585439 1.00000000
16113002 113.025856481481 0.0363855493284482 0.000145834663417817 1.00000000
16113003 113.033298611111 0.0346344095959063 0.000130842515994956 1.00000000
16113004 113.041469907407 0.0353887940048212 0.000171608469936244 1.00000000
16113008 113.119814814815 0.0354017586006432 6.77313513516601e-05 1.00000000
16113009 113.141944444444 0.0345527035389375 0.000314731561148639 1.00000000
16113010 113.143611111111 0.0354396973217648 0.000102827333019135 1.00000000
16113011 113.156053240741 0.0350551558646898 9.73376850624608e-05 1.00000000
16113012 113.168599537037 0.0341271391083443 0.000102483913210107 1.00000000
16113014 113.187465277778 0.0354984557912625 8.83397396988988e-05 1.00000000
16113015 113.208993055556 0.0354788731233372 8.4840353447921e-05 1.00000000
16113016 113.230509259259 0.0345919867133223 0.00011379762867522 1.00000000
16113017 113.245590277778 0.0345481798116576 8.61541414257166e-05 1.00000000
16113018 113.267094907407 0.034444963419536 9.16258141699545e-05 1.00000000
16113019 113.29712962963 0.0344706319112504 8.35226928558314e-05 1.00000000
16113020 113.321828703704 0.0353082205131936 9.38800494639893e-05 1.00000000
16113021 113.343796296296 0.034597674627025 8.67194365608614e-05 1.00000000
16113022 113.371608796296 0.0349997673897548 9.84086543360977e-05 1.00000000
16113028 113.405011574074 0.0356529249497776 9.61246915024726e-05 1.00000000
16113029 113.428611111111 0.0350529515301574 9.77338275615389e-05 1.00000012
16113040 113.601608796296 0.0365955268471407 6.76449764020261e-05 1.00000000
16113041 113.624189814815 0.0358793549626812 7.46439809704618e-05 1.00000000
16113042 113.646724537037 0.0351703476054817 7.95769697360117e-05 1.00000000
16113043 113.668576388889 0.0358212397185241 8.64633250962648e-05 1.00000012
16113044 113.690601851852 0.036155167017177 9.90435612247104e-05 1.00000000
16113045 113.712905092593 0.0356946204475491 0.000100121073883345 1.00000000
16113048 113.785393518519 0.0343199381865958 9.18769169287318e-05 1.00000000
16113049 113.806793981481 0.0344596787220867 9.30918183515532e-05 1.00000000
16113050 113.828553240741 0.0346057123282734 9.45239456121914e-05 1.00000000
16113051 113.850069444444 0.0345050189191385 0.000104769705458215 1.00000000
16113052 113.870798611111 0.0347893936688888 9.79560418166136e-05 1.00000000
16113053 113.892326388889 0.0352936611348716 0.000100975606553137 1.00000000
16113054 113.913958333333 0.0352916448151958 0.000387135073169122 1.00000000
16113055 113.917280092593 0.0345293386132312 0.000104915853773191 1.00000000
16113056 113.937164351852 0.0347452962517154 0.000270832771623421 1.00000000
16114002 114.014097222222 0.0376698107326971 6.69730829847515e-05 1.00000000
16114003 114.038946759259 0.0368773443510225 7.62597844810419e-05 1.00000000
16114004 114.060509259259 0.0368580207076267 7.91613587177997e-05 1.00000000
16114005 114.08224537037 0.0372102371155141 8.52016157150118e-05 1.00000000
16114006 114.103831018519 0.0368269058625159 0.000119530660876047 1.00000000
16114007 114.115034722222 0.0374288433037439 0.000207944952687129 1.00000000
16114008 114.119456018519 0.036724587316467 9.12954918920793e-05 1.00000000
16114009 114.141793981481 0.036326113781393 8.96674134050387e-05 1.00000000
16114010 114.163402777778 0.0373584392914321 9.33645291565691e-05 1.00000000
16114011 114.185069444444 0.0355404230242986 8.9605144693963e-05 1.00000000
16114012 114.206770833333 0.0355924121511539 9.13346933266498e-05 1.00000000
16114013 114.228472222222 0.0352480047931231 9.2678802668448e-05 1.00000000
16114014 114.250104166667 0.0358998733966326 0.000120169466974117 1.00000000
16114015 114.266724537037 0.0350260104351352 9.59704300619574e-05 1.00000000
16114016 114.288194444444 0.0357209600334903 0.00010003207222684 1.00000012
16114017 114.309641203704 0.0361333076100495 0.000102075549238061 1.00000000
16114018 114.331018518519 0.0359549098919802 9.21499057129677e-05 1.00000000
16114026 114.446851851852 0.0363366056115264 7.30170460336534e-05 1.00000000
16114027 114.469606481481 0.0363062211626311 8.39618442256323e-05 1.00000000
16114028 114.491435185185 0.0362925628149627 8.94474230021315e-05 1.00000000
16114029 114.51287037037 0.0361466850422874 9.13671494048784e-05 1.00000000
16114030 114.534351851852 0.0356365898325054 9.21721384391762e-05 1.00000000
16114031 114.555844907407 0.0358198121389065 9.69237998399512e-05 1.00000000
16114032 114.576585648148 0.0355838971031981 0.000233438540014208 1.00000000
16114033 114.589502314815 0.0348964708722957 9.57960644707143e-05 1.00000000
16114034 114.61130787037 0.035609805446056 0.000492170103781587 1.00000000
16114036 114.61494212963 0.0349628454220432 0.000262463548256927 1.00000000
16114041 114.902141203704 0.0374801515607193 8.04818005461621e-05 1.00000000
16114046 114.929097222222 0.0370700686660286 0.000200886171828276 1.00000000
16114047 114.933819444444 0.0360429752552591 8.78620049734688e-05 1.00000000
16114048 114.955347222222 0.0359676470551807 8.98420214972526e-05 1.00000000
16114049 114.976956018519 0.0369021353906944 0.000130477361049026 1.00000000
16115001 115.00130787037 0.0362211187155933 0.000136417957326721 1.00000000
16115002 115.015219907407 0.0369747839944593 0.000167766674647698 1.00000000
16115003 115.026377314815 0.0544731853989504 0.0022380595479497 1.00000000
16115004 115.048923611111 0.0362698830084006 0.000127895261588701 1.00000000
16115005 115.06994212963 0.0361186701435561 0.000132749388161616 1.00000000
16115006 115.091597222222 0.0366150822167158 0.000136559688732787 1.00000000
16115007 115.113229166667 0.036242177148329 0.000167049737776329 1.00000000
16115008 115.127824074074 0.0366816930629018 0.000249033966958449 1.00000000
16115009 115.136701388889 0.0362340996305874 0.000136402331967122 1.00000000
16115010 115.158460648148 0.0361647616296346 0.000132780976511213 1.00000000
16115011 115.1815625 0.035611880566357 0.000137222053478768 1.00000000
16115012 115.203321759259 0.0359563025573577 0.000161439479990052 1.00000000
16115017 115.277268518519 0.0365434705009188 7.27115183737557e-05 1.00000000
16115018 115.302118055556 0.0361363440335998 7.93697531673124e-05 1.00000000
16115019 115.329444444444 0.0355266062454623 0.000197659084181386 1.00000012
16115021 115.34494212963 0.0361601042713018 0.000194305433639088 1.00000000
16115022 115.359178240741 0 0.0119053660076903 1.00000000
16115029 115.396400462963 0 0.0353297403147359 1.00000000
16115030 115.404305555556 0.0357549617304918 8.68689078710413e-05 1.00000000
16115031 115.425833333333 0.0364880546117425 0.00031431736777542 1.00000000
16115032 115.428263888889 0.0354555029438399 0.000198663154333162 1.00000000
16115033 115.433055555556 0.0352698620411306 0.000158860823708309 1.00000000
16115034 115.440358796296 0.0359880886378039 0.000245143902328919 1.00000000
16115036 115.444479166667 0.0353393797311185 0.000151128990099271 1.00000000
16115037 115.455277777778 0.0359660612731777 9.20622124664287e-05 1.00000000
16115039 115.4784375 0.0363360195367783 9.833263139422e-05 1.00000000
16115040 115.49994212963 0.0356526541298912 9.30455738309493e-05 1.00000000
16115041 115.523391203704 0.0353926206298139 0.000252139166691745 1.00000000
16115042 115.527696759259 0.0347862098569407 0.000179482278211012 1.00000000
16115044 115.561018518519 0.0353694133618363 0.000103335183573098 1.00000000
16115045 115.582511574074 0.0345600607246297 0.000101368703490555 1.00000000
16115046 115.603935185185 0.034886069096886 8.79618472565803e-05 1.00000012
16115047 115.633460648148 0.0354054466060933 0.000107651360123571 1.00000000
16115048 115.65505787037 0.0355092301030518 0.000291174384455291 1.00000000
16115053 115.718587962963 0.0374309294138852 7.24467839933772e-05 1.00000000
16115054 115.741759259259 0.037166135512504 8.12314739383246e-05 1.00000000
16115055 115.763287037037 0.0370816159485378 8.52119978383512e-05 1.00000000
16115056 115.784756944444 0.0351570763547984 0.000279923419047286 1.00000000
16115057 115.791111111111 0.0358730944180853 8.56315456179484e-05 1.00000000
16115058 115.812708333333 0.036276380063348 8.97815637381147e-05 1.00000000
16115059 115.834224537037 0.0353724953034344 8.93244712514612e-05 1.00000000
16115060 115.864328703704 0.0360557042143099 9.73597013058415e-05 1.00000000
16115061 115.885011574074 0.0361881141327499 9.58386169985489e-05 1.00000000
16115062 115.906574074074 0.0353485197681999 9.7176258508799e-05 1.00000000
16115063 115.928125 0.0356675822743803 9.83074533590977e-05 1.00000000
16115064 115.949710648148 0.0359197316193936 0.000109777895769772 1.00000000
16115065 115.969537037037 0.0355687853595168 0.00010151927756541 1.00000012
16115066 115.991145833333 0.0361004401186096 0.000104040352656754 1.00000000
16116001 116.012615740741 0.0354102716873946 0.000126909733812413 1.00000000
16116002 116.029976851852 0.0357817614012369 9.91326926333176e-05 1.00000000
16116007 116.1090625 0.036317995141727 6.56963706941986e-05 1.00000000
16116008 116.133715277778 0.0361962093161775 7.91799747631895e-05 1.00000000
16116009 116.154571759259 0.0349305448693797 8.08729412315237e-05 1.00000000
16116010 116.176238425926 0.03572595207143 8.45084283951661e-05 1.00000000
16116011 116.19837962963 0.0351616111466786 8.67844385486243e-05 1.00000000
16116012 116.219988425926 0.0343376456182995 0.000107669453487193 1.00000000
16116013 116.236111111111 0.0353398559095289 0.000108908017713325 1.00000000
16116014 116.251041666667 0.0347747865656718 0.000104125434696526 1.00000000
16116015 116.267997685185 0.0341340346549154 0.000372290599564383 1.00000000
16116016 116.269872685185 0.0348936354284302 9.00715210283539e-05 1.00000000
16116017 116.291956018519 0.0345170286611106 0.000275324513356396 1.00000000
16116018 116.295011574074 0.034959924290563 0.000562089741359183 1.00000000
16116019 116.296423611111 0.0355168665473629 9.51512028843274e-05 1.00000000
16116020 116.318414351852 0.0352266172644635 8.8047645428569e-05 1.00000000
16116021 116.343703703704 0.0350700478549343 0.000112570773667083 1.00000000
16116022 116.360081018519 0.0354309271247376 0.000102076099994394 1.00000000
16116023 116.381979166667 0.0344606796238828 9.62333794674132e-05 1.00000012
16116024 116.40505787037 0.0348202364057946 0.000101419225705868 1.00000000
16116025 116.427002314815 0.0344309834623731 0.000128925771328454 1.00000000
16116032 116.517361111111 0.0378316424968024 6.81090215140938e-05 1.00000000
16116033 116.544664351852 0.036488570593052 7.65937664640005e-05 1.00000000
16116034 116.566759259259 0.037119726416076 8.17057335398696e-05 1.00000000
16116035 116.588298611111 0.0356726662824756 8.61090034638937e-05 1.00000000
16116036 116.609837962963 0.0357963839313118 0.000301990286329702 1.00000000
16116037 116.614525462963 0.0369883170783634 8.94166861415441e-05 1.00000000
16116038 116.636018518519 0.0370303822026481 0.000140510028333294 1.00000000
16116039 116.649074074074 0.0366233354374696 9.29746148207354e-05 1.00000000
16116040 116.670740740741 0.0365210718328051 9.28438501626113e-05 1.00000000
16116041 116.692418981481 0.0361767097555286 0.000111509359689655 1.00000000
16116042 116.725428240741 0.0363782040427485 9.93964400394784e-05 1.00000000
16116043 116.746909722222 0.0359062731306167 9.85706854411206e-05 1.00000000
16116044 116.768344907407 0.0347426079872298 0.000251270341102875 1.00000000
16116045 116.775752314815 0.0359609287659779 0.000100481464822736 1.00000000
16116046 116.797291666667 0.0352278702144207 0.000100075104519164 1.00000000
16116047 116.818726851852 0.0359645562787703 0.000289517221138489 1.00000000
16116048 116.822083333333 0.0360996184265329 0.000103113558174977 1.00000000
16116049 116.844155092593 0.0360755952853781 0.000154915685124313 1.00000000
16116052 116.911863425926 0.037590787508042 7.38889687620561e-05 1.00000000
16116053 116.934178240741 0.036734682771024 7.81184047517235e-05 1.00000000
16116054 116.955729166667 0.0366216749717598 7.5933808770072e-05 1.00000000
16116055 116.980277777778 0.0372504889666979 8.50855073543795e-05 1.00000000
16117001 117.001851851852 0.0371746414198793 8.82250613517139e-05 1.00000012
16117002 117.023333333333 0.0366585907254761 0.000101414323749207 1.00000000
16117003 117.041030092593 0.0367895797790209 8.81570709520847e-05 1.00000000
16117004 117.063877314815 0.0362458593169509 9.00533366621464e-05 1.00000000
16117005 117.085648148148 0.0365886744064432 0.000177310952463716 1.00000000
16117006 117.093576388889 0.0356844205731357 9.1566098380901e-05 1.00000000
16117007 117.115092592593 0.0362231290365999 9.374323868898e-05 1.00000000
16117008 117.136805555556 0.0363559935595524 0.000589383360396107 1.00000000
16117009 117.1384375 0.0354671063682171 0.000330336230563437 1.00000000
16117010 117.141805555556 0.0365299561640491 0.00032730236681386 1.00000000
16117011 117.145173611111 0.035736595691044 0.000238056406721499 1.00000000
16117012 117.149155092593 0.036863597178068 0.0001190917755348 1.00000000
16117013 117.168252314815 0.0352142430879301 0.000302618667080893 1.00000000
16117014 117.173321759259 0.0364428286659917 0.000141358798018546 1.00000000
16117015 117.185289351852 0.0361573347255099 0.000578784609402313 1.00000000
16117017 117.190150462963 0.0346506755889457 9.68411094130392e-05 1.00000000
16117018 117.211516203704 0.0360836258956036 0.000142848157868848 1.00000012
16117019 117.224780092593 0.0358333657734579 0.000160205940324428 1.00000000
