16091058 91.9486458333333 4.65865724440257 0.000181013909030588 8615.06835938
16091059 91.9500810185185 4.45936770200464 6.89245260081256e-05 8554.70410156
16093061 93.8342939814815 4.57130010599199 3.51984809436264e-05 7409.81787109
16093064 93.8440625 4.43054427838806 1.28770240511075e-05 6899.51464844
16093065 93.8615972222222 4.59494114140535 1.12321930447019e-05 6242.10546875
16093066 93.881087962963 4.45550572401593 6.24004670854112e-05 5663.32128906
16093067 93.8848958333333 4.42767144393344 1.59707784684221e-05 5750.06347656
16093070 93.9056481481481 4.39221213765132 1.56177923945486e-05 5322.44335938
16093072 93.9267361111111 4.31212904973745 1.6405302555406e-05 5028.73876953
16093074 93.9498842592593 4.39893570154773 1.52719806657872e-05 4686.33837891
16093075 93.9714351851852 4.53802756558181 2.8996566248386e-05 4489.01416016
16093076 93.9782291666667 4.5380008574641 1.408756952628e-05 4459.08593750
16093077 93.9953356481482 4.46744075170911 1.40500352823218e-05 4340.89453125
16094001 94.0176967592593 4.43381278257269 1.57545277325773e-05 4187.70214844
16094002 94.0356597222222 4.43587583131828 1.33861993842263e-05 3978.20361328
16094003 94.0574537037037 4.20266405247593 2.05529481862201e-05 3800.15576172
16094004 94.0737615740741 4.33432926947907 1.88090792416414e-05 3791.02539062
16094005 94.0881944444445 4.36478615583402 2.06878999819125e-05 3636.81811523
16094016 94.2751851851852 4.45685770177896 1.47614618556017e-05 10719.69042969
16094017 94.2984027777778 4.38563686522325 1.98286831925206e-05 8582.60449219
16094018 94.3219791666667 4.29791568784244 7.61417525151495e-05 7803.95947266
16094019 94.3292824074074 4.2425198607927 1.87238119661819e-05 7588.37451172
16094020 94.3515277777778 4.26766302783667 1.83942444867066e-05 6999.44482422
16094021 94.3728240740741 4.42355044696501 1.75220843521177e-05 6844.22265625
16094022 94.3942824074074 4.33856706069802 1.92330054100643e-05 6272.03320312
16094023 94.4113078703704 4.3443962741853 4.51235532141476e-05 6277.10644531
16094025 94.4189699074074 4.27901407440704 1.7025503084567e-05 6143.69677734
16094026 94.4403935185185 4.40676030511841 1.60363033870713e-05 5868.76171875
16094027 94.4621412037037 4.23538102060268 1.79742289224387e-05 5486.79492188
16094028 94.4841898148148 4.33816187604764 1.5987017346268e-05 5410.70556641
16094029 94.5058796296296 4.47164199676128 1.53896858668694e-05 5228.59960938
16094030 94.5274884259259 4.26148240222668 3.28932270952289e-05 5052.58007812
16094032 94.5366435185185 4.35185047875319 1.46667325686399e-05 4987.65136719
16094033 94.5585416666667 4.19994446080904 1.61899995690252e-05 4751.77539062
16094034 94.5803240740741 4.2112659440245 1.40530625910693e-05 4584.37841797
16094035 94.6119675925926 4.19834389938385 4.24660686249313e-05 4347.48876953
16094048 94.8701041666667 4.31209956177899 1.64100641752068e-05 9383.05957031
16094049 94.8912731481481 4.35003684449996 2.02766829206496e-05 8352.81445312
16094050 94.9127199074074 4.41588186240893 1.89811282966306e-05 7626.92578125
16094051 94.9339236111111 4.48452210643804 1.70267040784045e-05 6943.64599609
16094052 94.9554050925926 4.45113501622356 1.95553767175942e-05 6770.67041016
16094053 94.9767361111111 4.44198606519692 2.1951368754406e-05 6429.28466797
16094054 94.9924074074074 4.3115025743265 1.66088422371554e-05 6101.08740234
16095005 95.0469444444444 4.39033891687732 2.5135430236301e-05 5528.89746094
16095006 95.056099537037 4.33229492360499 1.6097240963161e-05 5413.24218750
16095007 95.0778356481482 4.37163882590461 1.50414101093847e-05 5154.53955078
16095008 95.1009375 4.24091587752055 2.24235596301645e-05 5017.07177734
16095017 95.1851736111111 4.64819608217166 3.6308524187566e-05 10967.74121094
16095018 95.1908564814815 4.58679720398081 3.59441324921029e-05 10439.17578125
16095019 95.1962962962963 4.64004718835019 1.29544683838795e-05 10389.97167969
16095020 95.2209722222222 4.48565914066818 1.58519746687785e-05 9062.97949219
16095025 95.2709722222222 4.53195751073081 2.70325919151733e-05 7719.24707031
16095028 95.2967476851852 4.433830333893 3.01324083861827e-05 7380.90478516
16095029 95.3055787037037 4.50265374955197 3.52260126086897e-05 7198.79833984
16095030 95.3111805555556 4.39352158246024 4.7174471139861e-05 7031.90966797
16095031 95.3162731481481 4.4906100361917 5.38674946318476e-05 6973.57470703
16095032 95.3261111111111 4.37146628397854 3.92339104143606e-05 6870.09326172
16095033 95.3338078703704 4.47710703825444 2.04218784284317e-05 6635.23144531
16095034 95.3507175925926 4.44815566210538 5.70929728885985e-05 6525.15625000
16095035 95.3537268518518 4.40635130057475 2.15052217403833e-05 6623.56445312
16095038 95.3744444444444 4.37414622632468 1.44590639516074e-05 6160.94384766
16095039 95.3996412037037 4.42381386896216 2.39188304392571e-05 6011.30175781
16095041 95.4167592592593 4.40273669740645 2.83340811487672e-05 5706.43847656
16095042 95.4276157407407 4.42105977816197 2.5058007748097e-05 5802.31103516
16095043 95.4369444444444 4.47103367389271 1.49060150244711e-05 5545.12988281
16095044 95.4583796296296 4.42863897147133 1.71013151034773e-05 5363.02294922
16095045 95.4797337962963 4.40072320284991 1.4764536487744e-05 5197.65673828
16095046 95.5013541666667 4.39735905429666 2.37273622260815e-05 5024.17382812
16095055 95.5969791666667 4.61179890618575 1.60005693775196e-05 11856.46093750
16095056 95.6230787037037 4.582222325317 3.46633714948448e-05 9995.83007812
16095057 95.6349074074074 4.6102054975057 6.80874578470181e-05 9381.03027344
16095058 95.6431597222222 4.5541775856854 1.76461264851191e-05 9159.86523438
16095059 95.6646064814815 4.47804369597358 1.78830584041831e-05 8632.31542969
16095060 95.6868055555556 4.50516402680463 1.67114554771654e-05 8028.16845703
16095061 95.708287037037 4.50313856289887 2.04778822583909e-05 7708.59472656
16095062 95.7268865740741 4.46264927245937 1.64471302957436e-05 7143.50683594
16095063 95.7483680555555 4.499989422751 1.62239252262532e-05 6962.92138672
16095064 95.769837962963 4.38538119379737 1.64613177888516e-05 6764.58398438
16095065 95.7913425925926 4.46632150175715 2.08892103752696e-05 6431.31347656
16095066 95.805474537037 4.33816670309393 4.93614975201995e-05 6291.30957031
16095067 95.8101273148148 4.46142599187246 4.1418730061624e-05 6304.49804688
16095069 95.8161458333333 4.36685280187045 4.07552418309627e-05 6307.54150391
16095070 95.8210185185185 4.48665793469665 2.66289672326849e-05 6179.71240234
16095071 95.8309953703704 4.44665962707098 3.63541112042993e-05 5968.69189453
16095072 95.8356712962963 4.39705359064126 9.02023942872297e-05 6071.15869141
16095073 95.8399884259259 4.39309625859529 4.54331175100043e-05 6047.31689453
16095074 95.8437731481481 4.48107862272328 4.05803451530327e-05 6000.64990234
16095075 95.8522222222222 4.41602427971514 1.52821140737456e-05 5873.32714844
16095076 95.8737037037037 4.32464098125875 2.07513369967724e-05 5679.55322266
16095077 95.8877083333333 4.39699246431779 1.61637744476096e-05 5607.52246094
16095078 95.909212962963 4.39486802454254 1.56108523341078e-05 5352.87841797
16095087 95.9931018518519 4.33381247008802 1.97780542101001e-05 11873.70703125
16096001 96.0159027777778 4.33484623680621 1.80628082798576e-05 10597.94726562
16096002 96.0365740740741 4.52865922800761 1.89358302532055e-05 9460.67089844
16096003 96.0518402777778 4.36045003548946 2.18074229411369e-05 9132.98046875
16096004 96.0739351851852 4.33824958060115 2.17379575151007e-05 8689.12890625
16096005 96.0906597222222 4.36656305675957 2.6742730773636e-05 8224.47851562
16096006 96.1047106481482 4.40728349223207 2.18666560081766e-05 7958.67382812
16096007 96.1167013888889 4.38104685584442 1.3624432370708e-05 7680.18750000
16096009 96.150787037037 4.40311016064399 3.06960824424855e-05 7296.69873047
16096011 96.1625231481481 4.25885778975126 1.82409458757905e-05 6965.96582031
16096012 96.1842592592593 4.39870012615265 3.60061276899198e-05 6751.39404297
16096019 96.2133680555556 4.34984273040885 1.99968137505772e-05 6591.10009766
16096021 96.2275578703703 4.21702141012014 2.13423847594679e-05 6180.72753906
16096023 96.2463425925926 4.34142973201167 2.90648803254898e-05 6040.72265625
16096024 96.2535416666667 4.40483579392123 2.42082973243047e-05 6039.70849609
16096025 96.2627893518518 4.32237653082589 2.22296966631728e-05 6078.76708984
16096026 96.2790046296296 4.22043131630705 1.70006066887797e-05 5790.13623047
16096027 96.300787037037 4.33482545909525 1.72249046274978e-05 5397.00976562
16096028 96.3230208333333 4.2871097413346 2.15800222029322e-05 5519.76660156
16096029 96.3350694444444 4.32683696229978 2.18615404842195e-05 5384.83544922
16096030 96.3477083333333 4.26409482737535 0.000167810371231908 5371.13964844
16096033 96.3515162037037 4.23728936748463 1.68012894624118e-05 5311.79052734
16096034 96.3731828703704 4.2855479499847 3.98305446141997e-05 5096.20361328
16096053 96.7210300925926 4.6631881779452 1.63136300240871e-05 11183.83398438
16096054 96.7422106481481 4.50068870237382 1.88046202653789e-05 9975.03320312
16096062 96.8286458333333 4.6053500387921 1.61519080069786e-05 12449.95410156
16096063 96.850150462963 4.60751431867078 1.21424538060891e-05 10780.56152344
16096064 96.8758333333333 4.44242304890146 1.89284285365699e-05 9611.32617188
16096065 96.8974305555555 4.48898571024098 1.7889057842889e-05 8900.65527344
16096066 96.9191203703704 4.58874261573553 1.63155324513217e-05 8475.57128906
16096067 96.9405787037037 4.52049448499111 1.65224682724372e-05 7992.65966797
16096068 96.9638657407407 4.32695144513491 1.85083083102794e-05 7479.31250000
16096069 96.9858217592593 4.53632350493837 1.57390506364123e-05 7038.50390625
16097001 97.0075347222222 4.37884681000962 1.74369318610708e-05 6873.64404297
16097002 97.0290740740741 4.44049098864071 1.49936212426412e-05 6645.88427734
16097003 97.050462962963 4.49590452758906 1.51259754100848e-05 6376.52929688
16097004 97.0724884259259 4.43983915242273 2.02909364859723e-05 6200.00244141
16097005 97.087349537037 4.4731466134199 1.50142318835376e-05 6107.68164062
16097006 97.108912037037 4.26392920619929 1.66007965615022e-05 5809.41210938
16097007 97.1307175925926 4.47355212284014 1.48314006484819e-05 5616.65332031
16097008 97.1521412037037 4.42179520435402 1.50127616935558e-05 5496.43261719
16097009 97.1734953703704 4.47265842673764 1.48782342734849e-05 5316.35498047
16097010 97.1952662037037 4.35950156233307 1.72528067562348e-05 5185.48242188
16097011 97.2152199074074 4.36368716021154 1.55255473534299e-05 5008.95605469
16097012 97.2367013888889 4.36940714494519 1.54250210942565e-05 4875.03906250
16097013 97.258287037037 4.40748724283909 1.5500677638434e-05 4803.51513672
16097014 97.2809375 4.41235370858865 1.7351261064523e-05 4631.04736328
16097015 97.3024537037037 4.44886248126102 1.50738699859634e-05 4525.53710938
16097016 97.3239236111111 4.34864979197518 2.05202226304087e-05 4487.99951172
16097029 97.4673032407407 6.29860480962471 4.0258079183124e-06 12634.09082031
16097030 97.48875 4.40734047613712 1.4708672962495e-05 10622.29589844
16097031 97.5098611111111 4.36897247397957 2.13408579074277e-05 9602.19628906
16097032 97.531875 4.34461036098656 2.18691300318326e-05 9008.19531250
16097033 97.5490046296296 4.30523526299458 2.05215671701768e-05 8547.60253906
16097035 97.5711574074074 4.36873171480642 2.00643420182565e-05 8216.86914062
16097036 97.5918402777778 4.34699074201084 2.00404830436901e-05 7814.61181641
16097037 97.6137847222222 4.28236645975129 1.892537631665e-05 7466.12353516
16097038 97.6362037037037 4.34879545098483 1.96391811160564e-05 7182.56542969
16097039 97.6532175925926 4.33703990321586 2.38664136164733e-05 6974.58935547
16097041 97.6719444444444 4.32490344316069 7.06080966020376e-05 6804.14892578
16097042 97.6749189814815 4.25019485142167 1.96687197707045e-05 6724.50976562
16097044 97.6969675925926 4.20924495497967 4.33142502979885e-05 6470.87988281
16097045 97.702974537037 4.1893583484964 2.46948071585388e-05 6487.61914062
16097049 97.7520254629629 4.29854831883406 1.73034493009846e-05 5982.38818359
16097050 97.7742013888889 4.12949634818104 1.76001306668284e-05 5793.68701172
16097057 97.8575115740741 4.44551994714926 1.92210938097476e-05 11742.83496094
16097058 97.8790509259259 4.3974951581638 1.58406880855533e-05 10181.48730469
16097059 97.8997337962963 4.47795108219092 3.29068776623011e-05 9093.92187500
16097060 97.9137731481482 4.41438963347321 1.87036781109511e-05 8511.08007812
16097064 97.9530092592593 4.3208693930445 1.85245438003099e-05 6986.25537109
16097065 97.9746875 4.39005615114628 2.9976739882408e-05 6583.99853516
16097066 97.9955902777778 4.29193426761465 1.88537639134209e-05 6203.04638672
16098001 98.0173263888889 4.38436985148036 1.64466772011381e-05 5947.38720703
16098002 98.0392592592593 4.25460139873951 1.82266617430938e-05 5568.97119141
16098003 98.0610069444444 4.25295263710317 1.78635910661145e-05 5299.61572266
16098004 98.0827083333333 4.26238071289452 2.0773945239847e-05 4944.53369141
16098006 98.1100347222222 4.32652091730437 1.5623810414902e-05 4846.63281250
16098007 98.1336574074074 4.39351741510468 3.91816800362394e-05 4586.91601562
16098008 98.1406597222222 4.37955284697333 1.55627359020265e-05 4575.75585938
16098009 98.1625925925926 4.32158887729943 1.63339143158035e-05 4345.45996094
16098010 98.1842939814815 4.28151656412881 1.75495656696624e-05 4130.38183594
16098011 98.2059490740741 4.33678983739674 1.73965402855416e-05 4056.82910156
16098012 98.2275810185185 4.40318734085169 2.97244810945364e-05 3990.88549805
16098013 98.2358217592593 4.27029629864322 1.53187718200205e-05 3841.24365234
16098014 98.2594791666667 4.27663793918393 2.09346364396203e-05 3749.42968750
16098027 98.9877430555556 4.67696462183204 1.58711782436703e-05 12379.95312500
16099001 99.0088541666667 4.61896644360805 1.13695034411218e-05 10401.63867188
16099002 99.0396875 4.55426985623201 1.94557028203104e-05 9311.02929688
16099003 99.0614351851852 4.57263364073744 1.65412821893402e-05 8678.47656250
16099004 99.0831134259259 4.40609825136097 1.69005429877989e-05 8246.79785156
16099005 99.1047453703704 4.41348883814837 6.21397870238259e-05 7663.44824219
16099006 99.1113310185185 4.42296256369899 1.56096369374684e-05 7657.36083984
16099007 99.1335416666667 4.44768463969243 1.69336948804202e-05 7272.35107422
16099008 99.1547222222222 4.53725097573247 1.44964303463121e-05 6979.15478516
16099009 99.1771064814815 4.43731080682388 1.58210044517083e-05 6607.33251953
16099010 99.1988541666667 4.44576924710939 1.51492647640088e-05 6441.96484375
16099011 99.2208217592593 4.27412612424911 2.23509795310056e-05 6192.39404297
16099012 99.2356712962963 4.46703544727286 1.2139716040227e-05 6120.36279297
16099013 99.2672685185185 4.42618599226185 1.41731844835287e-05 5822.60107422
16099014 99.2957407407408 4.45859451754366 1.22772725058302e-05 5531.43457031
16099024 99.4418171296296 4.48240127609815 1.37272431276856e-05 10744.03906250
16099025 99.4636805555556 4.45289414005523 1.86199527026463e-05 9559.58691406
16099026 99.4882175925926 4.43769146666582 2.18491125259454e-05 8721.59277344
16099027 99.5101736111111 4.30887316348722 1.70436222390654e-05 8284.84179688
16099028 99.5338541666667 4.35685771180318 1.78342182486203e-05 7766.92871094
16099029 99.5557638888889 4.35151749808279 3.25740339827195e-05 7360.10595703
16099030 99.5649421296296 4.38995855948764 1.61121932955182e-05 7130.31738281
16099033 99.5893634259259 3.59964230746325 8.24073359425712e-05 6923.35595703
16099042 99.6754282407407 4.47294959585132 2.08624973254824e-05 12672.13476562
16099043 99.6970717592592 4.37829746294738 1.63740671856649e-05 11224.92089844
16099046 99.7219675925926 4.51789923637055 1.74904659404403e-05 10008.00488281
16099048 99.7411921296297 4.41385251211014 1.84297197328119e-05 9539.29687500
16099049 99.765 4.26754735576147 2.27370103593956e-05 8978.77343750
16099050 99.7835416666667 4.44273431556313 2.30499345207832e-05 8574.48730469
16099051 99.8000810185185 4.34323670852493 1.81974589405325e-05 8412.67187500
16099053 99.8258101851852 4.29539310465752 1.97488953373768e-05 7746.63867188
16099054 99.8468402777778 4.27113536183187 1.7464438215095e-05 7538.15478516
16099055 99.8683796296296 4.40669024609735 1.86727256939386e-05 7215.53710938
16099056 99.889849537037 4.38125518346428 1.63267190132693e-05 7108.50537109
16099057 99.9113078703704 4.36623637863449 2.23219860525308e-05 6899.51464844
16099059 99.9275578703704 4.21832906476958 1.88681927736432e-05 6702.18994141
16099060 99.9598611111111 4.19263573754843 1.65672919488767e-05 6113.76855469
16099061 99.982337962963 4.38010754775234 1.36166165937287e-05 5982.89501953
16100051 100.386018518519 4.39163407708245 1.77756720728133e-05 7046.11279297
16100052 100.40525462963 4.3386420182433 1.92785821694709e-05 6961.90771484
16100053 100.423819444444 4.27845158809603 2.71324519429251e-05 6522.11230469
16100054 100.438113425926 4.24749593253098 1.62633536935561e-05 6559.64941406
16100055 100.464201388889 4.32833326680206 2.16323761554759e-05 6361.31152344
16100056 100.482222222222 4.29828094624272 1.81101218495664e-05 6546.96972656
16100069 100.639224537037 4.40907354195503 1.59373393463886e-05 11181.29687500
16100070 100.661493055556 4.45938154049087 1.80006390086957e-05 9939.01757812
16100071 100.683032407407 4.38333399607685 1.99116631580344e-05 9505.30957031
16100072 100.703159722222 4.38672832010592 3.51995872873946e-05 9097.98046875
16100073 100.713657407407 4.37069261287683 1.72210988462257e-05 8741.88281250
16100074 100.735914351852 4.32576816671922 1.65401586633175e-05 8272.16015625
16100077 100.783055555556 4.31050332275626 1.75652938022113e-05 7531.05371094
16100078 100.804560185185 4.42505016815473 1.68160985135185e-05 7236.33544922
16100079 100.826435185185 4.33868940006403 1.80448864958156e-05 7047.12695312
16100080 100.844907407407 4.33528520497296 1.82697549223639e-05 6712.33496094
16100081 100.866400462963 4.41461448330813 2.34202632963576e-05 6663.13037109
16100082 100.877349537037 4.14477074665069 1.7757803020271e-05 6577.40478516
16100083 100.901168981481 4.19638090748487 2.89042804895524e-05 6140.14599609
16100084 100.911898148148 4.37365260458245 2.11934115865561e-05 6099.56542969
16100085 100.925393518519 4.30312210029406 5.88333332743363e-05 6095.00048828
16100086 100.931655092593 4.30478372861164 2.84316119035918e-05 6037.17285156
16100088 100.947592592593 4.22210052378296 3.53705503903294e-05 5852.02197266
16101002 101.072141203704 4.64275609364762 1.80922066780961e-05 12560.53808594
16101003 101.093113425926 4.53561390448942 1.54095722753141e-05 10938.32031250
16101004 101.118726851852 4.43168136312285 1.63737571527271e-05 10045.54296875
16101005 101.140138888889 4.50621433384724 3.14186704610695e-05 9681.83691406
16101007 101.166087962963 4.37639297309152 1.8950943880372e-05 9154.79394531
16101008 101.187962962963 4.45022600524187 1.5472568290629e-05 8612.02441406
16101009 101.21224537037 4.43315022573251 1.54571417741199e-05 8219.91308594
16101010 101.233981481481 4.51420007596162 2.85360866671273e-05 7961.21044922
16101011 101.240173611111 4.50784882068841 2.62730861164205e-05 7795.33593750
16101012 101.248229166667 4.40792799473097 3.06643159151853e-05 7583.30029297
16101013 101.262581018519 4.44217107489259 1.57122977555237e-05 7571.12646484
16101014 101.286203703704 4.38523659340918 1.55827878024659e-05 7155.68066406
16101015 101.308055555556 4.37162000638428 3.43679872628257e-05 7143.50683594
16101016 101.313981481481 4.26495304806992 2.41970106990036e-05 6857.91894531
16101018 101.332071759259 4.3573982035971 2.64789313499108e-05 6855.38183594
16101019 101.346712962963 4.38766014160528 1.44556981619605e-05 6730.08935547
16101020 101.372372685185 4.46097602276172 0.000476485500142646 6502.83691406
16101021 101.379236111111 4.3079278132051 1.96102282366226e-05 6397.83447266
16101022 101.389641203704 4.27524559717016 2.90987608205297e-05 6376.52929688
16101030 101.574571759259 4.23965669705311 1.92913661684848e-05 12886.70605469
16101031 101.595949074074 4.34240310365434 3.11199839403742e-05 11062.59863281
16101034 101.618449074074 4.39344182405872 2.06638793848266e-05 9818.79687500
16101035 101.629918981481 4.37266360096743 2.00149949361146e-05 9619.44335938
16101036 101.651770833333 4.31302797008283 2.33352437029827e-05 8931.09179688
16101037 101.673472222222 4.2997612906959 1.97912247004623e-05 8619.12597656
16101038 101.694976851852 4.43111746725661 5.06902092654529e-05 8203.17285156
16101039 101.697777777778 4.36633892126899 1.78325577732493e-05 8105.77929688
16101040 101.721018518519 4.19752970647146 1.99085523951243e-05 7546.77832031
16101041 101.740844907407 4.30606464794411 1.7949293652326e-05 7196.76855469
16101042 101.763252314815 4.36382717412195 1.64030792048912e-05 7129.81005859
16101043 101.785081018519 4.18657774134931 1.91488104035153e-05 6950.24072266
16101044 101.8065625 4.34797833967484 1.72494941079751e-05 6641.31933594
16101045 101.824375 4.2986644664888 2.04300814167493e-05 6471.89355469
16101046 101.84630787037 4.18489020743762 1.75981559581701e-05 6178.69775391
16101047 101.867847222222 4.22749330632383 1.61061881071742e-05 6107.17382812
16101048 101.891423611111 4.20765644085932 2.03174743649182e-05 6012.31640625
16101057 101.975694444444 4.42625953957897 2.03830892238379e-05 12573.21875000
16101058 101.997881944444 4.34725529750217 1.79095375464294e-05 11087.45312500
16102001 102.019641203704 4.28961371681365 2.63155145877534e-05 10267.72167969
16102002 102.027847222222 4.33427541514391 1.62635650618306e-05 10111.99218750
16102003 102.05162037037 4.26985091415369 3.21318755737762e-05 9374.43652344
16102004 102.057939814815 4.33700919863243 2.77995049712687e-05 9294.79687500
16102005 102.070127314815 4.37050763916054 1.88885850304385e-05 9049.79101562
16102007 102.106226851852 4.29370570613418 5.40513648904798e-05 8272.16015625
16102010 102.129872685185 4.36636695424445 2.49931737573405e-05 7904.90429688
16102012 102.148796296296 4.28963738238798 1.74240395716977e-05 7650.76611328
16102014 102.175891203704 4.22213812207836 1.83287737200724e-05 7513.80664062
16102015 102.197615740741 4.32194205992815 1.80051152863223e-05 7195.75439453
16102016 102.220868055556 4.30023157037584 1.65495120677113e-05 6850.81738281
16102017 102.242719907407 4.33736809948685 1.51752055525519e-05 6647.91308594
16102018 102.265844907407 4.24704405306891 1.72052651174292e-05 6383.63085938
16102019 102.287696759259 4.12924887375924 2.51815277846194e-05 6105.14550781
16102020 102.299328703704 4.3333834418961 3.53344861025926e-05 6197.46630859
16102032 102.386446759259 4.49231048437692 1.74283578373594e-05 12769.52832031
16102033 102.407974537037 4.53580536091968 1.56701637229851e-05 11060.06152344
16102034 102.429641203704 4.52564844425065 1.66633368137793e-05 10142.42871094
16102035 102.450949074074 4.4433340617235 2.94026387053896e-05 9508.86035156
16102036 102.465162037037 4.45995558770322 1.90119454905782e-05 9178.12695312
16102038 102.487893518519 4.43762195718361 1.80556810042724e-05 8463.90527344
16102039 102.511064814815 4.35813922995883 1.74368462691355e-05 8261.50781250
16102040 102.532511574074 4.39064956610577 1.61886516523379e-05 7886.64257812
16102041 102.554803240741 4.33534874944283 1.68997088408616e-05 7504.67578125
16102042 102.576701388889 4.37616628145542 3.12474912264171e-05 7306.33691406
16102043 102.585740740741 4.28727607393577 1.69960572945685e-05 7119.66552734
16102044 102.607361111111 4.36677516044016 3.38282852617631e-05 6884.80419922
16102045 102.613449074074 4.27754591403742 2.1058352756385e-05 6827.48388672
16102046 102.633009259259 4.31576796713572 1.63664140308215e-05 6642.33349609
16102047 102.6546875 4.29065871290868 1.86624864335124e-05 6288.26611328
16102048 102.675173611111 4.20548119715823 1.71025544289725e-05 6188.84277344
16102049 102.697511574074 4.40721289122518 4.87912321547876e-05 6089.41992188
16102053 102.754108796296 4.53657876022276 2.1347087366762e-05 13077.43652344
16102054 102.77462962963 4.50344623063817 2.68383765619306e-05 11266.00878906
16102055 102.786215277778 4.29905020043563 1.53761805907067e-05 10619.25292969
16102056 102.807858796296 4.44992903411636 1.90939540700863e-05 9347.55175781
16102058 102.836967592593 4.45423014156373 1.61890966397048e-05 8196.07128906
16102059 102.857673611111 4.33113496382044 1.81061677909649e-05 7711.13134766
16102060 102.877210648148 4.40675203925779 6.54008778072836e-05 7327.64208984
16102061 102.879270833333 4.36100855760588 3.41315145311376e-05 7264.23486328
16102062 102.892881944444 4.23642366669673 1.8585656074279e-05 6847.77392578
16102063 102.912766203704 4.29471554189679 1.62799390182538e-05 6630.15917969
16102064 102.935844907407 4.3621633158881 1.63870870623542e-05 6286.23632812
16102065 102.95744212963 4.3367925658929 2.25264838755883e-05 5922.53173828
16102066 102.970439814815 4.16226546952852 3.61950567412399e-05 5883.47216797
16103002 103.081203703704 4.30040424000129 1.85112203066338e-05 12918.15722656
16103003 103.102824074074 4.4189126857381 1.51168778454129e-05 11183.83398438
16103005 103.142314814815 4.27153106762902 1.5982758317546e-05 9657.99511719
16103006 103.1640625 4.3215729810892 2.58827356201249e-05 9163.41699219
16103007 103.172928240741 4.23592378947149 1.99959618357494e-05 9212.62109375
16103008 103.194525462963 4.38215130538779 4.43063160348469e-05 8517.67480469
16103009 103.201041666667 4.30412157390625 1.96244449699326e-05 8499.92089844
16103010 103.222696759259 4.27194584605965 1.98225689454683e-05 8081.93847656
16103011 103.244189814815 4.21952371014852 1.76005007423417e-05 7994.18212891
16103012 103.266053240741 4.23704484520707 1.69140794515915e-05 7465.61669922
16103013 103.289710648148 4.30876678350779 1.84248924808075e-05 7245.97314453
16103014 103.311423611111 4.21461271465511 2.03199190208893e-05 7022.77929688
16103015 103.330821759259 4.22949444423837 1.71126526329416e-05 6791.46826172
16103016 103.353194444444 4.19563567160217 1.72787846546153e-05 6474.43017578
16103017 103.377685185185 4.28457118749399 1.6119771208614e-05 6474.93798828
16103018 103.400578703704 4.28334429818087 2.24965706181479e-05 6303.48339844
16103029 103.501412037037 4.28423141058532 1.86203340656872e-05 11476.52148438
16103031 103.540069444444 4.39840469945133 3.54293223610877e-05 9371.39355469
16103032 103.544039351852 4.40777236826646 2.40063566432366e-05 9313.05859375
