16091058 91.9486458333333 0.00133680210935286 2.07850436069461e-05 1.00000000
16091059 91.9500810185185 0.00135219245498482 6.32602637009076e-06 1.00000000
16093061 93.8342939814815 0.00131667553545634 4.3890764328309e-06 1.00000000
16093064 93.8440625 0.00128055711072186 2.18398107283647e-06 1.00000000
16093065 93.8615972222222 0.0012522034656166 2.15411638578738e-06 1.00000000
16093066 93.881087962963 0.00125203696153566 7.76110080384858e-06 1.00000000
16093067 93.8848958333333 0.00123176206586297 2.50486960586337e-06 1.00000000
16093070 93.9056481481481 0.00121949148345186 2.51941649387067e-06 1.00000000
16093072 93.9267361111111 0.00120733024904868 2.67637505355235e-06 1.00000000
16093074 93.9498842592593 0.00118651085966988 2.43898738264378e-06 1.00000012
16093075 93.9714351851852 0.00117569028574859 5.61504804986499e-06 1.00000012
16093076 93.9782291666667 0.00117309416789962 2.77965643470189e-06 1.00000000
16093077 93.9953356481482 0.00116423441773784 2.49617141473573e-06 1.00000000
16094001 94.0176967592593 0.00115447046413759 2.96083002450994e-06 1.00000000
16094002 94.0356597222222 0.00114744277517964 2.59880871637196e-06 1.00000000
16094003 94.0574537037037 0.00114006240889919 3.55518932796635e-06 1.00000000
16094004 94.0737615740741 0.00113452871699491 3.59006073211288e-06 1.00000000
16094005 94.0881944444445 0.0011237778527241 4.02145991153882e-06 1.00000012
16094016 94.2751851851852 0.00141314122391058 1.67919410908875e-06 1.00000000
16094017 94.2984027777778 0.00134446352219939 1.88873537006722e-06 1.00000000
16094018 94.3219791666667 0.00132214193766118 6.87051090023881e-06 1.00000000
16094019 94.3292824074074 0.0012974949494921 2.01498898542487e-06 1.00000000
16094020 94.3515277777778 0.0012770699770136 2.1156706120353e-06 1.00000000
16094021 94.3728240740741 0.00126147434522719 2.42332982568488e-06 1.00000000
16094022 94.3942824074074 0.0012469056117545 2.48108225965742e-06 1.00000000
16094023 94.4113078703704 0.00123770462991023 4.62133734631761e-06 1.00000000
16094025 94.4189699074074 0.00122617601191573 2.25505670582551e-06 1.00000000
16094026 94.4403935185185 0.00121011354088888 2.29125452395443e-06 1.00000000
16094027 94.4621412037037 0.00119842658842469 2.32950140273557e-06 1.00000000
16094028 94.4841898148148 0.00118724030594863 2.36478048754638e-06 1.00000000
16094029 94.5058796296296 0.00118331885800715 2.46324391791753e-06 1.00000012
16094030 94.5274884259259 0.00117310416607292 4.51396837089968e-06 1.00000012
16094032 94.5366435185185 0.00116975350617587 2.45138922076816e-06 1.00000000
16094033 94.5585416666667 0.00116626946079059 2.51691343961054e-06 1.00000000
16094034 94.5803240740741 0.00115697669885538 2.11432905993583e-06 1.00000000
16094035 94.6119675925926 0.00113278544244212 6.27683107454072e-06 1.00000000
16094048 94.8701041666667 0.00138548106344154 1.79683393456995e-06 1.00000000
16094049 94.8912731481481 0.00133559122709869 1.98566017963333e-06 1.00000000
16094050 94.9127199074074 0.00130381178845632 2.06704712877079e-06 1.00000000
16094051 94.9339236111111 0.00128467584384652 2.11761048014326e-06 1.00000000
16094052 94.9554050925926 0.00126342821267357 2.20526289879479e-06 1.00000000
16094053 94.9767361111111 0.00124903062925704 2.97289736036755e-06 1.00000000
16094054 94.9924074074074 0.00122976114721146 2.20839089775045e-06 1.00000000
16095005 95.0469444444444 0.00120083346750754 3.88520743584012e-06 1.00000000
16095006 95.056099537037 0.00119744843440171 2.36042887108244e-06 1.00000000
16095007 95.0778356481482 0.00119845182252842 2.34714941801074e-06 1.00000000
16095008 95.1009375 0.00118527564266543 3.38023563108618e-06 1.00000000
16095017 95.1851736111111 0.00146258841771384 3.74615671832012e-06 1.00000000
16095018 95.1908564814815 0.0014412703384686 3.93946167057378e-06 1.00000000
16095019 95.1962962962963 0.00140504151487585 1.64584779696094e-06 1.00000000
16095020 95.2209722222222 0.00135732035124914 1.73179828577738e-06 1.00000000
16095025 95.2709722222222 0.00130200247296923 3.48706617033152e-06 1.00000000
16095027 95.2813657407407 0.000296755704616909 1.63328220243944e-06 1.00000000
16095028 95.2967476851852 0.0012793115074872 3.86987150588033e-06 1.00000000
16095029 95.3055787037037 0.00127057208727404 5.03281888751904e-06 1.00000000
16095030 95.3111805555556 0.00126999629179722 6.25138641050609e-06 1.00000000
16095031 95.3162731481481 0.001252911422741 7.47244414039739e-06 1.00000000
16095032 95.3261111111111 0.00126112733975891 4.49941025976508e-06 1.00000000
16095033 95.3338078703704 0.00126371325852686 2.64393362830331e-06 1.00000000
16095034 95.3507175925926 0.00126761257131589 6.63284520928398e-06 1.00000000
16095035 95.3537268518518 0.00125240180679754 3.02669153805741e-06 1.00000000
16095038 95.3744444444444 0.00123597571795589 2.08566485549072e-06 1.00000000
16095039 95.3996412037037 0.00122798977277 3.28439082352925e-06 1.00000000
16095041 95.4167592592593 0.00121574545140313 3.77331599029611e-06 1.00000012
16095042 95.4276157407407 0.00120730773391168 3.76769242488657e-06 1.00000000
16095043 95.4369444444444 0.0012054412516661 2.38102932043752e-06 1.00000000
16095044 95.4583796296296 0.00119445830773225 2.45613189889752e-06 1.00000000
16095045 95.4797337962963 0.00118726733177195 2.428163674142e-06 1.00000000
16095046 95.5013541666667 0.00117998959560116 3.46931593723591e-06 1.00000000
16095055 95.5969791666667 0.00146386255804646 1.60846793339637e-06 1.00000000
16095056 95.6230787037037 0.00140446136477783 4.03922669739372e-06 1.00000000
16095057 95.6349074074074 0.00138899445070361 8.0275201664825e-06 1.00000000
16095058 95.6431597222222 0.00137407343373571 1.9435649371048e-06 1.00000000
16095059 95.6646064814815 0.00134646410333362 1.96279440770328e-06 1.00000000
16095060 95.6868055555556 0.00133004217143181 2.03811782872498e-06 1.00000000
16095061 95.708287037037 0.00131674079658187 2.50485052910968e-06 1.00000000
16095062 95.7268865740741 0.00128964733803705 2.12926268224887e-06 1.00000000
16095063 95.7483680555555 0.00127376968922526 2.16875972524372e-06 1.00000000
16095064 95.769837962963 0.00125996458142443 2.20371378184835e-06 1.00000000
16095065 95.7913425925926 0.00125172779948145 2.92401012666791e-06 1.00000000
16095066 95.805474537037 0.00124051215822964 6.84047952429265e-06 1.00000000
16095067 95.8101273148148 0.00124238806592672 5.7273030338237e-06 1.00000000
16095069 95.8161458333333 0.00124261352531704 5.97418107746826e-06 1.00000000
16095070 95.8210185185185 0.00122884057288164 3.6045438269069e-06 1.00000000
16095071 95.8309953703704 0.00122683631583254 5.72377118949645e-06 1.00000000
16095072 95.8356712962963 0.00122809738700962 7.0674906890493e-06 1.00000000
16095073 95.8399884259259 0.00123509120742271 7.16078391411053e-06 1.00000000
16095074 95.8437731481481 0.00123235841463397 5.61344253050229e-06 1.00000000
16095075 95.8522222222222 0.00121193035282279 2.33857477957816e-06 1.00000000
16095076 95.8737037037037 0.00120210566601255 3.06112703319914e-06 1.00000000
16095077 95.8877083333333 0.00119938645954551 2.42960382732119e-06 1.00000000
16095078 95.909212962963 0.00119547909820453 2.38882395192705e-06 1.00000000
16095087 95.9931018518519 0.00147255399426804 1.65334971348662e-06 1.00000000
16096001 96.0159027777778 0.00141831941496783 1.81691817574355e-06 1.00000012
16096002 96.0365740740741 0.00138226506836249 2.21358861807055e-06 1.00000000
16096003 96.0518402777778 0.00135729316330448 1.96208030660742e-06 1.00000000
16096004 96.0739351851852 0.00133434914662769 2.36167563695493e-06 1.00000000
16096005 96.0906597222222 0.00132345781746012 2.99835305984635e-06 1.00000000
16096006 96.1047106481482 0.00130784338683336 3.12987503516963e-06 1.00000000
16096007 96.1167013888889 0.00129794006033392 1.958967173794e-06 1.00000000
16096009 96.150787037037 0.00126658172706727 3.71309448871977e-06 1.00000000
16096011 96.1625231481481 0.00126439265401643 2.14861228291111e-06 1.00000000
16096012 96.1842592592593 0.00125310180776451 4.29128684899327e-06 1.00000000
16096019 96.2133680555556 0.00124664430341329 2.9143438951074e-06 1.00000000
16096021 96.2275578703703 0.00123770597178821 2.70706485297693e-06 1.00000000
16096023 96.2463425925926 0.001214606457295 4.11146452089766e-06 1.00000000
16096024 96.2535416666667 0.00122113332031428 3.66834440464523e-06 1.00000000
16096025 96.2627893518518 0.00120920464619091 3.2178828689163e-06 1.00000000
16096026 96.2790046296296 0.00120738422889011 2.34682769665433e-06 1.00000000
16096027 96.300787037037 0.00120246202086174 2.38171755361653e-06 1.00000000
16096028 96.3230208333333 0.00119350628344505 3.29944317854249e-06 1.00000000
16096029 96.3350694444444 0.00118991917596341 3.38992401524878e-06 1.00000000
16096030 96.3477083333333 0.00119167052076744 2.47910827761657e-05 1.00000000
16096033 96.3515162037037 0.0011862615377347 2.45483819769287e-06 1.00000000
16096034 96.3731828703704 0.00118923999696537 5.74399919980962e-06 1.00000000
16096053 96.7210300925926 0.00144893850603831 1.71439554195763e-06 1.00000000
16096054 96.7422106481481 0.00140889388102604 2.33156108942817e-06 1.00000000
16096062 96.8286458333333 0.00148532334599706 1.65818177255894e-06 1.00000000
16096063 96.850150462963 0.00141578272017285 1.58533289327402e-06 1.00000000
16096064 96.8758333333333 0.00136561275160271 1.89698387399568e-06 1.00000000
16096065 96.8974305555555 0.00134297713790359 1.95315748563702e-06 1.00000000
16096066 96.9191203703704 0.00132142721196649 2.00671718585596e-06 1.00000000
16096067 96.9405787037037 0.00130466902602842 2.10843930710634e-06 1.00000000
16096068 96.9638657407407 0.00128776431640597 2.10242562334515e-06 1.00000000
16096069 96.9858217592593 0.00127017254543084 2.13196073338509e-06 1.00000000
16097001 97.0075347222222 0.0012560723851473 2.19141283001228e-06 1.00000000
16097002 97.0290740740741 0.00124610201538839 2.20425098482612e-06 1.00000000
16097003 97.050462962963 0.00123628655222266 2.2184749801013e-06 1.00000000
16097004 97.0724884259259 0.00122937915057552 3.04301552372405e-06 1.00000000
16097005 97.087349537037 0.001216590768574 2.30001808082771e-06 1.00000000
16097006 97.108912037037 0.00120532495177203 2.32641386067745e-06 1.00000012
16097007 97.1307175925926 0.00119509121022801 2.36580076795653e-06 1.00000012
16097008 97.1521412037037 0.00118747270837388 2.39807165418682e-06 1.00000000
16097009 97.1734953703704 0.0011779190367779 2.41159967911066e-06 1.00000000
16097010 97.1952662037037 0.00117752244612395 2.69673499313469e-06 1.00000000
16097011 97.2152199074074 0.00116877668052321 2.51532576720575e-06 1.00000000
16097012 97.2367013888889 0.0011634273057901 2.51930931396025e-06 1.00000000
16097013 97.258287037037 0.00116163268751041 2.51188475188702e-06 1.00000000
16097014 97.2809375 0.00114856199867643 2.64217897286088e-06 1.00000000
16097015 97.3024537037037 0.00115411379707311 2.62330676429082e-06 1.00000000
16097016 97.3239236111111 0.00114377076030794 3.35219706536212e-06 1.00000000
16097028 97.4648032407407 0.00149839852064677 1.32945356874668e-05 1.00000000
16097029 97.4673032407407 0.00146672908644106 1.63998945938422e-06 1.00000000
16097030 97.48875 0.00141162156833259 1.76468490575472e-06 1.00000000
16097031 97.5098611111111 0.00137351565448616 1.88483987786511e-06 1.00000000
16097032 97.531875 0.00135143906846592 2.18172573814952e-06 1.00000000
16097033 97.5490046296296 0.00133965735976857 2.01015427076965e-06 1.00000000
16097035 97.5711574074074 0.00132519246685086 2.17582822783972e-06 1.00000000
16097036 97.5918402777778 0.00130399710644665 2.08168249747116e-06 1.00000000
16097037 97.6137847222222 0.00128134919807712 2.06724012110231e-06 1.00000000
16097038 97.6362037037037 0.00127239308725654 2.46080200974502e-06 1.00000000
16097039 97.6532175925926 0.00126268249391932 2.75543625780923e-06 1.00000000
16097041 97.6719444444444 0.00124313096064765 9.34091907952752e-06 1.00000000
16097042 97.6749189814815 0.00124626201942197 2.20977399496035e-06 1.00000000
16097044 97.6969675925926 0.0012386834246598 5.69913937828643e-06 1.00000000
16097045 97.702974537037 0.00123160874247075 2.93295844376354e-06 1.00000000
16097049 97.7520254629629 0.00120702544888965 2.32349508253277e-06 1.00000000
16097050 97.7742013888889 0.00119490467094731 2.28936408795803e-06 1.00000000
16097057 97.8575115740741 0.00145850117260868 1.72213154823997e-06 1.00000000
16097058 97.8790509259259 0.00139613262103622 1.80639879621021e-06 1.00000000
16097059 97.8997337962963 0.00136132801238786 2.94576263038512e-06 1.00000000
16097060 97.9137731481482 0.00132234691093332 2.00255987384433e-06 1.00000000
16097064 97.9530092592593 0.00127172598946866 2.13000648399573e-06 1.00000000
16097065 97.9746875 0.00126247778473756 3.61927601968485e-06 1.00000000
16097066 97.9955902777778 0.00123480470125208 2.38257580589853e-06 1.00000012
16098001 98.0173263888889 0.00122652785190056 2.29170341822855e-06 1.00000012
16098002 98.0392592592593 0.00121076450106436 2.56388619814976e-06 1.00000000
16098003 98.0610069444444 0.00119678618663944 2.61496666402401e-06 1.00000000
16098004 98.0827083333333 0.00118515391347641 2.99257264111397e-06 1.00000000
16098006 98.1100347222222 0.00117687176095156 2.51832174162039e-06 1.00000000
16098007 98.1336574074074 0.00117292841208304 5.97940180677734e-06 1.00000000
16098008 98.1406597222222 0.00116643466507018 2.58464851568285e-06 1.00000000
16098009 98.1625925925926 0.00115695945060985 2.73458693596396e-06 1.00000000
16098010 98.1842939814815 0.00114667461009407 2.91754520523467e-06 1.00000000
16098011 98.2059490740741 0.00114064477107306 2.76620177889931e-06 1.00000000
16098012 98.2275810185185 0.00114099540790026 5.31504097186995e-06 1.00000000
16098013 98.2358217592593 0.00112595991206545 2.66399640872553e-06 1.00000000
16098014 98.2594791666667 0.001119094939911 3.73338321688835e-06 1.00000000
16098027 98.9877430555556 0.00149766850997216 1.70181210005012e-06 1.00000000
16099001 99.0088541666667 0.00142955155473131 1.47536628603554e-06 1.00000000
16099002 99.0396875 0.00138500096709609 1.94665459198972e-06 1.00000000
16099003 99.0614351851852 0.00135564624563852 1.97306897476627e-06 1.00000000
16099004 99.0831134259259 0.00132984428353115 2.00266012204413e-06 1.00000000
16099005 99.1047453703704 0.00130945260394588 6.45515194276678e-06 1.00000000
16099006 99.1113310185185 0.00130292856095649 2.04003922020063e-06 1.00000000
16099007 99.1335416666667 0.00129233657743485 2.21462654270039e-06 1.00000000
16099008 99.1547222222222 0.00127608213567781 2.11288475369911e-06 1.00000000
16099009 99.1771064814815 0.00126698267478089 2.19903781434773e-06 1.00000000
16099010 99.1988541666667 0.00125519851533544 2.22103860070888e-06 1.00000000
16099011 99.2208217592593 0.00125034161497564 3.07803761298922e-06 1.00000000
16099012 99.2356712962963 0.00122905725586028 1.91911602023953e-06 1.00000000
16099013 99.2672685185185 0.00121920572076361 2.08137016409632e-06 1.00000000
16099014 99.2957407407408 0.00121095603617462 2.05758947015332e-06 1.00000000
16099024 99.4418171296296 0.00142211130663639 1.73035959209529e-06 1.00000000
16099025 99.4636805555556 0.00137069549486808 1.85880167361075e-06 1.00000000
16099026 99.4882175925926 0.00134540606996578 2.00267400765902e-06 1.00000000
16099027 99.5101736111111 0.00131870167196019 1.91134084652739e-06 1.00000000
16099028 99.5338541666667 0.00130077563152958 2.03589980219601e-06 1.00000000
16099029 99.5557638888889 0.00128492760263448 3.74360374404875e-06 1.00000000
16099030 99.5649421296296 0.00127436013535936 2.1151067292426e-06 1.00000000
16099033 99.5893634259259 0.0012541224627472 1.51345815465255e-05 1.00000000
16099042 99.6754282407407 0.00151553465327741 1.70124785448246e-06 1.00000000
16099043 99.6970717592592 0.0014381139775134 1.75705830889928e-06 1.00000000
16099046 99.7219675925926 0.00140090553076351 2.05685164812679e-06 1.00000000
16099048 99.7411921296297 0.0013689087434906 1.92628922124651e-06 1.00000012
16099049 99.765 0.00135221958241237 2.15494372378739e-06 1.00000000
16099050 99.7835416666667 0.00133618359986352 2.56869862153006e-06 1.00000000
16099051 99.8000810185185 0.00131992803203563 2.12623845300572e-06 1.00000000
16099053 99.8258101851852 0.00130361506808794 2.12863777953725e-06 1.00000000
16099054 99.8468402777778 0.00129044600492716 2.10274342756817e-06 1.00000000
16099055 99.8683796296296 0.00127454710697041 2.17037484787592e-06 1.00000000
16099056 99.889849537037 0.00126855813354405 2.16859009026829e-06 1.00000000
16099057 99.9113078703704 0.00125975367046353 2.67725558834835e-06 1.00000000
16099059 99.9275578703704 0.00122549675127921 2.32006240636681e-06 1.00000000
16099060 99.9598611111111 0.00120806474642203 2.31571285310175e-06 1.00000000
16099061 99.982337962963 0.00119221437606957 2.12219973571768e-06 1.00000000
16100051 100.386018518519 0.00126888463966565 2.31267492227229e-06 1.00000000
16100052 100.40525462963 0.00126110791263891 2.56279601869892e-06 1.00000000
16100053 100.423819444444 0.0012467054418429 3.30484039703303e-06 1.00000000
16100054 100.438113425926 0.00123859518312661 2.16869973212275e-06 1.00000000
16100055 100.464201388889 0.00123026191318708 2.7060217543157e-06 1.00000000
16100056 100.482222222222 0.00121862222731681 2.46188213246194e-06 1.00000000
16100069 100.639224537037 0.00144533381341766 1.69899449474133e-06 1.00000000
16100070 100.661493055556 0.00139758239775527 1.83772594833136e-06 1.00000000
16100071 100.683032407407 0.00137696739878984 2.27431907591601e-06 1.00000000
16100072 100.703159722222 0.00135111768187311 3.10669366880628e-06 1.00000000
16100073 100.713657407407 0.0013374529866321 1.92219152868228e-06 1.00000000
16100074 100.735914351852 0.00131550239007881 1.80925972018669e-06 1.00000000
16100077 100.783055555556 0.00128083291262606 2.10318118812637e-06 1.00000000
16100078 100.804560185185 0.00127271232349014 2.15285333405726e-06 1.00000000
16100079 100.826435185185 0.00126127873058899 2.35510741626755e-06 1.00000000
16100080 100.844907407407 0.00124397669251357 2.23468092091288e-06 1.00000000
16100081 100.866400462963 0.00123600894949359 3.18374482717508e-06 1.00000000
16100082 100.877349537037 0.00122504308751911 2.27853887124924e-06 1.00000000
16100083 100.901168981481 0.00121894331752901 3.84418359529782e-06 1.00000000
16100084 100.911898148148 0.00121997014896014 3.08744822525115e-06 1.00000000
16100085 100.925393518519 0.00120442583248645 5.00408796141032e-06 1.00000000
16100086 100.931655092593 0.00121665119319042 2.9908646126818e-06 1.00000000
16100088 100.947592592593 0.0012051071079816 4.45625068724197e-06 1.00000000
16101002 101.072141203704 0.00150365026028059 1.71890562251251e-06 1.00000000
16101003 101.093113425926 0.00143435872681803 1.61386904584684e-06 1.00000000
16101004 101.118726851852 0.00138069257858559 1.98585960810518e-06 1.00000000
16101005 101.140138888889 0.00135199269756463 2.95431616581942e-06 1.00000000
16101006 101.1546875 0.000319389727842744 1.27339092417367e-06 1.00000012
16101007 101.166087962963 0.0013529040917201 2.02229156641074e-06 1.00000000
16101008 101.187962962963 0.00133173217719568 1.85869794237085e-06 1.00000000
16101009 101.21224537037 0.001311198752844 1.98141646042763e-06 1.00000000
16101010 101.233981481481 0.00131227942977169 3.97939823629338e-06 1.00000000
16101011 101.240173611111 0.00128973401550598 3.48917305447434e-06 1.00000000
16101012 101.248229166667 0.00129404817640687 3.11977518478505e-06 1.00000000
16101013 101.262581018519 0.00128449003153359 2.00871363123999e-06 1.00000000
16101014 101.286203703704 0.00127555654798711 2.10771808709354e-06 1.00000000
16101015 101.308055555556 0.0012667477557692 4.90638218443089e-06 1.00000000
16101016 101.313981481481 0.0012548399075708 3.09553724925359e-06 1.00000000
16101018 101.332071759259 0.00125763828497673 2.7475117201443e-06 1.00000000
16101019 101.346712962963 0.00124752043445164 2.04847301024086e-06 1.00000000
16101020 101.372372685185 0.00123082190903754 6.29160964707127e-06 1.00000000
16101021 101.379236111111 0.00121294090065857 3.21509315027929e-06 1.00000000
16101022 101.389641203704 0.00119654276872431 4.02811094295442e-06 1.00000000
16101030 101.574571759259 0.00144597979259401 1.64982517365771e-06 1.00000000
16101031 101.595949074074 0.0014043622603942 3.23544795153526e-06 1.00000000
16101034 101.618449074074 0.00138238471613027 2.51243698276768e-06 1.00000000
16101035 101.629918981481 0.00136097817723244 1.90356677764947e-06 1.00000000
16101036 101.651770833333 0.00133889241696163 2.03135373370547e-06 1.00000000
16101037 101.673472222222 0.00131924682638252 2.00021624382599e-06 1.00000000
16101038 101.694976851852 0.00130601025254654 6.2679155494561e-06 1.00000000
16101039 101.697777777778 0.00129795957195232 2.06225919714079e-06 1.00000000
16101040 101.721018518519 0.00127890685117735 2.18390678706355e-06 1.00000000
16101041 101.740844907407 0.00126417260723376 2.18481229716992e-06 1.00000000
16101042 101.763252314815 0.00125645614754655 2.1391900320512e-06 1.00000000
16101043 101.785081018519 0.001245727218203 2.20477038315888e-06 1.00000000
16101044 101.8065625 0.00123523191991733 2.44228103672735e-06 1.00000000
16101045 101.824375 0.00122111173488419 2.61110651084433e-06 1.00000000
16101046 101.84630787037 0.00121072483342788 2.28749018924346e-06 1.00000012
16101047 101.867847222222 0.00120510613546831 2.24052479294776e-06 1.00000000
16101048 101.891423611111 0.00120124838490241 2.59851820152512e-06 1.00000000
16101057 101.975694444444 0.00148448750056968 1.64020562875027e-06 1.00000000
16101058 101.997881944444 0.00142146096434885 1.71465465826348e-06 1.00000000
16102001 102.019641203704 0.00139260606362003 2.93627580609846e-06 1.00000000
16102002 102.027847222222 0.00137700912286793 1.72350645415172e-06 1.00000000
16102003 102.05162037037 0.00135775461829126 3.57428978447007e-06 1.00000000
16102004 102.057939814815 0.00134990381046063 2.65365986896518e-06 1.00000000
16102005 102.070127314815 0.00134860894874722 1.89757795741238e-06 1.00000000
16102007 102.106226851852 0.00131368031138335 5.63886843145286e-06 1.00000000
16102010 102.129872685185 0.00130545090345188 2.92011191780192e-06 1.00000000
16102012 102.148796296296 0.00129060047906745 2.02507372021352e-06 1.00000000
16102014 102.175891203704 0.00127176280449327 2.10207584074369e-06 1.00000000
16102015 102.197615740741 0.00126374419404991 2.21382728063981e-06 1.00000000
16102016 102.220868055556 0.00124405166797913 2.16056545427797e-06 1.00000000
16102017 102.242719907407 0.00123748256284325 2.1366112079809e-06 1.00000000
16102018 102.265844907407 0.00121791549351971 2.24867957687509e-06 1.00000000
16102019 102.287696759259 0.00121719218677602 3.29243139547584e-06 1.00000012
16102020 102.299328703704 0.00120735225214915 4.74249914039195e-06 1.00000000
16102032 102.386446759259 0.00149191743620186 1.69332698511595e-06 1.00000000
16102033 102.407974537037 0.00143003414987248 1.73943137642609e-06 1.00000000
16102034 102.429641203704 0.00138944483658454 1.85213640613246e-06 1.00000000
16102035 102.450949074074 0.00136239483991309 2.81939030216519e-06 1.00000012
16102036 102.465162037037 0.00134296146449365 1.95268638536396e-06 1.00000000
16102038 102.487893518519 0.00132204700455188 1.98269058959016e-06 1.00000000
16102039 102.511064814815 0.001296466887501 2.0260787902901e-06 1.00000000
16102040 102.532511574074 0.00128452729346141 2.0396020111518e-06 1.00000000
16102041 102.554803240741 0.00126420234435528 2.07028443102513e-06 1.00000000
16102042 102.576701388889 0.00124422927990755 3.99399959458896e-06 1.00000000
16102043 102.585740740741 0.00124742628248279 2.12351636630702e-06 1.00000000
16102044 102.607361111111 0.00123039570810363 4.84713676959226e-06 1.00000000
16102045 102.613449074074 0.00123070192683779 2.39090060647542e-06 1.00000000
16102046 102.633009259259 0.0012158935117114 2.1918432802465e-06 1.00000000
16102047 102.6546875 0.00120649431591576 2.31568854672221e-06 1.00000000
16102048 102.675173611111 0.00119797827908967 2.25407028475799e-06 1.00000000
16102049 102.697511574074 0.00119742259741005 4.8094697232036e-06 1.00000000
16102053 102.754108796296 0.00148694182272415 1.84287603191927e-06 1.00000000
16102054 102.77462962963 0.00142794843374071 2.47848773271366e-06 1.00000000
16102055 102.786215277778 0.00137580183004258 1.72645354992845e-06 1.00000000
16102056 102.807858796296 0.0013439282493578 2.5032392059317e-06 1.00000000
16102058 102.836967592593 0.00129164698101304 2.01888230798859e-06 1.00000000
16102059 102.857673611111 0.00127296533773858 2.13224056007899e-06 1.00000000
16102060 102.877210648148 0.00127513914541714 8.3745609523807e-06 1.00000000
16102061 102.879270833333 0.00126006080915188 4.35875227064256e-06 1.00000000
16102062 102.892881944444 0.00125214385628376 2.22302624779159e-06 1.00000000
16102063 102.912766203704 0.00123224608092602 2.14787757547208e-06 1.00000000
16102064 102.935844907407 0.00121420807810172 2.22273228809863e-06 1.00000000
16102065 102.95744212963 0.00119892492895415 2.96350054193207e-06 1.00000000
16102066 102.970439814815 0.0012089257848666 4.93060414790015e-06 1.00000000
16103002 103.081203703704 0.00147578949166576 1.62330953378035e-06 1.00000000
16103003 103.102824074074 0.00141343371089347 1.62952771552338e-06 1.00000000
16103005 103.142314814815 0.00136185973445339 1.8100682675005e-06 1.00000000
16103006 103.1640625 0.00134810266096072 3.13239861441374e-06 1.00000000
16103007 103.172928240741 0.00132496073560228 1.9267541156333e-06 1.00000000
16103008 103.194525462963 0.00130430635411312 4.60143612453863e-06 1.00000000
16103009 103.201041666667 0.00129695639463412 1.99834381866568e-06 1.00000000
16103010 103.222696759259 0.0012864395969628 2.04551235836778e-06 1.00000000
16103011 103.244189814815 0.00126856777663956 2.0321929772974e-06 1.00000000
16103012 103.266053240741 0.00125552895981823 1.98434885148513e-06 1.00000000
16103013 103.289710648148 0.0012492104788736 2.13848242393032e-06 1.00000000
16103014 103.311423611111 0.00124113950227894 2.39604454816839e-06 1.00000000
16103015 103.330821759259 0.00121930190945892 2.16492272548047e-06 1.00000000
16103016 103.353194444444 0.00121129905451747 2.10138127940654e-06 1.00000000
16103017 103.377685185185 0.00120510093055253 2.17492386302051e-06 1.00000000
16103018 103.400578703704 0.00119467448965494 3.06358296993852e-06 1.00000000
16103029 103.501412037037 0.00143310344910943 1.71173146279626e-06 1.00000000
16103031 103.540069444444 0.001352831357438 4.51724072473448e-06 1.00000000
16103032 103.544039351852 0.0013333823719407 2.37559394111014e-06 1.00000000
16103033 103.563368055556 0.00132043061300545 1.95786651049917e-06 1.00000000
16103034 103.584895833333 0.00129641559613452 1.905007687248e-06 1.00000000
16103035 103.607905092593 0.00128589840968683 2.42252355797359e-06 1.00000000
16103036 103.624166666667 0.00126972624872834 2.26791275125818e-06 1.00000000
16103038 103.669837962963 0.00124380017493679 2.13191909605974e-06 1.00000000
16103039 103.693356481481 0.00123089473902154 2.08313596090223e-06 1.00000000
16103040 103.716597222222 0.00121850611658587 4.60617514984404e-06 1.00000000
16103041 103.725219907407 0.00122462183041394 2.48280526217445e-06 1.00000000
16103042 103.742199074074 0.00121375775423439 3.56005212906785e-06 1.00000000
16103043 103.751435185185 0.00120989022820827 2.37779786720219e-06 1.00000000
16103044 103.773449074074 0.00119988779866919 2.26762347268216e-06 1.00000000
16103045 103.795949074074 0.00118966933237908 2.46632512309957e-06 1.00000012
16103046 103.816157407407 0.00117986133351833 2.32901614793847e-06 1.00000000
16103047 103.837685185185 0.00117837702149992 2.32467670117973e-06 1.00000000
16103048 103.859953703704 0.00117102806096647 3.01095788968469e-06 1.00000000
16103051 103.941319444444 0.00146411627493687 1.67840806584816e-06 1.00000000
16103052 103.962800925926 0.00140156913359306 1.67836667405712e-06 1.00000012
16103053 103.986157407407 0.00137823940303215 2.05467119822974e-06 1.00000000
16104002 104.010902777778 0.000265185366988579 3.45143638377821e-05 1.00000000
16104005 104.025509259259 0.00132911431033711 1.81003920629369e-06 1.00000000
16104006 104.048958333333 0.00129294166396321 7.6827954627022e-06 1.00000000
16104010 104.151516203704 0.00149386281335994 1.70290437266502e-06 1.00000000
16104011 104.172731481481 0.00142577724098653 1.75330410234792e-06 1.00000000
16104012 104.194976851852 0.00120004074964505 2.86690110173472e-05 1.00000000
16104013 104.199398148148 0.00129430521993345 3.34985629645354e-05 1.00000000
16104014 104.202673611111 0.00133232594871316 3.34533746166712e-05 1.00000000
16104015 104.206319444444 0.00136019979532253 1.83354129411853e-06 1.00000000
16104016 104.228171296296 0.00134040108905266 1.94854313027713e-06 1.00000000
16104017 104.250162037037 0.00131871022059526 2.18363944749111e-06 1.00000000
16104018 104.269502314815 0.00129594250881972 2.01715192079111e-06 1.00000000
16104019 104.294363425926 0.00128985837855809 2.07551239256165e-06 1.00000000
16104020 104.316122685185 0.00127330008145018 2.13050166450161e-06 1.00000000
16104021 104.338136574074 0.00126057507739182 2.11860235044364e-06 1.00000000
16104022 104.359861111111 0.00124602601146374 2.7531961137234e-05 1.00000000
16104023 104.361909722222 0.00124828051730524 5.02229982188112e-06 1.00000000
16104024 104.367222222222 0.00123419391198907 6.44925469504033e-06 1.00000000
16104025 104.370532407407 0.00124223305899954 3.55043634986047e-06 1.00000000
16104026 104.381851851852 0.00124112365635635 8.76092813131379e-06 1.00000000
16104027 104.384664351852 0.00123069340595823 2.45585498450025e-06 1.00000000
16104029 104.404270833333 0.00121683150048694 2.22241636767739e-06 1.00000000
16104031 104.42693287037 0.00120755267467906 4.57167622214985e-06 1.00000000
16104032 104.439201388889 0.00120922680265593 8.37338492141697e-06 1.00000000
16104034 104.442824074074 0.00120485270943801 2.19548500940206e-06 1.00000000
16104035 104.464386574074 0.00120776793166687 2.87407809303068e-06 1.00000000
16104044 104.550416666667 0.00150650813203831 1.71275649835644e-06 1.00000000
16104045 104.5746875 0.00142905049672122 1.68923422751493e-06 1.00000000
16104046 104.596527777778 0.0013781026805945 5.99010214372825e-06 1.00000000
16104047 104.601875 0.0013797834269704 2.37249696670852e-06 1.00000000
16104048 104.624085648148 0.00132725425782654 9.91295107931778e-06 1.00000000
16104049 104.629548611111 0.00132565983598486 1.80689911922104e-06 1.00000000
16104050 104.654583333333 0.00130012202703309 1.74153419815647e-06 1.00000000
16104051 104.683506944444 0.00127439225269987 1.96301576689797e-06 1.00000000
16104052 104.709583333333 0.00126320088072538 2.10850747658887e-06 1.00000000
16104053 104.73130787037 0.00124621004365572 2.09777962359932e-06 1.00000000
16104054 104.75337962963 0.0012348446629111 2.11816437791612e-06 1.00000000
16104055 104.775694444444 0.00122346387655042 2.14412284396767e-06 1.00000000
16104056 104.798136574074 0.00123420109819288 4.81898650914118e-06 1.00000000
16104057 104.803449074074 0.00120945094951061 2.19227943062421e-06 1.00000000
16104058 104.829606481481 0.00120788950198562 2.21426274955656e-06 1.00000000
16104059 104.852025462963 0.00120122921877962 2.2222089506743e-06 1.00000000
16104060 104.875185185185 0.00119216789945987 3.30203403676944e-06 1.00000000
16105038 105.843310185185 0.00150383374636933 1.65610976678977e-06 1.00000000
16105039 105.866435185185 0.00143458722617319 1.61208358361919e-06 1.00000000
16105040 105.891527777778 0.0013940347315115 1.75940475688756e-06 1.00000000
16105041 105.913969907407 0.00136450423316916 1.96931323960415e-06 1.00000000
16105042 105.935439814815 0.00134470487981666 2.00069833369441e-06 1.00000000
16105043 105.957106481481 0.00132179463754479 6.94741872364567e-06 1.00000000
16105044 105.962986111111 0.00130215206025307 3.688743062748e-06 1.00000000
16105045 105.982916666667 0.00130846589796384 3.23075796635986e-06 1.00000000
16105046 105.992210648148 0.00129212180651453 2.06563536243019e-06 1.00000000
16106001 106.014502314815 0.00126755384579526 2.10388377625569e-06 1.00000000
16106002 106.036678240741 0.00125491718534701 2.17344374418403e-06 1.00000000
16106003 106.058206018519 0.00124576413229204 2.20565445259171e-06 1.00000000
16106004 106.079756944444 0.00123476118841037 3.52645517429926e-06 1.00000000
16106005 106.09181712963 0.00123145082197319 3.46314175876693e-06 1.00000000
16106006 106.10193287037 0.00122619621354689 4.21725284944899e-06 1.00000000
16106007 106.110891203704 0.00122617934956928 3.14903292240648e-06 1.00000000
16106008 106.123240740741 0.00121476112168298 2.00967385793461e-06 1.00000000
16106009 106.151319444444 0.00120554959772762 2.80263060199045e-06 1.00000000
16106014 106.253159722222 0.00152619016842311 1.71801469099302e-06 1.00000000
16106015 106.275231481481 0.00144448987228401 1.69772792865754e-06 1.00000000
16106016 106.297141203704 0.00139094698524451 1.67302257439473e-06 1.00000000
16106017 106.322407407407 0.0013543915652 4.84462849577481e-06 1.00000000
16106018 106.326388888889 0.00133979868151684 1.81333106346182e-06 1.00000000
16106019 106.351377314815 0.00131606806796484 1.71027347287511e-06 1.00000000
16106020 106.385706018519 0.00129176150666419 2.04677781408316e-06 1.00000000
16106021 106.4075 0.00127757562802364 2.19624675773466e-06 1.00000000
16106024 106.454791666667 0.00125889659955214 8.25996612912204e-06 1.00000000
16106025 106.458912037037 0.00125291193936245 3.54981276775574e-06 1.00000000
16106026 106.468842592593 0.00124351503216126 2.17934685420521e-06 1.00000000
16106027 106.490775462963 0.0012423211973159 2.69148549350906e-06 1.00000000
16106028 106.507893518519 0.00122625374235546 2.20649510478858e-06 1.00000000
16106029 106.529548611111 0.00121733285479482 2.77716235856729e-06 1.00000000
16106031 106.559537037037 0.00116060840009581 1.43628002479609e-05 1.00000012
16106032 106.564560185185 0.00120197008231414 2.74104066841354e-06 1.00000000
16106033 106.587037037037 0.00119044118587119 4.06319135656124e-06 1.00000000
16106036 106.634224537037 0.00117068779202328 2.24569753149285e-06 1.00000000
16106045 106.784108796296 0.00152480852049486 1.93041269178926e-06 1.00000000
16106048 106.808761574074 0.00141506606862708 1.53387284750141e-06 1.00000000
16106049 106.835763888889 0.00136602873550651 2.42898771377452e-06 1.00000000
16106050 106.852199074074 0.0013404994464216 4.4722330729847e-06 1.00000000
16106051 106.857280092593 0.00133372524096463 2.00069274059031e-06 1.00000000
16106052 106.878865740741 0.00131250208931997 3.90582352590707e-06 1.00000000
16106053 106.887025462963 0.00131137957915335 5.47155073449093e-06 1.00000000
16106054 106.89150462963 0.00129965125461744 2.13266387888927e-06 1.00000000
16106058 106.947731481481 0.00125747437822811 2.08271413858292e-06 1.00000000
16107004 107.073136574074 0.00156971652582616 1.96877009995624e-06 1.00000000
16107005 107.095150462963 0.00147922726900688 1.79655918555058e-06 1.00000000
16107006 107.117696759259 0.00141366505073602 2.14032107572363e-06 1.00000000
16107007 107.148206018519 0.00135766895622556 1.8045409022651e-06 1.00000000
16107008 107.169965277778 0.00131608444119858 1.9296616039346e-05 1.00000000
16107010 107.172546296296 0.00133113296531244 1.89785235872892e-06 1.00000000
16107011 107.194976851852 0.0013047887665271 1.00865175662062e-05 1.00000000
16107012 107.19900462963 0.00130578857792255 1.99337955565567e-06 1.00000000
16107013 107.221458333333 0.00128888510237252 2.04049144757145e-06 1.00000000
16107014 107.243425925926 0.00127610359115004 2.07533685528126e-06 1.00000000
16107015 107.265034722222 0.00125545993535651 1.76688456684661e-06 1.00000000
16107016 107.295532407407 0.00124342955809458 1.7754086811528e-06 1.00000000
16107017 107.329826388889 0.00122026859487354 1.08280171242847e-05 1.00000000
16107018 107.336134259259 0.00122302081788533 3.6104334519783e-06 1.00000000
16107020 107.346840277778 0.00121527026701728 2.18421974658878e-06 1.00000000
16107021 107.369108796296 0.00120635013613914 2.08045907795413e-06 1.00000000
16107022 107.394166666667 0.00119515348305883 2.18720413594932e-06 1.00000000
