16127047 127.8553125 87.8120381874372 9.35438416528533e-10 12133.32910156
16127048 127.881018518519 212.223995900851 6.50598380288575e-09 12418.25000000
16127049 127.896261574074 248.427549043319 1.42090264732444e-09 10813.18750000
16127052 127.939178240741 84.8142366901218 1.26476873562381e-09 7654.06201172
16127053 127.960590277778 79.0680183324435 1.54424428899103e-09 5899.30957031
16127054 127.978402777778 76.9986256198934 6.66917394545008e-09 5144.78222656
16127055 127.982974537037 77.3458676649282 1.32488683569713e-09 5005.55859375
16128001 128.006435185185 77.5349239978122 1.49759264589421e-09 4960.93261719
16128002 128.030810185185 78.2967108111466 1.35884859270414e-09 4763.61132812
16128003 128.052395833333 77.4781194293962 1.60199884124678e-09 4646.44482422
16128005 128.124953703704 99.3842758092117 1.30695139529797e-08 22388.69531250
16128006 128.126724537037 98.6208371295936 1.1797983050693e-08 21477.65820312
16128007 128.127928240741 99.5425691850385 1.17788149980918e-09 20859.73828125
16128008 128.154849537037 116.027077564444 2.79579385670228e-09 16330.30566406
16128009 128.168078703704 125.722308470963 1.19221058674189e-09 14363.65625000
16128010 128.181342592593 131.07834455121 1.55097549883817e-09 11726.21386719
16128011 128.202939814815 136.609581245761 1.19119661878988e-09 9584.57910156
16128012 128.224537037037 146.469453958263 1.17878682031067e-09 7771.76513672
16128013 128.246296296296 98.0064581297327 1.75580258977742e-08 5865.47460938
16128014 128.2490625 98.8354352677666 7.35308251863876e-09 5900.47705078
16128015 128.263414351852 90.5219710256314 1.01598274279406e-09 5351.43652344
16128016 128.286180555556 97.0971543064285 1.15916246814107e-09 5271.04833984
16128020 128.310694444444 93.697955388921 2.86163920573858e-09 4791.46240234
16128021 128.314305555556 88.2598474476053 1.05663372029872e-09 4751.84667969
16128022 128.337175925926 87.3564061704037 1.10773981646242e-09 4345.67578125
16128028 128.439525462963 90.181831163568 1.7729441216998e-09 21822.26757812
16128029 128.454548611111 92.2500327154869 1.52837243253003e-09 19942.76171875
16128030 128.46568287037 91.9909005448076 1.44856057877374e-09 18867.34375000
16128031 128.485844907407 91.7860081578209 2.61899495038275e-09 17304.71679688
16128032 128.490081018519 91.4688313471698 4.4368917146997e-09 16962.08789062
16128034 128.498078703704 91.2258376417944 1.92119835831001e-09 15831.21679688
16128035 128.508159722222 88.1115834837975 2.83053241094727e-09 14735.99316406
16128036 128.517476851852 86.3664144407163 1.04215640348721e-09 14205.21582031
16128037 128.539363425926 84.3273445607422 1.11879894954777e-09 12267.80957031
16128038 128.562638888889 83.8361290652109 3.41670468985163e-09 11460.68750000
16128039 128.56787037037 83.5833087290204 1.07234964311927e-09 10631.78320312
16128040 128.588344907407 84.1332240267564 1.06484331690702e-09 14038.73925781
16128041 128.60962962963 83.1960008580619 1.24719107115557e-09 13063.66796875
16128042 128.630775462963 80.018538668123 5.78629209784887e-09 11867.06445312
16128043 128.636030092593 84.7328562187281 1.1087187125441e-09 11702.76855469
16128044 128.657511574074 86.3369740080173 2.98484660460215e-09 11491.63281250
16128047 128.718344907407 182.60261430853 4.85086585396843e-10 24777.06445312
16128048 128.739837962963 136.960418850233 8.52095249205101e-10 29254.01562500
16128049 128.761284722222 119.142354356365 1.4029822939241e-09 25411.57031250
16128050 128.782673611111 111.917302885701 9.34695958188091e-10 20112.21484375
16128051 128.804293981481 111.310507716802 1.71328747183781e-09 17450.83203125
16128052 128.825833333333 109.799370132305 2.06009089123238e-09 15092.91992188
16128053 128.838981481481 109.334818268234 8.70714515841019e-09 13682.59960938
16128054 128.844398148148 110.920874324132 1.59889007601884e-09 13912.07324219
16128055 128.856574074074 113.181978217875 7.62469655043115e-10 12507.96582031
16128056 128.880335648148 113.524317305284 2.2986024157174e-06 11170.67382812
16128057 128.884652777778 104.84358611741 1.19180633979674e-09 11178.25390625
16128058 128.897106481481 96.7111882956153 8.54399411226944e-10 10480.43457031
16128059 128.919050925926 88.702026482631 8.4363146306621e-10 9551.88085938
16128060 128.939780092593 81.3521436513606 8.16473439730956e-10 63574.57031250
16128061 128.9603125 81.9785508897898 8.20161279900249e-09 11843.50683594
16128062 128.963541666667 81.3076893979986 2.7103854807109e-09 11843.50683594
16128064 128.971203703704 81.8032598755944 8.11803323318262e-10 11843.50683594
16128065 128.993796296296 82.6210342634623 9.66552308008e-10 9975.68847656
16129001 129.063159722222 112.46191199177 7.06509953321739e-10 36206.35546875
16129002 129.088032407407 106.074972489931 7.70233262833581e-10 33317.03515625
16129003 129.110914351852 105.071413276094 1.31137781371108e-09 31922.75585938
16129004 129.132569444444 102.684980231594 1.6906749369589e-09 29145.08398438
16129005 129.154571759259 101.124976980099 1.69110603285587e-09 25948.04101562
16129006 129.176840277778 98.6950040431148 1.49153946702229e-09 22721.04101562
16129007 129.197858796296 98.2618758512078 1.29113970039046e-09 19055.61132812
16129008 129.220636574074 98.3054649265763 9.84070563555993e-10 17054.76953125
16129009 129.244826388889 95.0714852218336 9.33564198892424e-10 15362.19042969
16129010 129.267083333333 93.2321783380719 9.57746449668689e-10 14124.36230469
16129011 129.289444444444 96.9489087138773 8.99740036232635e-10 13313.60253906
16129012 129.311041666667 95.8349665484413 6.4965587137355e-09 13013.63769531
16129013 129.317638888889 97.9443246989004 1.66195518622606e-09 11878.85351562
16129014 129.326284722222 99.542183275597 1.08607149255058e-09 11520.55078125
16129015 129.342534722222 99.8071630007302 9.01216969112542e-09 10982.14648438
16129016 129.344895833333 102.541116729092 4.53480493238369e-09 11108.25292969
16129017 129.347696759259 103.593845312832 3.94054294211677e-09 11053.56835938
16129018 129.350648148148 105.633647068802 4.67379221551861e-09 10819.63085938
16129019 129.353229166667 105.309489100754 5.90409977359599e-09 10991.52929688
16129022 129.415891203704 123.802036228348 7.02458265314718e-10 36933.45312500
16129023 129.439918981481 120.044984452033 9.13963398789008e-10 31209.27539062
16129025 129.462280092593 121.970479528782 2.48624719007204e-09 26291.16796875
16129029 129.499409722222 96.2855053193522 1.29941651626062e-09 19469.53710938
16129030 129.520740740741 97.6860145684497 1.07555431969793e-09 18424.15820312
16129031 129.541909722222 98.667639760094 1.09037147954244e-09 15813.28613281
16129032 129.562546296296 98.6780911139824 9.62736799232558e-10 14598.42578125
16129033 129.584525462963 94.056288828894 8.93854726195657e-10 13697.67578125
16129034 129.605949074074 93.2412286249805 9.10443995418134e-10 12538.43164062
16129035 129.627418981481 93.4067330092867 8.82350858196925e-10 11582.38964844
16129036 129.648935185185 93.2173688176323 1.28163635182706e-09 10656.64843750
16129037 129.690659722222 91.5005683774434 9.21803931816232e-10 9675.73828125
16129038 129.7121875 91.4414352093184 9.19219936992002e-10 9210.88085938
16129039 129.733680555556 91.4537427804836 9.95801110845686e-10 8714.24414062
16129043 129.809664351852 106.707529683372 9.43990655133541e-10 40560.75781250
16129044 129.828958333333 100.704129731115 7.86906171691953e-10 36952.51562500
16129045 129.850393518519 104.388761353124 1.06884062258556e-09 34912.83593750
16129046 129.871886574074 109.59777055064 1.13582776762427e-09 31089.45312500
16129047 129.893587962963 104.890377947276 1.618208790175e-09 27494.82226562
16129048 129.915081018519 100.867409720075 1.39222202687184e-09 23843.00390625
16129049 129.938344907407 96.5365845087904 1.064074124305e-09 20588.77343750
16129050 129.959826388889 96.6099747117931 9.75395989954844e-10 18445.75195312
16129051 129.98193287037 93.5462449147252 1.00658850124192e-09 16913.46093750
16130001 130.003831018519 91.9639378767727 9.28443043373527e-10 15171.48242188
16130002 130.025358796296 91.2134440231265 9.2875020010061e-10 13875.09570312
16130003 130.04712962963 89.4466801593641 1.06188632008812e-09 13109.64062500
16130004 130.066944444444 92.3142860329947 9.39101837271276e-10 12209.86425781
16130005 130.088668981481 98.6890466908226 1.06492544575561e-09 11615.32324219
16130012 130.341747685185 107.020490637088 2.37340416051529e-09 30133.60546875
16130015 130.350231481481 82.6890321033034 5.77309095320548e-07 27927.81250000
16130016 130.353287037037 110.806517746829 1.63987650075611e-09 27571.07226562
16130017 130.357002314815 113.968491922454 1.67578157564609e-09 26980.13671875
16130032 130.697534722222 102.904094548885 5.19892237992298e-09 32282.21484375
16130033 130.698854166667 102.07477289268 7.65153881947595e-10 31399.89648438
16130034 130.719467592593 101.257328750751 1.76809486080567e-09 27086.34375000
16130035 130.740914351852 101.158745082529 1.79062400239714e-09 24989.47265625
16130036 130.762465277778 101.270275820539 3.25029386922591e-08 22459.61523438
16130037 130.764305555556 95.8393562129667 3.11339296215843e-08 22241.76171875
16130038 130.767789351852 94.4854878169471 1.13073915362989e-09 22173.67773438
16130039 130.78931712963 87.8015561581458 1.94044709675162e-08 20300.11328125
16130040 130.79318287037 89.133992622531 1.00667744616028e-09 19513.10546875
16130041 130.8146875 87.0933925897465 2.04913702550208e-08 17773.03710938
16130043 130.826840277778 88.1043857835305 1.99842827580825e-08 17166.45703125
16130044 130.829594907407 88.0557670897689 9.88074050796997e-10 16931.07421875
16130045 130.850810185185 87.2506758477202 1.10763418860023e-09 16005.15527344
16130046 130.868229166667 88.3365844344828 9.71160762035562e-10 15019.24804688
16130047 130.889351851852 88.5349943260066 1.47384672019175e-09 14126.56054688
16130048 130.905405092593 87.0712210743626 9.45438624830988e-10 13101.27343750
16130049 130.926944444444 87.5611361601779 9.39161520941655e-10 12433.01660156
16130051 130.951134259259 87.4496967821728 1.02535821087785e-09 11667.74316406
16130052 130.972569444444 88.4688307325399 8.36614407896397e-10 10752.78710938
16130053 130.999918981481 88.858410793038 4.08377193030903e-09 9818.05468750
16131004 131.068298611111 107.730626677283 8.53980378491522e-10 36800.01562500
16131005 131.089918981481 104.519568810084 1.6477625066162e-09 31304.58789062
16131006 131.111736111111 104.876532144342 9.11807855537862e-10 30103.65039062
16131007 131.133518518519 107.803575082716 1.33457665383849e-09 27889.68750000
16131008 131.155092592593 103.256033421553 2.53120129665397e-09 26476.34375000
16131009 131.1771875 98.5514942870546 1.21474633900896e-09 22535.86523438
16131010 131.20212962963 100.065567861704 1.03959983665324e-09 19387.84375000
16131011 131.223726851852 97.9868922654167 8.53770500634303e-10 16810.59375000
16131012 131.24556712963 95.7224719393588 8.67975668454048e-10 15486.38769531
16131013 131.269479166667 93.5170148983147 8.95250756253718e-10 13784.02636719
16131014 131.291365740741 93.1144659372204 8.60287073667667e-10 12759.18945312
16131026 131.608009259259 77.7159959356384 7.67807735392867e-08 25646.92578125
16131028 131.645891203704 106.59356959624 2.2352848821227e-09 20643.59570312
16131029 131.661666666667 100.621721807801 3.02558102488002e-09 18628.93164062
16131030 131.666412037037 99.2202607608177 1.32704204986886e-09 18576.83203125
16131032 131.682152777778 99.1251039171845 1.96407952480323e-09 23151.91796875
16131034 131.68849537037 99.2013470464214 3.79738454225471e-09 16836.33203125
16131036 131.693460648148 98.3758117803456 4.84212686090895e-09 16491.04296875
16131037 131.695335648148 99.3712722306092 2.06236034008918e-09 15932.50781250
16131039 131.704305555556 99.2932855424317 1.00349730408366e-09 16020.03906250
16131040 131.725902777778 101.015361890347 3.76168933089117e-09 14264.11328125
16131041 131.729560185185 93.5508262461119 8.72508484850523e-10 14134.52929688
16131042 131.75375 91.1067500723101 9.07072395416269e-10 12892.08203125
16131043 131.775104166667 91.8742808127448 8.57083699515926e-10 11875.65722656
16131044 131.796666666667 91.1602812330392 9.06343779196532e-10 11243.67871094
16131045 131.818101851852 91.1889522478967 2.16592176155507e-09 10416.11621094
16131046 131.823020833333 91.6057091275003 2.16566023881363e-09 10372.94238281
16131047 131.830520833333 94.5537807283557 8.29597779895185e-10 10174.56250000
16131048 131.852013888889 93.7667010384296 5.44528456975629e-09 9536.74023438
16131049 131.854930555556 94.7728193390967 8.45766744722414e-10 9361.09863281
16131050 131.87630787037 95.791548530477 9.16175671594651e-10 9114.16210938
16131054 131.959074074074 121.872000507512 1.08767911256393e-09 27496.49414062
16131055 131.984259259259 133.187752085232 6.17214704347732e-09 23072.39648438
16132001 132.016585648148 120.626500759686 2.94820844153269e-09 18253.63867188
16132002 132.039814814815 122.06878594692 2.24615101413385e-09 15595.09960938
16132003 132.061770833333 116.412563537665 1.83197449329234e-09 13920.87988281
16132021 132.432164351852 108.815894122789 7.14780901433742e-10 33502.53906250
16132022 132.45255787037 111.058892971965 1.05163567891961e-09 31406.83789062
16132023 132.466956018519 114.931634561193 1.64017458241165e-09 23022.57226562
16132024 132.488923611111 111.877531894036 1.6176290351124e-09 20765.49414062
16132025 132.513587962963 92.1031128892765 9.61613541820659e-10 18859.09765625
16132026 132.536168981481 103.859108283542 1.03616047998179e-09 16308.11621094
16132027 132.559803240741 102.734630785255 8.52115678409701e-10 13651.35644531
16132028 132.584016203704 87.4336274109378 1.32735864351585e-09 11846.44531250
16132029 132.604131944444 101.300697245176 1.34949444761851e-09 10596.42578125
16132030 132.622361111111 95.648940502266 7.90602687378956e-10 10339.55957031
16132032 132.645925925926 94.9170132843337 8.86010950943002e-10 9261.55468750
16132033 132.667766203704 94.413957204929 1.8612337543405e-09 8644.44238281
16132046 132.834699074074 126.645795699256 1.24816981424072e-09 31685.16992188
16132047 132.861134259259 124.299393501494 1.44452378518187e-09 26158.81640625
16132048 132.877951388889 116.49907466756 1.46065567671474e-09 22513.19921875
16132049 132.885798611111 106.558816486029 1.14260971923655e-09 21810.05078125
16132050 132.907569444444 101.290999012245 9.33532264870157e-10 19324.00976562
16132051 132.930081018519 98.7977565843513 8.4094716696096e-10 16582.11328125
16132052 132.951782407407 99.6268599633035 1.58221031206809e-09 15793.37011719
16132053 132.961423611111 100.664855586657 8.15953679668706e-10 14717.49218750
16132054 132.983287037037 98.248295998051 7.76704848110313e-10 13459.68750000
16133001 133.005173611111 97.2653428590107 7.40870905230071e-10 12476.30957031
16133002 133.032569444444 97.4636915239364 8.27403649610031e-10 11382.83398438
16133003 133.054328703704 98.3841491776438 7.80361244870108e-10 10697.47753906
16133004 133.076296296296 98.7287665594419 8.05539432450184e-10 10054.48730469
16133005 133.098043981481 99.0777533647616 1.79808805721847e-09 9398.84570312
16133006 133.107592592593 102.061027661953 7.31666064006174e-10 9024.72265625
16133007 133.129178240741 101.025264262163 7.47215876997623e-10 8423.94238281
16133008 133.150960648148 101.425306877079 7.41693003288594e-10 8071.45996094
16133009 133.172615740741 98.7554240898907 8.10076835441918e-10 7525.18066406
16133010 133.194502314815 95.7499205548162 8.710227867901e-10 7028.18457031
16133011 133.216122685185 98.2265728134327 8.26317300318696e-10 6816.13037109
16133012 133.23787037037 98.3521519730279 3.37984749244265e-09 6369.26611328
16133013 133.244166666667 98.373598464493 9.26415063280606e-10 6444.12548828
16133014 133.265983796296 98.4190383535124 1.62847237900886e-09 5861.03857422
16133085 133.816550925926 137.267892973383 9.03426923193113e-10 30506.33789062
16133086 133.842673611111 121.666843795228 6.12354931760345e-10 24722.45507812
16133087 133.868865740741 101.030919519745 1.18096242338107e-09 20678.06640625
16133088 133.890659722222 97.2057563865908 1.05555445118515e-09 18791.51171875
16133089 133.912939814815 96.1481344516867 9.50012603006474e-10 16822.43359375
16133090 133.935590277778 95.8275110313685 2.71366431281103e-09 15558.59960938
16133091 133.940462962963 95.3505321736614 9.30103260620066e-10 14609.88574219
16133092 133.963553240741 94.9248831695638 9.22324362285304e-10 13322.88476562
16133093 133.985833333333 94.5387730400663 8.52820532327528e-10 12876.97070312
16134001 134.007627314815 93.4538326013714 8.42797388994079e-10 11925.37988281
16134002 134.029340277778 93.7590115886676 8.96422483443322e-10 11025.45703125
16134003 134.051215277778 92.2920638821966 1.06944339418126e-09 10694.66601562
16134004 134.06931712963 97.2314029153052 8.51511605047761e-10 9832.12890625
16134005 134.0909375 90.6308560255724 1.16878993629181e-09 9436.63867188
16134010 134.211747685185 92.9441019323807 8.57264497687024e-10 22308.96484375
16134012 134.236886574074 94.704248914867 1.05887883371194e-09 20067.28906250
16134013 134.248310185185 114.135979543603 1.08886009526021e-09 19638.34570312
16134014 134.26994212963 101.696592381833 1.01924267397976e-09 17746.74414062
16134015 134.293657407407 96.3877763361062 8.83805069304688e-10 16911.15429688
16134016 134.315590277778 96.2015460972666 1.07775490686015e-09 15406.48144531
16134017 134.334259259259 96.2515439377604 8.07760486732333e-10 14364.07031250
16134018 134.358738425926 92.3151204273757 8.77251467110206e-10 13004.14257812
16134019 134.381273148148 91.0789194761721 8.3923998257093e-10 12079.45507812
16134028 134.430810185185 87.5838545361841 8.07232503339135e-10 10268.73730469
16134029 134.461527777778 87.4062247061973 9.44983275250344e-10 9280.36230469
16134030 134.483541666667 85.9152596202084 1.1105659991579e-09 8623.37597656
16134042 134.736979166667 130.420118765609 1.61239484867566e-09 23305.02343750
16134043 134.740729166667 98.1245619032025 9.09326925138406e-10 23284.39062500
16134044 134.755844907407 92.0535606974612 8.4473725264599e-10 22035.41210938
16134045 134.777905092593 94.0273329911854 8.98602793210383e-10 20255.81445312
16134046 134.80025462963 91.7594755907355 8.80383438851433e-10 17692.83007812
16134047 134.823969907407 91.4272562079129 9.08312466971e-10 16376.35351562
16134048 134.845763888889 89.7436593838265 1.0473945352616e-09 15288.00781250
16134049 134.865393518519 90.6792069881275 2.94481738408296e-09 14014.94531250
16134050 134.867627314815 88.2026106144431 1.645098761651e-08 14022.79687500
16134051 134.869768518519 90.828281418236 3.44134739542271e-09 13989.83105469
16134052 134.873287037037 89.825412215315 4.01516295292212e-09 13735.21875000
16134053 134.874733796296 89.7620330332731 1.82320949339266e-09 13803.72851562
16134054 134.879560185185 89.2771906153278 9.22158028522325e-10 13682.38769531
16134055 134.901863425926 89.1805619126646 9.49643106145565e-10 12223.96679688
16134056 134.923460648148 88.0222586911296 1.50211989809629e-09 11557.31054688
16135001 135.001261574074 99.0652817708692 7.87214218470057e-10 28527.97851562
16135002 135.022766203704 96.6132984319787 8.56871497304785e-10 23577.55859375
16135003 135.044178240741 98.3892506438518 8.28483673102018e-10 21422.77734375
16135004 135.065775462963 97.8918941644929 8.93045879481235e-10 19786.32617188
16135005 135.087488425926 88.1901597308995 8.9064350136712e-10 17667.70898438
16135006 135.109155092593 86.8316731226653 1.10931786996264e-09 15738.24511719
16135007 135.129236111111 88.5760997258273 9.56393452023878e-10 14485.11816406
16135008 135.151724537037 89.2538702341381 1.00166767768623e-09 13561.54882812
16135009 135.173587962963 88.2377475488589 9.0259243094083e-10 12675.21679688
16135010 135.195358796296 88.5606770106338 9.35920462670946e-10 11932.69921875
16135011 135.219108796296 87.1390154499938 8.9764677216e-10 11388.58593750
16135012 135.243993055556 87.6029062692208 1.7258521193435e-09 10649.74316406
16135013 135.25494212963 86.9159404236531 1.09214058180256e-09 9966.45117188
16135014 135.27724537037 86.4574322251646 1.40308591675474e-09 9682.04492188
16135024 135.524131944444 95.3099231519716 7.89242584115853e-09 25587.23046875
16135025 135.544155092593 94.8778584126464 1.09549623549349e-09 21953.58203125
16135026 135.557361111111 95.8524969707872 1.85947098337872e-09 20012.01171875
16135031 135.576863425926 96.454909846991 1.94958309691048e-09 18998.60937500
16135032 135.582696759259 95.3791354262794 9.61258998303172e-10 18138.29687500
16135033 135.604375 92.5128856918152 8.58240665756343e-10 16544.27148438
16135034 135.626041666667 90.5114550288688 1.18258320210846e-09 14825.50683594
16135035 135.643599537037 90.6034996482767 9.66995155759564e-10 13808.40625000
16135036 135.665856481481 89.4180606925514 1.00791607990799e-09 12958.66210938
16135037 135.686782407407 89.3939308213947 8.98121177359028e-10 12212.14355469
16135038 135.708611111111 89.1445454380111 9.21290544572449e-10 11413.04394531
16135039 135.730300925926 86.9232078634287 9.43312475003268e-10 11053.89550781
16135040 135.752881944444 86.6496113774516 1.20616268777264e-09 10304.82226562
16135041 135.769340277778 87.0607697415965 1.01256243775501e-09 9791.12500000
16135042 135.791412037037 85.3912359299935 4.42112844197778e-09 8859.85839844
16135043 135.796979166667 86.3495919590603 1.12445961004714e-09 9019.39160156
16135047 135.899548611111 100.637130466372 6.42464831685713e-09 23572.90625000
16135048 135.900659722222 96.0454594319054 6.91034472706078e-10 23115.52734375
16135049 135.923599537037 96.2652283435946 1.1472114966053e-09 19673.30859375
16135050 135.93625 98.7949675894702 1.32228861941689e-09 19278.06835938
16135051 135.943368055556 99.1781294444788 3.72730739003535e-09 18297.72070312
16135053 135.945613425926 100.351209188884 1.05090760155844e-09 18211.47070312
16135054 135.953796296296 100.801651920049 1.88719464208222e-09 18089.02148438
16135055 135.960416666667 100.598552898716 1.62024295064021e-09 17867.55859375
16135056 135.964618055556 98.9563850558206 7.09801467671584e-10 17216.09960938
16135057 135.985648148148 96.0212079966852 3.06830378566137e-09 15467.56054688
16135061 135.990497685185 94.7917891072513 8.04269218990639e-10 15548.65332031
16136001 136.012106481481 92.7278768759453 9.39785918522226e-10 14281.54199219
16136002 136.029398148148 92.8604210710234 7.70394402790708e-10 13573.91894531
16136003 136.050972222222 90.7748904943261 8.06362861089703e-10 12812.08007812
16136004 136.072615740741 89.9215523773917 1.13864802163815e-09 11760.43652344
16136011 136.207268518519 98.6010144265321 7.66912951191054e-10 28107.74609375
16136013 136.231759259259 100.66642248184 8.0054594968013e-10 23236.32617188
16136014 136.253472222222 98.2447748027329 7.46520786598042e-10 20405.73437500
16136015 136.275081018519 94.1687566711669 1.5719421207029e-09 19106.61328125
16136016 136.284085648148 91.4894266959195 7.85851198181038e-10 18441.50976562
16136017 136.305949074074 90.3174623489929 7.49673880256061e-10 16834.59375000
16136018 136.334421296296 87.3058982885417 4.36333520625712e-09 30097.01953125
16136019 136.336203703704 88.4858826532075 8.58271493305751e-10 7545.52880859
16136020 136.35818287037 87.391087039184 8.72947361993552e-10 6754.03125000
16136021 136.380648148148 86.142004457148 8.71089652834656e-10 5780.33642578
16136022 136.406145833333 85.2351674189051 8.62661982268289e-10 5311.10644531
16136023 136.431990740741 84.4749077676494 9.26350965467715e-10 5544.24316406
16136024 136.458229166667 85.0546524533968 9.93790749579278e-10 5109.12451172
16136025 136.480266203704 85.2979073145977 1.15344773997123e-09 4684.67138672
16136035 136.618043981481 95.6465401490192 9.08585731134644e-10 29671.33203125
16136036 136.634965277778 92.205991003834 8.72661471182607e-10 23403.90429688
16136037 136.659884259259 91.1807385963158 3.57882355711367e-09 20015.95507812
16136038 136.663252314815 90.1987890081804 5.10686262566464e-09 19948.99609375
16136039 136.664861111111 89.2639951116593 7.34285627612688e-09 19757.04492188
16136040 136.66619212963 90.9568182833666 1.7759848239409e-09 19274.24609375
16136041 136.672349537037 90.1488070210434 5.36897740959088e-09 18683.00585938
16136042 136.674166666667 91.3367038704906 1.77066866323714e-09 18584.26953125
16136043 136.678784722222 92.176852125815 9.45826061950995e-10 18584.26953125
16136044 136.701041666667 93.8042966942961 9.04634313728649e-10 18314.26953125
16136045 136.723090277778 92.9700361217668 1.05477926073048e-09 17628.28125000
16136046 136.741516203704 92.7700792673668 9.19054637380448e-10 16251.94726562
16136047 136.763275462963 90.9619846996521 1.09208134990374e-09 14686.93457031
16136048 136.783958333333 87.5201283756625 9.32282591165723e-10 13861.46484375
16136049 136.805555555556 86.4022859442898 9.12449772204686e-10 13130.28710938
16136050 136.82775462963 86.1690738539055 9.77920839040582e-10 12019.19726562
16136051 136.849571759259 86.6764594558496 1.06209550212901e-09 11941.48339844
16136052 136.871226851852 87.7467915212291 9.42465396572244e-10 10586.61523438
16136053 136.893553240741 88.492423210624 8.09938739825823e-10 10438.42382812
16136057 136.986851851852 93.4225596872961 7.7622502053675e-10 29354.79296875
16137001 137.008530092593 93.6120645725991 1.11035317199785e-09 23367.05468750
16137002 137.030543981481 94.2083588418314 1.03962320563169e-09 20633.46484375
16137003 137.052523148148 94.9755619097393 9.50171278194255e-10 19329.75781250
16137004 137.075162037037 97.2510445916994 9.47126018541703e-10 18099.96484375
16137005 137.096701388889 98.4641572483825 1.1053150136495e-09 16628.62500000
16137006 137.116666666667 96.0031375213914 9.22933594037517e-10 15434.52734375
16137007 137.138333333333 92.7083780786126 8.44999611388268e-10 13699.47070312
16137008 137.160034722222 90.0226960980354 1.15416677383155e-09 12518.07617188
16137009 137.1746875 89.3381006315445 1.0044640057136e-09 11831.84960938
16137010 137.192106481481 87.6450193936864 9.63833412326768e-10 11356.96289062
16137011 137.21369212963 85.8349315976888 9.60119016842785e-10 10377.11816406
16137012 137.241157407407 86.9142443463041 9.36253061436941e-10 9695.65820312
16137013 137.263935185185 85.9951039646503 9.83320983846688e-10 9028.72167969
16137017 137.344016203704 95.0785032562457 9.51254890300011e-10 32836.71093750
16137018 137.367407407407 95.5480340695221 1.09342195918563e-09 26336.54296875
16137019 137.391944444444 96.9189004327136 1.04317130793199e-09 22959.33398438
16137020 137.414814814815 97.9919724806124 1.1954354189038e-09 20443.86914062
16137021 137.436631944444 93.7466599979718 7.68274956238343e-10 18601.00976562
16137022 137.472488425926 92.6885626826259 1.31476672971562e-09 15294.57617188
16137028 137.508865740741 90.76445399081 8.61457358075155e-10 13831.80273438
16137029 137.531365740741 89.7949662004052 8.10614818884593e-10 12797.00878906
16137030 137.557835648148 88.7410516429032 9.21664132123728e-10 11457.69433594
16137031 137.580081018519 88.1896369218329 1.13467125562002e-09 10947.38867188
16137032 137.597303240741 89.0990759146617 9.47585393547932e-10 10467.72558594
16137033 137.619108796296 89.6359935672491 1.20463622707481e-09 10235.46679688
16137038 137.715891203704 99.2905778384694 7.68115014144625e-10 27941.29101562
16137039 137.737638888889 99.5339393599868 1.19690443074397e-09 23422.35546875
16137040 137.760439814815 103.768579145555 1.21063775333711e-09 20957.79101562
16137041 137.782766203704 103.406888269014 1.09528611936239e-09 18908.02539062
16137042 137.805509259259 101.542638403826 9.3264369647463e-10 17432.03906250
16137043 137.82755787037 98.4026811235187 8.8051519240699e-10 15220.76562500
16137044 137.851226851852 97.1389260675598 2.73456201302031e-09 13803.72851562
16137045 137.856030092593 97.9315462153471 9.12512641021308e-10 12964.72265625
16137046 137.877928240741 95.149720174593 8.79729217362129e-10 12675.21679688
16137047 137.899872685185 95.5526762544722 8.28112158474284e-10 11597.82714844
16137048 137.922210648148 95.6326717078096 8.39284445212191e-10 10741.10253906
16137049 137.944305555556 91.5309861521167 8.4155746842404e-10 10260.41601562
16137051 137.980659722222 91.9704281502851 2.37423648701592e-09 9257.52539062
16137052 137.988449074074 95.3287529395799 1.01678613402864e-09 9371.87890625
16138013 138.094270833333 90.5116187967512 1.79940139326035e-09 23364.75390625
16138014 138.100081018519 92.4355594195974 1.08747764098591e-09 22907.53320312
16138015 138.122060185185 94.464767343126 1.01811912165452e-09 21389.23828125
16138016 138.143703703704 97.0697711813303 1.00908254766197e-09 19638.34570312
16138017 138.165439814815 102.031867271704 1.01929428770257e-09 17558.53515625
16138018 138.188078703704 100.425237381553 2.36876697514793e-09 16131.49023438
16138019 138.192847222222 98.1459717320824 1.46497385412996e-09 15297.86230469
16138020 138.199791666667 96.3889995175402 2.08967343446954e-09 15033.01855469
16138021 138.206030092593 94.4575262549201 9.00471126243538e-10 14362.48144531
16138022 138.227662037037 91.3160044528517 8.5280091581238e-10 13031.46582031
16138023 138.251064814815 89.8361370051298 9.00051651675309e-10 11897.58203125
16138024 138.274143518519 90.6022712122149 9.56636844287219e-10 11133.66210938
16138025 138.296134259259 90.7467651668369 8.67596329816294e-10 10214.68945312
16138026 138.318240740741 89.8456625359673 1.30891152425081e-09 9926.64257812
16138027 138.331678240741 88.4707008852311 9.1681632118786e-10 9590.98046875
16138028 138.354027777778 87.8749136679454 9.45691062434245e-10 9032.72167969
16138029 138.37818287037 86.585305885242 1.1996430785646e-09 8627.32519531
16138040 138.515289351852 90.5041666531281 8.54206095463613e-10 27851.24023438
16138042 138.541782407407 91.9955355571238 1.06004264594791e-09 23222.61328125
16138043 138.564293981481 93.5499160272854 2.22699710907561e-09 20530.40429688
16138044 138.570752314815 95.8308202562894 9.31755676307183e-10 20540.48828125
16138045 138.593136574074 94.0249412335959 9.00138054175389e-10 18187.66601562
16138046 138.614930555556 93.0415919008914 9.35037108281931e-10 16638.97070312
16138047 138.642326388889 93.5543843181193 8.9995846356993e-10 14373.60742188
16138048 138.663993055556 93.6189037499932 8.36696912565466e-10 13535.27636719
16138049 138.685729166667 94.4743080344761 8.63670817427913e-10 12424.18164062
16138050 138.708356481481 93.850225818598 8.5472463412205e-10 12077.98242188
16138051 138.731550925926 94.5278771336436 8.85409417371086e-10 11039.67382812
16138052 138.754224537037 91.8677373574005 8.68467328548976e-10 10148.29882812
16138053 138.776076388889 86.5761028594827 1.44707645086047e-08 9808.88671875
16138054 138.779895833333 94.5600550815389 9.92776855492028e-10 9378.61914062
16138055 138.8015625 95.6954122236283 1.92014119208693e-09 8794.94726562
16138059 138.868923611111 102.841200309349 7.51328501866906e-10 34539.46875000
16138060 138.889224537037 101.535641844782 5.67514847708911e-09 30607.30273438
16138061 138.890428240741 103.170027530971 8.22824060153991e-10 30102.48046875
16138062 138.911898148148 105.289966538769 7.627537601156e-10 26494.31054688
16138063 138.933877314815 109.714023239107 7.20703742264284e-10 24225.40234375
16138064 138.955810185185 107.108836518736 6.73603963641369e-10 20894.19140625
16138065 138.978842592593 106.078836304581 1.12932929336104e-09 18096.31640625
16138066 138.990601851852 99.3942692507854 9.9496679871641e-10 17307.92187500
16139001 139.007060185185 99.5811980948003 1.64033653173766e-09 15957.72949219
16139002 139.011655092593 101.715285101531 9.63103967116609e-10 15771.64062500
16139003 139.033194444444 95.9981026955036 8.66806935936331e-10 13680.83593750
16139004 139.054814814815 93.5150076415614 9.03061750281047e-10 12696.23242188
16139005 139.076493055556 90.7312581680797 8.86088801500322e-10 11732.79003906
16139006 139.097951388889 88.536060462722 3.26377721688062e-09 10721.39257812
16139007 139.10162037037 89.2708236394515 1.21879674330004e-09 10515.22753906
16139008 139.115949074074 87.8554739246006 9.51727566608467e-10 10178.70996094
16139009 139.137685185185 86.0487573680905 9.96422201210614e-10 9588.26562500
16139010 139.159131944444 86.4629063015881 9.84344731865332e-10 8992.74609375
16139011 139.18087962963 86.0900192133136 1.00829798446252e-09 8560.26171875
16139012 139.202361111111 87.0879059783125 9.95138554222239e-10 8039.14062500
16139013 139.223969907407 87.6158194154342 1.47213986530879e-09 7604.10205078
16139021 139.298703703704 90.2581051641586 1.62099055076764e-09 30064.27539062
16139022 139.308229166667 91.2660456786116 1.11104052520878e-09 27889.44335938
16139023 139.330185185185 92.478590625612 1.08933174638511e-09 23837.40625000
16139024 139.352037037037 91.6258556187247 9.69864573437181e-10 21477.38281250
16139025 139.373020833333 90.4918897691142 8.9931205322067e-10 20025.81835938
16139026 139.394953703704 89.9769528104907 1.00514278494182e-09 17639.02734375
16139027 139.417465277778 87.7071261650622 1.07158989231128e-09 15629.98632812
16139028 139.435219907407 89.7624225705793 8.75496363105136e-10 14453.21386719
16139029 139.457048611111 87.9176109278299 9.59173217990399e-10 13777.23925781
16139030 139.478935185185 86.8605719142156 9.02041419517803e-10 12391.46289062
16139031 139.503043981481 86.3294101442022 1.27831852945476e-09 11557.31054688
16139032 139.519872685185 81.6729089959469 1.25123868000502e-09 11072.39453125
16139033 139.537835648148 82.5461555097649 1.19203663347891e-09 9912.92675781
16139034 139.559502314815 84.3454873053993 1.61498144834246e-09 9735.17382812
16139054 139.925590277778 115.700258054669 8.0459773100556e-10 22968.35351562
16139055 139.942951388889 105.769137631866 7.44024973709214e-10 20988.62695312
16139056 139.965798611111 103.234994623855 9.02675638670181e-10 19053.50195312
16139057 139.987604166667 99.0572735337967 7.94575519533381e-10 17730.55859375
16140001 140.009247685185 101.940029850042 7.4086012211895e-10 16613.11132812
16140002 140.030810185185 101.206351377152 7.32408680498554e-10 14958.26855469
16140003 140.055196759259 101.782339429315 7.49056867497493e-10 13402.73632812
16140004 140.076678240741 102.759487658147 9.77505161392018e-10 12111.83496094
16140007 140.099375 96.0963310013551 1.64514201038675e-09 10807.35742188
16140008 140.106273148148 94.8432657158761 8.11654237942374e-10 10449.58300781
16140009 140.127673611111 94.565969562319 8.42638400214251e-10 9675.23925781
16140010 140.14912037037 93.2239562991826 7.74029934981337e-10 9062.07031250
16140011 140.179074074074 91.7758025129334 9.4878929525839e-10 8146.56982422
16140012 140.198553240741 91.6501873902576 8.90221777056503e-10 7596.45703125
16140013 140.220520833333 90.9940001622338 1.03020511919138e-09 7186.27490234
16140014 140.241956018518 89.6461465727408 2.04532332995202e-09 6841.00341797
16140015 140.2578125 90.2003598433314 2.41035294724539e-09 6589.43896484
16140016 140.268425925926 89.4974356706261 1.71723043608155e-09 6418.33447266
16141003 141.047303240741 103.725260630424 9.40966813165486e-10 26656.03515625
16141004 141.061354166667 97.6302359121097 3.45639499279833e-08 24177.37500000
16141005 141.070046296296 100.316487114773 5.80681481772209e-10 22069.96484375
16141006 141.091863425926 102.082548149012 1.67503886349292e-09 20469.99609375
16141007 141.100162037037 104.72298763334 1.09437260989561e-09 19253.22265625
16141008 141.121886574074 104.697673497367 9.84118654619657e-10 17694.62500000
16141009 141.143449074074 104.16593910539 7.75938540718846e-10 15580.16210938
16141010 141.173460648148 106.788185146488 8.91137320756457e-10 13263.13671875
16141011 141.214733796296 103.972839326321 1.00140228606975e-09 10526.41406250
16141014 141.241574074074 107.432054140985 8.4306822827466e-10 9657.55371094
16141016 141.265347222222 96.8460605140456 8.00205837948279e-10 8834.67382812
16141017 141.288425925926 92.5408037572957 1.45966747547476e-09 8294.72167969
16141018 141.299571759259 91.7684599139398 1.17173057290865e-09 7914.04980469
16141019 141.314988425926 91.3080222724459 1.9795277752214e-09 7526.45214844
16141021 141.321840277778 89.4943611623779 1.01435002692652e-09 7386.90478516
16141022 141.3434375 88.0927922253706 1.39566797898172e-09 6919.48486328
16141029 141.414050925926 94.1513350003282 9.7058101139585e-10 29338.42578125
16141031 141.429131944444 94.5485232890792 2.03124266923044e-09 24048.28515625
16141032 141.438344907407 94.7403212416979 1.03467437221781e-09 22959.33398438
16141033 141.459918981481 96.8668916016079 9.48998330397445e-10 20625.36718750
16141034 141.481458333333 103.270341868202 9.88089514476839e-10 18919.33007812
16141035 141.50306712963 115.309228733263 1.54923104539317e-09 16784.25390625
16141036 141.525150462963 129.884588404589 6.6726085421175e-09 14785.15625000
16141037 141.534872685185 122.195207208038 2.5050906613527e-09 13913.05761719
16141038 141.548900462963 117.557880267802 1.24605961238285e-09 12898.12695312
16141040 141.57443287037 120.348272924753 1.36403447840735e-09 11252.26757812
16141041 141.595266203704 119.976407423154 4.52959176679492e-09 9922.52734375
16141049 141.9634375 88.4911101454801 8.69421047815038e-10 32247.29687500
16141050 141.985636574074 85.6891114625404 1.08042020221542e-09 25945.87109375
16142001 142.007094907407 85.2535638775421 9.45796267368665e-10 23067.86328125
16142002 142.028877314815 86.3341177642696 1.37126733204584e-09 20423.78906250
16142003 142.042395833333 85.8593761454563 9.24125867011691e-10 19379.63476562
16142004 142.063900462963 85.3923099305857 1.01238335536279e-09 17368.13476562
16142005 142.085983796296 84.9983615856495 1.64810939899758e-09 15533.73925781
16142006 142.096574074074 84.3311321403469 9.54627195563629e-10 14287.88281250
16142007 142.118460648148 83.3384547850127 1.00102118378012e-09 12876.97070312
16142008 142.140034722222 82.1620293508208 9.93544944292487e-10 11799.76562500
16142010 142.164085648148 80.0072788792711 1.10087389487031e-09 11008.40722656
16142012 142.188576388889 80.5712911299324 1.06350950358472e-09 9996.68554688
16142013 142.210011574074 80.3228743918302 1.69075300348034e-09 9295.14941406
16142014 142.221585648148 79.7407847836854 1.11832961742441e-09 8695.84960938
16142015 142.243587962963 80.8428640082582 1.54546127671638e-09 8232.25781250
16142022 142.322916666667 85.5351079959203 1.0402033111169e-09 33183.26953125
16142024 142.341689814815 84.5091327307371 1.08939396393932e-09 28443.38085938
16142025 142.363425925926 84.1541317661555 1.06480413140498e-08 24469.84765625
16142027 142.372233796296 84.9238312973171 1.01351924797188e-09 22213.07421875
16142028 142.393854166667 85.3418797647079 9.68838120110896e-10 20472.00781250
16142032 142.423761574074 84.8561074587385 8.71703178462533e-10 17223.15234375
16142035 142.456493055556 84.4036577906845 9.87010670339347e-10 14465.97070312
16142036 142.47806712963 83.6837954405041 9.54640054790944e-10 12657.21777344
16142037 142.499722222222 81.9869328624713 1.12057835266568e-09 11552.97167969
16142038 142.521319444444 81.8697734174606 1.04760633846014e-09 10814.41601562
16142039 142.542858796296 81.627839472495 1.10423415887509e-09 10189.77636719
16142041 142.566157407407 80.8928992389651 1.91816928158826e-09 9202.51464844
16142044 142.578634259259 81.0481529546452 1.13057972524153e-09 8857.20703125
16142046 142.600972222222 81.0194870034706 4.28782689236415e-09 8266.07617188
16142048 142.606099537037 81.3861408183053 4.36635614440522e-09 8221.85839844
16142061 142.672581018519 86.9498989339298 1.00445271840044e-09 32970.42578125
16142065 142.698831018519 84.715367845029 1.31359691464374e-09 25301.96093750
16142066 142.720555555556 85.0952166159324 1.22343039544548e-09 22570.66015625
16142067 142.742164351852 85.431403126683 1.26934970533662e-09 20206.05468750
16142068 142.763784722222 84.2627683454668 1.08124064942305e-09 17528.19140625
16142069 142.78744212963 84.2399302774669 1.2711252217527e-09 15781.66894531
16142070 142.803784722222 82.92566024403 1.01567394436137e-09 14251.44726562
16142071 142.825613425926 83.4743209491498 1.03814072154039e-09 13104.39648438
16142072 142.847164351852 81.6733595239972 1.14022180564617e-09 12185.55957031
16142073 142.867939814815 80.2236328173771 6.39735001247481e-09 11397.21679688
16142074 142.871365740741 79.3556201706714 6.56551449207142e-09 11423.11914062
16142075 142.873900462963 80.1668077320931 2.16584663350246e-09 11286.64941406
16142076 142.879282407407 79.673923963029 1.20464478893897e-09 11133.66210938
16142077 142.9009375 79.2434198976826 1.23992550804911e-09 10246.55273438
16142078 142.920474537037 79.1541232941767 6.25034299350593e-09 9662.99414062
16142079 142.924386574074 80.1826901763507 1.1931760496387e-09 9558.42382812
16142080 142.944664351852 80.1782899753953 1.02911315534046e-09 8939.52343750
16143002 143.03 87.5135684425816 1.0092060914258e-09 37339.19531250
16143003 143.052314814815 85.1562444790142 1.47533457848012e-09 29188.33984375
16143004 143.073761574074 84.1655197371769 1.32870394883201e-09 25532.90625000
16143005 143.095405092593 84.284173464817 1.29320662678654e-09 23024.83203125
16143006 143.116886574074 84.9338527766944 1.15942020491361e-09 19923.44140625
16143007 143.138368055556 85.3505370753142 2.8026054493275e-09 17750.34179688
16143008 143.148854166667 84.3365467355164 3.80433473732433e-09 16663.12890625
16143009 143.157592592593 86.3470006438252 1.04886896415709e-09 15174.93945312
16143010 143.179560185185 83.832087400676 1.04803810025252e-09 13679.28417969
16143011 143.201122685185 82.2997970855473 1.06298360581063e-09 12151.62500000
16143012 143.222615740741 81.0898172541144 1.07906575034451e-09 10417.50976562
16143013 143.244085648148 80.5687721923237 1.17014254647566e-09 9890.99414062
16143014 143.265555555556 79.3877164243769 1.95608291563092e-09 9076.75292969
16143015 143.27837962963 79.5013054247979 1.20030327563922e-09 8561.57519531
16143016 143.300902777778 80.2972959366068 1.38496320650521e-09 8045.60107422
16143018 143.333275462963 80.0037466847447 1.57410820842221e-09 7202.63134766
16143019 143.344988425926 80.0141733732899 1.21069790862574e-09 6963.16894531
16143020 143.371770833333 78.9950293065265 1.29960956540805e-09 6415.87841797
16143021 143.393287037037 78.8376689411414 1.44160656252638e-09 6127.50292969
16143022 143.414872685185 78.9706787837979 1.61346917577007e-09 5479.83691406
16143031 143.482824074074 86.5572366792681 1.17156543125964e-09 33584.39843750
16143032 143.495520833333 85.6528966461407 1.49777162454826e-09 29297.49023438
16143033 143.51712962963 84.2849020521854 1.28524592220912e-09 25633.93359375
16143034 143.53837962963 83.2388087804143 1.14871459992788e-09 21932.09765625
16143035 143.560474537037 84.1582893586775 1.06264429913827e-09 20349.65234375
16143036 143.582430555556 84.0968409428575 1.0161855767237e-09 18138.29687500
16143038 143.609016203704 83.9326947180276 1.07447952074088e-09 15325.79980469
16143039 143.626967592593 82.6055374521689 1.0971975394113e-09 14321.19042969
16143040 143.64619212963 81.5641758126722 1.0376126204208e-09 12652.71875000
16143041 143.670231481481 81.3469594308823 1.02267995694155e-09 11650.00000000
16143042 143.69255787037 80.8195385339974 1.10343191596212e-09 11195.05175781
16143043 143.714027777778 80.5469292378124 1.29982495504526e-09 9789.75878906
16143044 143.731990740741 80.2252163657763 1.11384359673682e-09 9281.70703125
16143045 143.753657407407 80.7544786066038 1.15220951777313e-09 8677.38671875
16143052 143.837789351852 89.5937935779598 9.57966086585046e-10 31532.35937500
16143053 143.860173611111 87.0435372510566 1.46989103351208e-09 25218.02734375
16143054 143.881724537037 86.9790269362971 1.57388339723e-09 22392.17578125
16143055 143.903275462963 85.3466332055235 1.24957086595952e-09 20588.95117188
16143056 143.924826388889 84.3982086484665 1.07381544309217e-09 18845.94140625
16143057 143.944513888889 83.0673874342008 1.11479671905936e-09 17476.50976562
16143058 143.964722222222 83.5668605191492 9.80119106787237e-10 15201.11621094
16143059 143.986481481481 82.9012038842721 1.02421385515424e-09 13855.21875000
16144001 144.008310185185 81.7618165337152 1.04644701806407e-09 12370.66308594
16144002 144.029814814815 81.3666208207206 1.08554634518049e-09 11779.36523438
16144003 144.051331018519 81.4041494933041 1.06322190619094e-09 10703.10351562
16144004 144.072824074074 81.128715783309 1.36761411930172e-09 9862.23242188
16144005 144.090231481481 6.04476319934886 2.41244334704568e-06 9293.80468750
16144007 144.117835648148 0.00249591719531845 2.64927252793083e-05
8857.20703125
16144012 144.177175925926 62.9088036193846 3.77265326331236e-09 40452.72656250
16144013 144.199988425926 49.0296446857856 1.05677660140701e-08 31041.17968750
16144014 144.221574074074 47.0710338162708 9.46524209883911e-09 26323.01367188
16144015 144.243136574074 45.2971502303481 7.98149092466184e-09 24198.97265625
16144016 144.264791666667 43.8373373608412 7.71109013124185e-09 21359.93359375
16144017 144.287638888889 0.0296214714699093 0.000218410028317746
18125.51171875
16144018 144.29431712963 0.00541168107356793 4.06071313492761e-05
17685.65039062
16144019 144.303425925926 34.6649159299989 1.52172536631869e-08 16311.52050781
16144020 144.325092592593 26.718703200052 3.38876704037986e-08 14717.49218750
16144021 144.345648148148 27.240170038024 2.77731935411917e-08 13635.85156250
16144022 144.36744212963 0.00255776001293708 2.32739408916541e-05
12052.98437500
16144023 144.383055555556 16.5019718773708 1.45910926471641e-07 11496.63476562
16144024 144.404525462963 9.15357070599148 7.98775304230903e-07 10404.96875000
16144025 144.42875 0.0015927311083308 1.64113094077216e-05 9406.94042969
16144026 144.450509259259 0.00174633799498057 1.85278941770715e-05
8871.79589844
16144037 144.530532407407 0.0101529418173774 5.84373991476872e-05
29944.20898438
16144038 144.53494212963 18.6101477353215 1.27061695120485e-07 28148.67578125
16144039 144.546354166667 45.9223521975559 7.76128062952856e-09 26287.88671875
16144040 144.567824074074 46.0581774340689 7.00204054103857e-09 22447.10156250
16144041 144.591238425926 0.0105677117858195 7.49958527150474e-05
19708.32421875
16144042 144.599282407407 38.7041397328093 1.35060160439295e-08 18972.15625000
16144043 144.620798611111 0.00428401398167578 3.23433751838223e-05
17485.41406250
16144054 144.758784722222 0 2.93484357788576e-05 36343.19140625
16144055 144.760231481481 58.5694330706777 3.21252531065281e-09 34735.94140625
16144056 144.784155092593 48.0063336047785 8.08729598039129e-09 28044.98046875
16144057 144.8059375 0.00973173108767317 6.29174284462181e-05 23738.67578125
16144059 144.812210648148 0.0140165495890116 9.07055336798348e-05
23663.79101562
16144060 144.820960648148 0.0807812285094471 0.000518707890589614
22652.69921875
16144061 144.82212962963 39.7897527417942 1.08117857541182e-08 23133.71484375
16144062 144.841747685185 0.0240217559931755 0.000167628190357977
20130.62109375
16144064 144.847106481481 0.020555281039965 0.000146616972559466
19391.16015625
16144065 144.850868055556 84.9333908812989 1.0228213443518e-09 19015.63085938
16144066 144.873148148148 83.779218887362 6.70046372304244e-09 17085.98046875
16144069 144.885729166667 84.7841353630038 1.49325691439547e-09 15606.72363281
16144070 144.893981481481 83.7302622895173 1.00885341534713e-09 15199.47949219
16144071 144.9159375 83.5068619564667 1.15071846235937e-09 14088.83886719
16144072 144.93724537037 83.7452030058142 1.74599855590117e-09 12896.61718750
16144073 144.946805555556 81.608891705322 1.05524762613519e-09 11956.13281250
16144074 144.968391203704 80.8229759554909 1.7248616631239e-09 10926.13085938
16144075 144.977476851852 81.6185713755019 1.08540843197925e-09 10822.88574219
16144076 144.998993055556 80.1862036665738 1.85391713811026e-09 9615.41894531
16145001 145.012962962963 80.2337864026259 1.74920256722459e-09 9458.25585938
16145002 145.022881944444 80.7426663180832 2.55225160263664e-09 8858.53320312
16145003 145.031157407407 80.0531587310576 1.20333337757893e-09 8979.43164062
16145008 145.115625 93.1456242730271 4.4523377467337e-09 34916.03906250
16145009 145.117905092593 91.4944415725611 2.80762182171209e-09 33022.26953125
16145010 145.121493055556 87.4870841534903 1.8557127967261e-09 32596.58203125
16145011 145.143287037037 85.5339865883796 1.35156253284077e-09 25266.30273438
16145012 145.164803240741 84.0290214580068 1.1997412249147e-09 23149.64062500
16145013 145.186342592593 83.335945289925 1.03408135545094e-09 20953.68359375
16145014 145.207835648148 82.4833993770516 1.18374055059277e-09 18259.14453125
16145015 145.229409722222 82.2358088030243 1.45661206965667e-09 16878.06640625
16145016 145.241759259259 81.9051645145756 1.03990395359613e-09 15424.62792969
16145017 145.263333333333 82.0469007379361 1.01203447767857e-09 14055.79980469
16145018 145.28474537037 81.6821435326012 1.05244832108507e-09 12822.63378906
16145019 145.3065625 81.8816154692471 1.05728037934843e-09 11592.03710938
16145020 145.329305555556 81.562793584638 1.06762088780013e-09 10746.73535156
16145021 145.350266203704 81.326067690123 1.22806072635905e-09 10173.17871094
16145022 145.37193287037 81.1167428728539 1.08647325293349e-09 9365.14160156
16145023 145.394097222222 81.3375465837928 1.06011069109446e-09 8610.21679688
16145024 145.419456018519 80.8238631365836 2.23498925105824e-09 8107.69775391
16145035 145.510243055556 85.8259500995615 1.07912536352424e-09 29087.37304688
16145036 145.528321759259 85.7912449042513 1.34180379814046e-09 23640.44726562
16145037 145.549756944444 85.6718089059292 2.40283517858443e-09 21487.90039062
16145039 145.559178240741 86.4151024028526 1.17253130140354e-09 19335.50781250
16145040 145.580706018519 86.6473556500059 1.06525679474972e-09 17965.34765625
16145041 145.602222222222 83.3186967295372 1.03210120118393e-09 16236.64941406
16145042 145.622395833333 82.9583183677702 1.11314408152235e-09 14608.27929688
16145043 145.647719907407 82.7446031567687 1.03273436390068e-09 13200.45507812
16145044 145.669293981481 81.992972323532 1.02176318436646e-09 11931.23339844
16145045 145.690914351852 80.2966190323112 1.12232779980069e-09 10862.44628906
16145046 145.712488425926 81.0895389861355 1.07923386599958e-09 10224.38378906
16145048 145.739606481481 80.4990453495248 1.14737230742567e-09 9154.29101562
16145049 145.76537037037 80.9544046759454 1.21417918514095e-09 8465.82421875
16145050 145.786157407407 81.3352220749584 1.37500808193014e-09 8023.63916016
16145055 145.847256944444 89.7711956394552 9.52166046050725e-10 36231.30859375
16145056 145.870775462963 85.0088262911718 1.30228981318683e-09 26975.30273438
16145057 145.892465277778 83.9869239459757 1.14359579929988e-09 23473.18359375
16145058 145.914085648148 83.990986564888 1.06484253886701e-09 20875.76171875
16145059 145.935891203704 83.1508934921422 1.12987809707194e-09 18259.14453125
16145060 145.953784722222 83.3636927488007 1.11928108443474e-09 15885.49218750
16145061 145.974201388889 84.5960830583331 1.0037178163913e-09 14251.44726562
16146002 146.009837962963 83.6853784487444 2.05779801636812e-09 12324.65039062
16146003 146.021527777778 82.6343098407111 1.00872609378692e-09 11596.37890625
16146004 146.043611111111 80.5668002715018 1.10340564834944e-09 10656.76562500
16146005 146.065787037037 80.1440940875497 1.07976439335061e-09 9737.90039062
16146006 146.089699074074 80.0513181205007 2.21463675289239e-09 9276.33203125
16146007 146.098657407407 81.3194151385885 1.10881565395332e-09 8730.16894531
16146008 146.120439814815 79.5625133502936 1.2725515720591e-09 8294.72167969
16146014 146.2065625 91.6311351290277 1.05827954106727e-09 40007.93359375
16146015 146.228090277778 88.8490217921855 1.40577742105684e-09 31824.33789062
16146016 146.244988425926 88.7186811355408 1.83002991877792e-09 28519.78710938
16146051 146.531956018519 92.2411770747422 1.10978064337255e-09 27431.00585938
16146052 146.5478125 87.9230984787194 2.46788137805658e-09 24000.69726562
16146097 146.63380787037 89.1452740935899 9.87768212304456e-10 27886.71289062
16146098 146.652268518519 85.3684046784845 1.25148653281982e-09 23705.88085938
16146099 146.673981481481 87.6446959119715 3.9210491038495e-09 20540.48828125
16146100 146.684328703704 87.1225860032026 1.39661690279943e-09 19215.09570312
16146106 146.773125 89.3541074051721 9.7897784909201e-10 28836.32421875
16146107 146.790393518519 88.5225163616988 1.5816768578202e-09 24460.10351562
16146109 146.814340277778 84.7106212557064 1.24842795511195e-09 21345.29687500
16146111 146.840034722222 83.8052106435526 1.04326477484273e-09 19258.95312500
16146112 146.861608796296 84.7006608091321 1.14524277024764e-09 17078.96484375
16146114 146.880671296296 84.3623370664707 1.48160513760297e-09 15561.91796875
16146115 146.897291666667 83.8100919291505 1.11470720676054e-09 14279.95800781
16146116 146.920763888889 82.9768243940321 1.00282741356145e-09 12616.75390625
16146117 146.943425925926 83.0086539424516 1.22958997160663e-09 11215.06445312
16146118 146.958715277778 81.4717151610886 1.07362558825146e-09 10652.55175781
16146119 146.980266203704 82.7365162739421 1.38681971946112e-09 9959.58398438
16146120 146.996979166667 82.7186023583497 2.71777112655882e-09 9404.24218750
16147006 147.104965277778 91.5938416308347 7.66697344161839e-10 31859.81250000
16147007 147.126863425926 90.0235085751844 1.82907923547953e-09 23783.27539062
16147008 147.150590277778 88.7999848069301 1.65616473773924e-09 21268.08984375
16147009 147.172314814815 84.3589835016107 1.20911546011442e-09 19276.15820312
16147010 147.193993055556 81.8669621796584 1.0135177501168e-09 17478.28906250
16147011 147.215694444444 81.7090398097017 3.49741570116661e-09 15696.55664062
16147012 147.219548611111 81.549741563554 1.50481219528604e-09 15739.91308594
16147013 147.232280092593 82.4424438991014 1.05063026536835e-09 14563.43164062
16147014 147.253553240741 81.7350472005163 1.07259097249883e-09 13055.72460938
16147056 147.698090277778 91.9522844177387 1.18539737087572e-09 32640.24023438
16147057 147.714756944444 87.590493827324 1.41136767882272e-09 26543.57617188
16147058 147.736608796296 84.5942126404322 2.14521668963383e-09 22648.25390625
16147059 147.745347222222 83.4163710361323 1.07075622374762e-09 22757.38085938
16147060 147.766840277778 85.5826355350656 1.30527764316436e-09 19520.22851562
16147061 147.791053240741 87.2426584443148 1.31753435014848e-09 16623.45312500
16147062 147.80912037037 86.0633774630545 1.87850800476309e-09 15114.49609375
16147063 147.819513888889 86.4873029989816 1.11213084190755e-09 14589.05175781
16147064 147.841030092593 85.9054155967836 1.07030773276373e-09 12498.67675781
16147065 147.862569444444 83.8740211170837 1.03219511596473e-09 11170.76660156
16147066 147.8840625 81.9417517445268 1.27574999323375e-09 10203.61523438
16147067 147.905763888889 82.9268400742398 1.1705281369746e-09 9722.90429688
16147068 147.927962962963 81.7961408413765 1.60888288710756e-09 9119.50976562
16147069 147.943240740741 80.9939428062191 1.1327449715984e-09 8429.17480469
16147070 147.964791666667 80.2885094000564 1.29382715430045e-09 7964.28515625
16148002 148.037106481481 89.6315323158247 1.01359923241486e-09 42390.16015625
16148003 148.059976851852 85.9672917667564 1.31121155808256e-09 31701.54492188
16148004 148.075231481481 84.8614382834069 1.29940285234217e-09 27635.66601562
16148005 148.096990740741 83.6509615999745 1.33486383031683e-09 23491.69726562
16148006 148.118680555556 84.9024073633924 1.12496111097868e-09 20974.23046875
16148007 148.140428240741 86.1903454008052 1.2195181362241e-09 17655.15625000
16148008 148.162511574074 86.6817353768077 1.0910289589177e-09 15202.75195312
16148009 148.184166666667 84.8696423077307 1.02051374844871e-09 12694.73144531
16148010 148.205752314815 83.6794419482093 1.01378179740738e-09 11272.31835938
16148011 148.228738425926 82.4972457430419 1.07804728632691e-09 10329.82910156
16148012 148.250335648148 81.8101548994288 1.70123160767706e-09 9448.79589844
16148013 148.259166666667 81.269579598387 2.66465881705156e-09 9003.40136719
16148016 148.272372685185 82.2635377019532 1.41058001736254e-09 8435.71679688
16148017 148.289039351852 82.6932615816723 1.04537067538744e-08 8040.43261719
16148018 148.294409722222 78.9300557402822 2.21825325242278e-08 7800.99023438
16148019 148.299618055556 82.1958510379337 1.19164842191353e-09 8129.72021484
16148020 148.323009259259 82.3725143021351 1.1976486099865e-09 7171.18408203
16148021 148.34474537037 82.1812648132828 2.89686106642124e-09 6457.64355469
16148022 148.35505787037 82.2796566972912 1.49838951717719e-09 6149.40478516
16149001 149.006377314815 176.104430979411 2.22542688027728e-10 46434.20703125
16149002 149.035891203704 156.088127706106 2.04427702874379e-10 29709.53710938
16149003 149.057615740741 160.289252067044 4.32514653120597e-10 23167.85937500
16149004 149.061273148148 160.761251030281 2.00710354926944e-10 22757.38085938
16149005 149.081157407407 159.976250819058 2.48336692202504e-10 20271.75976562
16149006 149.102916666667 165.081713267308 4.43958037395604e-10 16773.84960938
16149007 149.153946759259 167.102142511874 6.6936946862409e-10 11326.80957031
16149008 149.159699074074 165.66311814078 1.13020657218978e-09 10851.13867188
16149009 149.163252314815 162.514510822049 1.04425583695662e-09 10593.62304688
16149010 149.171689814815 168.472657957078 1.82652299125456e-10 10057.24218750
16149011 149.193784722222 173.439877292006 2.19831885573087e-10 8547.12792969
16149013 149.215393518519 170.122454302491 1.84594855063868e-10 7351.48144531
16149014 149.240138888889 170.707693389793 2.15128975040486e-10 6276.24951172
16149024 149.36505787037 172.800368899922 4.18695821890912e-10 23002.22265625
16149025 149.370578703704 169.35236256626 7.93402022742769e-10 21443.76367188
16149044 149.774722222222 76.9339117142202 1.44308403919355e-09 31297.68554688
16149048 149.828356481482 73.1419875809155 3.32423773969097e-09 23517.18554688
16149049 149.842118055556 71.6185576434901 1.86985960925269e-09 22484.53320312
16149050 149.863645833333 69.8629914547815 1.71314321598077e-09 20718.68945312
16149051 149.885023148148 71.2675893805483 3.66521554777061e-09 20002.15429688
16149052 149.891956018519 70.4146352373005 1.81594344969069e-09 18958.93945312
16149053 149.913842592593 69.6543230920984 1.84489556480385e-09 17802.57226562
16149054 149.935081018519 69.7843054075984 1.59863540024246e-09 16841.54296875
16149055 149.957071759259 70.6094876574084 1.48559659773907e-09 15219.12890625
16149056 149.97806712963 68.6717777200851 1.58079708878704e-09 14080.97070312
16149057 149.999618055556 70.6292340244228 3.36742717403633e-09 13356.64257812
16150001 150.008136574074 94.220244742241 0.664539433862978 12839.22558594
16150003 150.02875 70.8992681462959 1.88785790361352e-09 11528.40332031
16150004 150.041516203704 70.8388483085434 2.05221098731188e-09 10668.00390625
16150010 150.105717592593 76.9105452676892 1.7034088868972e-09 34678.63671875
16150011 150.127511574074 76.0168208607568 2.53923551528583e-09 27832.13671875
16150012 150.149108796296 76.854475874548 1.96103842691289e-09 25319.81640625
16150013 150.170671296296 75.2793682093964 2.46009550901812e-09 22643.81445312
16150014 150.186319444444 74.664599771659 1.66330744329081e-09 20710.55859375
16150015 150.208032407407 76.0212974372691 1.55098155472778e-09 19203.60351562
16150016 150.2303125 74.9455576995195 1.78731582689147e-09 16275.76074219
16150018 150.247662037037 73.4144649607108 1.59585076588035e-09 14981.00000000
16150019 150.262175925926 71.9830033390924 1.29483375290217e-09 14110.88867188
16150020 150.287939814815 72.4786632164588 1.3278642239839e-09 13122.66992188
16150021 150.310208333333 70.5797028800373 1.43242990201042e-09 12474.81835938
16150022 150.332071759259 70.2049264478084 1.63040678768799e-09 11824.55371094
16150023 150.356018518519 71.2852615100982 1.41492782868889e-09 11083.78417969
16150024 150.379502314815 71.2976895908936 1.63228280856791e-09 10645.53125000
16150042 150.632696759259 81.0210448706474 6.62669509313913e-09 40010.66406250
16150044 150.637465277778 79.2937309349586 2.10216056013888e-09 37677.55859375
16150045 150.659282407407 77.9852677679543 1.88533606312037e-09 32509.25781250
16150046 150.680752314815 77.5421706467192 2.07793442870672e-09 29813.23046875
16150047 150.702696759259 116.382955251521 0.36520583757476 27384.61914062
16150048 150.703784722222 77.5106358097771 2.24274318625016e-09 27439.19140625
16150049 150.7253125 77.657299805369 2.44911321646811e-09 23953.22265625
16150050 150.745717592593 77.9122030629193 5.02343498126322e-09 22333.01757812
16150052 150.754363425926 73.0054335489209 1.88255269105746e-09 21139.31054688
16150053 150.775960648148 74.4388438996424 2.96069319347262e-09 19159.84570312
16150054 150.783391203704 74.1004225605638 1.47488022562046e-09 18341.87304688
16150055 150.804814814815 73.166311118905 1.53782049190638e-09 17299.08007812
16150056 150.826087962963 73.3164117876533 1.59415020457279e-09 15664.91699219
16150057 150.847604166667 73.7706843775425 1.65400687403525e-09 14569.83398438
16150058 150.865023148148 73.583502988776 2.05700568021509e-09 13583.20019531
16150059 150.878645833333 70.2754234563395 1.56038579281822e-09 12421.20800781
16150060 150.899409722222 70.5581929624177 3.62175594272607e-09 11401.53222656
16150061 150.904861111111 71.3650022546434 2.16971934136235e-09 11280.91601562
16150065 150.967777777778 79.4185394300611 2.30130848187869e-09 42884.07031250
16150066 150.99162037037 77.9079643414996 2.47964102042866e-09 34937.87109375
16151001 151.013217592593 75.7543937105016 1.6992325253543e-09 30762.84375000
16151002 151.035393518519 76.7546774651909 2.15544934787651e-09 28615.29492188
16151003 151.057372685185 73.2909200378478 1.0959248986091e-08 25496.78320312
16151004 151.05912037037 74.9561376366662 1.05845082102201e-08 24846.33203125
16151005 151.060902777778 73.1998361109441 2.34172259759269e-09 24913.57812500
16151006 151.083090277778 73.7590811252884 4.54182532761534e-09 22491.14453125
16151010 151.094548611111 2.56281231052135 1.29424079588243e-10 20663.86523438
16151021 151.300972222222 78.2921108667538 6.63194395719842e-07 36359.56250000
16151022 151.325150462963 77.5284464707077 1.49319142379383e-09 32340.07617188
16151023 151.335543981481 76.5420544122555 2.17383276502404e-09 30233.46289062
16151024 151.345763888889 73.7734899357918 1.59178135892225e-09 28467.94335938
16151025 151.359756944444 74.8920352527584 2.04193271448601e-09 26825.21875000
16151026 151.381585648148 74.8362540668274 2.46382496628038e-09 24742.21679688
16151027 151.397696759259 72.8297640552522 1.97679209891621e-09 22341.77148438
16151028 151.419328703704 74.8340044762647 1.41004798282063e-09 20588.95117188
16151029 151.443055555556 73.2963798592721 1.41966142147427e-09 18432.26757812
16151030 151.465185185185 73.2125993427586 2.11792496750217e-09 16072.35449219
16151031 151.476875 72.9986400088783 1.41144720948845e-09 15893.87988281
16151032 151.499386574074 72.3476743065824 1.35476741750731e-09 14427.71582031
16151034 151.533344907407 72.8450805869279 1.57274031083092e-09 12506.13671875
16151035 151.548842592593 72.5927728655462 1.72264755356223e-09 12042.69824219
16151041 151.627766203704 81.9138884039263 2.04725276083177e-09 41028.50000000
16151042 151.649375 78.1605756875166 2.18654948756996e-09 33046.83203125
16151043 151.670659722222 75.8091031564779 2.89624086067408e-09 28588.00976562
16151044 151.691203703704 74.386449064169 3.20586427234052e-09 25284.12500000
16151045 151.712418981481 74.9882443940517 2.14101903115913e-09 24643.60546875
16151046 151.733900462963 73.8087943821205 2.19038887699338e-09 22455.90234375
16151047 151.753958333333 335.582686599329 0.859771260295907 21023.62890625
16151048 151.754872685185 73.5076001518385 1.83669722380512e-09 20595.01757812
16151049 151.776122685185 74.2260868891154 1.55946144802549e-09 19127.51171875
16151050 151.797662037037 73.1877399409337 1.7737458216332e-09 17820.60742188
16151053 151.819085648148 72.911017453617 1.90076630007638e-09 16296.19140625
16151054 151.831099537037 71.7712222420964 8.45607924316104e-09 15361.99414062
16151055 151.832372685185 72.8522532165348 1.47337596907148e-09 15591.77832031
16151056 151.854456018519 71.336571551907 1.4236813432471e-09 14419.75292969
16151057 151.879837962963 72.1225492302559 3.21567431108059e-09 13171.45312500
16151062 151.903032407407 70.5410869283381 1.81682039772003e-09 12822.63378906
16152007 152.09 80.0232508494373 2.47175719794623e-09 41997.21484375
16152008 152.11244212963 79.7161734622906 2.86504670848558e-09 35238.03906250
16152009 152.134016203704 77.9465282562226 1.96105809859265e-09 31374.08789062
16152019 152.290451388889 78.1106844184902 3.67668641618929e-09 45711.08203125
16152020 152.312164351852 200.081251968281 0.511909096892998 38755.42968750
16152021 152.313136574074 78.3492188744273 5.40008546698047e-09 37407.41406250
16152022 152.334861111111 77.1086249123732 1.893921182356e-09 32083.57226562
16152023 152.361296296296 73.9201764013799 4.04806483270792e-09 27392.79882812
16152024 152.364965277778 72.1918303505824 2.49305302789699e-09 26507.97851562
16152025 152.386689814815 72.9430178006698 2.37359878260728e-09 23922.42968750
16152028 152.433217592593 71.7914128751242 1.63312031749221e-09 19735.59765625
16152029 152.454791666667 70.617969795042 1.86145894869405e-09 17816.99804688
16152030 152.477372685185 70.64246785244 1.53984039158669e-09 17089.48828125
16152031 152.499039351852 68.3837891065392 1.5947134313289e-09 15801.73339844
16152032 152.520706018519 69.4446568252202 1.75424077912238e-09 14733.58886719
16152033 152.537962962963 69.8193810913527 3.57169819280206e-09 13373.53417969
16152034 152.546840277778 70.7415474336821 1.8279858023054e-09 12673.71679688
16152035 152.564479166667 68.8073899491946 1.78460766111982e-09 11982.51757812
16152045 152.744351851852 76.9806373732049 2.43379412570454e-09 40422.71093750
16152046 152.765162037037 76.5861428975059 1.56951445700067e-09 27501.95703125
16152047 152.786157407407 70.9586790620968 1.80444025237368e-09 21932.09765625
16152048 152.80875 70.6987677196982 6.30842972894119e-09 22735.06250000
16152049 152.8153125 72.4918189417857 3.43484734115946e-09 22641.59375000
16152050 152.836759259259 76.2654732298367 4.72303089616106e-09 21998.76562500
16152051 152.862222222222 73.2079902908942 4.50882579982407e-09 19642.22656250
16152052 152.878553240741 75.9358418234598 2.96076210173133e-09 18410.09960938
16152053 152.899884259259 73.4083879088367 1.16694746717305e-08 16539.11523438
16152054 152.902037037037 72.5695386372399 2.79799861693806e-09 16513.35156250
16152055 152.923460648148 72.9806704035999 2.62923251543582e-09 14875.62695312
16152056 152.937800925926 74.5392895097518 3.57059042938847e-08 14605.07421875
16152057 152.943900462963 69.3450957002269 1.68401911244069e-09 13824.00195312
16152058 152.9653125 67.854251846338 1.53870678592692e-09 13031.46582031
16152059 152.994699074074 67.6345734217242 1.73187063316997e-09 12277.22753906
16153001 153.016238425926 66.8426629044232 2.42935760296365e-09 11427.43945312
16153007 153.087638888889 75.6179050308739 2.70607328117666e-09 46305.95312500
16153009 153.111469907407 73.2400098830705 1.92700731372719e-09 35685.55468750
16153010 153.133321759259 72.5823434604933 1.43596594731169e-09 31554.19140625
16153011 153.159097222222 72.2905589865718 1.59216060769706e-09 27802.12109375
16153012 153.181921296296 72.0551834562996 2.41294288744932e-09 24774.38085938
16153013 153.191469907407 70.8898508677837 2.0035835135181e-09 23190.65429688
16153014 153.207928240741 71.5669788997471 1.97918657324036e-09 21255.59375000
16153015 153.227847222222 70.4780132163431 1.5995112226057e-09 19803.91015625
16153016 153.249641203704 68.9217448522554 1.61644047411703e-09 17497.88281250
16153017 153.271712962963 69.0791517422081 6.04094191477583e-09 16630.34765625
16153019 153.287800925926 70.332898054656 1.43755255586403e-09 15741.58300781
16153020 153.309768518519 69.2516139997729 5.64781472578907e-09 15302.78906250
16153021 153.312488425926 69.2924265494966 1.54399241143882e-09 15093.28808594
16153022 153.334224537037 69.5171045734576 1.74109872118843e-09 14389.51171875
16153032 153.616319444444 77.7101665968093 1.6035812958882e-09 46000.32812500
16153033 153.640034722222 78.725797637096 4.76327952676157e-09 31848.89648438
16153034 153.647743055556 80.2695306165748 2.2084578954229e-09 29731.36718750
16153035 153.668877314815 77.6751131523642 4.09967445032033e-08 27237.26562500
16153036 153.672152777778 79.8244529045524 1.47904367380319e-09 26762.45898438
16153037 153.688634259259 79.2744565273716 2.21510180433501e-09 24916.07421875
16153038 153.700324074074 79.208060167688 0.0035419666119554 23006.74414062
16153039 153.722002314815 79.3361833611641 1.13783835056872e-09 21555.32812500
16153040 153.748888888889 76.9113526592553 1.3454813522733e-09 18688.60742188
16153041 153.771342592593 74.6292613566057 1.26522832729687e-09 16966.97265625
16153042 153.792951388889 74.0119012035263 1.22246317742124e-09 15749.92968750
16153043 153.814583333333 73.3291042830603 1.22811561500003e-09 14783.54394531
16153044 153.837002314815 71.4568372511419 1.31589466593547e-09 13824.00195312
16153046 153.860520833333 71.3644973161629 3.42988786601183e-09 12268.34570312
16153047 153.871261574074 73.0040190777953 1.25100408778791e-09 12384.03320312
16153048 153.89369212963 73.4589126575246 1.57799335397369e-09 11303.85253906
16154003 154.153854166667 83.7359981013877 3.2369290585241e-09 47836.79296875
16154004 154.174212962963 79.5263728465988 2.36217608115201e-09 40673.75781250
16154005 154.192546296296 77.7384860603822 1.83057212769225e-09 37440.16015625
16154006 154.2159375 74.981888600271 1.5374697187128e-09 33729.02343750
16154007 154.238113425926 76.0515148086517 3.61789696731756e-09 30132.49609375
16154008 154.241481481481 74.6100620583555 1.74816371850859e-09 28879.98828125
16154009 154.256875 76.4838669871887 1.6298443300479e-09 27411.90625000
16154010 154.271701388889 82.1237886981956 0.114477215724989 24220.59765625
16154011 154.275497685185 77.1702826802708 2.4977073306864e-09 23238.61132812
16154021 154.983564814815 113.594882224239 0.243233975833875 48322.51953125
16154022 154.985810185185 78.6108459552722 2.27455196365134e-09 46835.33593750
16155001 155.007685185185 76.6574818176605 1.85861727917442e-09 39694.12500000
16155002 155.029143518519 74.0626689525793 1.5455092973834e-09 35235.30468750
16155003 155.052048611111 72.9430070343596 1.5490073787658e-09 32367.36132812
16155004 155.07443287037 73.3788436525083 1.67175810251394e-09 29109.20898438
16155005 155.088738425926 74.6305769109563 6.79500988590042e-09 27772.10351562
16155006 155.090069444444 73.7689903692375 2.07432958869154e-09 27597.46289062
16155007 155.108252314815 73.2474866567748 1.45017990372194e-09 23816.20703125
16155008 155.12974537037 70.4378060820228 1.48500405452753e-09 20273.75195312
16155011 155.154351851852 71.2761861085566 2.84411064964859e-09 18615.89648438
16155012 155.164664351852 71.5659772037172 1.38296208750702e-09 18114.55859375
16155013 155.187395833333 71.5972337766684 1.41232199722338e-09 16723.62304688
16155014 155.20900462963 69.9243775760287 1.49642076993723e-09 15633.30957031
16155015 155.236099537037 70.9090526056693 1.45251283319694e-09 14123.49414062
16155016 155.257465277778 69.9742965589713 1.62438029171812e-09 13444.28417969
16155017 155.279293981481 223.022095993473 0.434663584056922 12804.54394531
16155018 155.281006944444 69.1117448637256 5.64711793929067e-09 12450.97851562
16155019 155.283159722222 68.0474310388953 1.59023065409919e-09 12648.21972656
16155028 155.6796875 78.2045507452382 1.94957552580181e-09 43899.17578125
16155029 155.70130787037 58.0970003777494 7.86538698823765e-09 34705.92578125
16155030 155.706990740741 77.2654257318756 1.4996305604854e-09 33900.93750000
16155031 155.728726851852 76.2811925429439 0.0420831744160061 29971.50195312
16155032 155.749988425926 74.5303348865467 1.75943057886371e-09 27840.32421875
16155034 155.775046296296 73.4210848452534 2.12134637992413e-09 24460.10351562
16155035 155.795590277778 72.6136485631211 3.38520838638108e-09 22039.72851562
16155036 155.802789351852 72.5457959962937 3.10183703466973e-09 21228.54492188
16155037 155.810046296296 72.0829926212409 1.48413638441894e-09 20588.95117188
16155038 155.834270833333 70.6608662769756 1.51585429683403e-09 19341.25781250
16155039 155.855821759259 297.191094299214 0.673460988395204 18327.14648438
16155040 155.85806712963 70.1670547448306 2.00816863725086e-09 17628.28125000
16155041 155.874456018519 71.0968992930976 1.37215847388446e-09 17249.61328125
16155042 155.896400462963 69.7395619017325 1.54822107881272e-09 16053.78027344
16155044 155.919155092593 67.0608864100258 2.90240833985578e-08 15261.74707031
16155045 155.920462962963 69.4682647360673 2.74155730700344e-09 14680.50781250
16155047 155.930127314815 69.5056451240743 1.47483518036507e-09 14291.05175781
16155048 155.95162037037 69.4154331501149 1.82252925761673e-09 13808.40625000
16156005 156.1228125 80.9799035944477 2.26622618447137e-09 46314.13671875
16156006 156.144386574074 81.0094622817798 4.70021585938395e-09 35085.22656250
16156007 156.150555555556 76.7998102707984 1.37522169491877e-09 33423.39843750
16156008 156.172581018519 76.6518328296163 1.26367866403585e-09 29392.99804688
16156009 156.194201388889 73.5580458402347 1.92916419057041e-09 26787.01757812
16156010 156.216747685185 80.0646661248845 0.0989984856637985 24901.10742188
16156011 156.220729166667 73.0978970783906 2.03733683629968e-09 24280.79101562
16156012 156.235671296296 72.8275458775394 2.51515329113479e-09 23837.40625000
16156013 156.245069444444 72.5006517445893 1.39130732121848e-09 22343.95898438
16156014 156.266481481481 72.3565746446774 1.58234931957929e-09 21414.38476562
16156015 156.287951388889 72.0736437677616 1.34058456426767e-09 19982.45312500
16156017 156.311157407407 71.6227174182664 1.40955357863401e-09 18580.55078125
16156019 156.333726851852 72.5325511804054 1.36934329027342e-09 17554.96484375
16156020 156.355277777778 71.3526669330054 1.42486748802494e-09 16383.18847656
16156021 156.380405092593 72.5827900316987 1.45775340072323e-09 14799.67480469
16156022 156.402349537037 72.0397364799867 1.94835737595785e-09 13092.22070312
16156028 156.490219907407 75.6113107268424 1.09472997218467e-08 3236.76586914
16156030 156.501388888889 71.9145966035869 8.40489762992551e-09 2917.51196289
16156031 156.514652777778 72.7050311394306 9.66658134001189e-09 2801.68457031
16156032 156.524826388889 76.3130752610231 1.41701025303943e-08 2789.69091797
16156033 156.531076388889 71.2268506251388 5.73365134347316e-09 2666.77294922
16156034 156.559166666667 76.434274442024 3.12865788624995e-08 2603.88500977
16156043 156.70380787037 78.351624132918 2.06145574609427e-09 40280.82031250
16156045 156.72412037037 75.3697476253674 2.7547029745524e-09 36002.09375000
16156048 156.764756944444 73.8797644438286 1.33581285279575e-09 29769.56835938
16156049 156.786481481481 73.1173473664497 1.7684122692367e-09 26247.44726562
16156050 156.808576388889 72.9300715912856 1.9022408024234e-09 23140.53906250
16156051 156.827685185185 71.3445221036435 1.61105133130328e-09 21288.92968750
16156052 156.849583333333 68.8770730816484 1.71373942762788e-09 19817.59765625
16156053 156.871157407407 68.1156024663798 1.57927409663134e-09 18465.55468750
16156054 156.893217592593 68.7009234372219 1.56149817140917e-09 16784.25390625
16156055 156.914722222222 69.2527618097711 7.18767501026824e-09 16139.95507812
16156056 156.919652777778 68.4704002385243 1.35828994440706e-09 16050.40332031
16156057 156.951018518519 67.49818246059 1.6571559977493e-09 14227.70898438
16156059 156.973344907407 67.9454366641319 2.96590184879108e-09 13536.82324219
16157004 157.072962962963 80.3490552417376 2.50269337896514e-09 49190.26953125
16157005 157.09474537037 77.5364222685905 1.82160510873107e-09 38635.36328125
16157006 157.116296296296 77.2399715348459 1.48764206390667e-09 34378.47265625
16157007 157.137939814815 76.3643863852475 1.83927877838105e-09 31082.11132812
16157010 157.155844907407 75.1700291334441 3.98625247003869e-07 29772.29882812
16157011 157.157685185185 74.1148443629607 3.79566149444596e-07 28536.16210938
16157013 157.162164351852 76.5019688612336 1.2922554865618e-09 28607.10742188
16157015 157.185439814815 74.2640380559294 3.05092048256605e-09 25584.63867188
16157016 157.193819444444 74.2890973683195 2.47842259648059e-09 24392.05468750
16157017 157.209282407407 74.8220837976027 2.72759778287377e-09 22952.56835938
16157018 157.216412037037 74.6319245575382 1.91961543887202e-09 22046.20703125
16157019 157.231655092593 73.4101112919619 2.30980752760354e-09 21153.81250000
16157020 157.245092592593 73.6580715778511 1.4814320222735e-09 19529.88867188
16157021 157.267233796296 72.5546701622583 1.50579776376349e-09 17967.16210938
16157022 157.28875 73.1075324870813 6.4652705642988e-09 16734.00585938
16157024 157.297592592593 71.8305840179051 1.47488223056306e-09 15856.98437500
16157025 157.324178240741 72.8203240891189 1.55451578099987e-09 13819.32324219
16157026 157.3459375 72.5565649789985 1.39123818508825e-09 12287.59667969
16157027 157.3678125 71.4810029601534 2.41754436938484e-09 10838.42089844
16157034 157.4365625 79.6520126554629 1.64895077737851e-08 42218.24609375
16157035 157.439467592593 79.0051636720614 2.13375324138947e-09 40572.80078125
16157036 157.458113425926 75.9521263542985 1.74870220778457e-09 34667.72656250
16157037 157.479722222222 76.8150002437851 1.42894544845032e-09 31777.94921875
16157038 157.501365740741 74.7667661552347 1.36905899418314e-09 28342.41992188
16157039 157.523993055556 74.9740713421641 1.61588573462616e-09 27032.60742188
16157040 157.550150462963 74.3953135727599 1.93409741630399e-09 23272.93359375
16157042 157.586134259259 73.6708943050502 1.41511351771166e-09 19398.84570312
16157043 157.607731481481 73.542236456687 1.43977252775362e-09 17421.37890625
16157044 157.629560185185 73.1525308625428 1.40272680707539e-09 15080.24707031
16157045 157.652222222222 73.0050400551151 1.46965027977739e-09 13594.03417969
16157046 157.675208333333 73.1024440476369 1.47553417150826e-09 12462.89550781
16157047 157.694965277778 72.7441654341573 3.54157807849193e-09 11567.43457031
16157048 157.699710648148 72.8008250854516 6.3296328615136e-09 11190.76367188
16157049 157.701388888889 72.9785512125157 2.48783939896442e-09 11165.05566406
16157050 157.708136574074 74.0227811598289 3.58927111145583e-09 10842.66015625
16157059 157.812291666667 83.3587403310947 4.17953974892236e-09 51048.56250000
16157062 157.833900462963 78.5628934775956 1.9221188577242e-09 39964.27343750
16157063 157.855405092593 78.039336701251 1.42758120700412e-09 35295.34375000
16157064 157.877199074074 75.655071522922 1.38962214667367e-09 32844.89843750
16157065 157.898888888889 75.2594529681914 1.77573311249013e-09 29125.57812500
16157066 157.92056712963 74.8410807563066 2.22013286617671e-09 27409.17773438
16157067 157.930289351852 74.3943696469719 5.80446677484823e-09 25519.99804688
16157068 157.937615740741 75.6597564543582 1.47879052771387e-09 24213.38671875
16157069 157.959328703704 73.3945715574688 2.31124275373307e-09 21345.29687500
16157071 157.98 72.3284541210147 5.45415429936252e-09 19028.87890625
16157072 157.985706018519 72.5292484856145 2.1985814342665e-09 18016.19921875
16157073 157.997349537037 70.9378302270686 1.50023717765475e-09 17302.61523438
16158001 158.019930555556 72.0365479089003 2.16752716350527e-09 15823.48339844
16158002 158.03412037037 72.6017131299874 1.8179554143902e-09 15026.51367188
16158003 158.047893518519 71.7580317711235 4.01632884067218e-09 14227.70898438
16158004 158.052581018519 71.9878293397271 3.225332514483e-09 14093.56250000
16158005 158.058564814815 71.2934899427762 1.53441817154102e-09 13561.54882812
16158006 158.08224537037 72.7187946734593 2.14112951222927e-09 12431.62207031
16158015 158.219386574074 80.0349083988708 1.63271025089346e-08 49806.97265625
16158016 158.225590277778 80.6990538914567 2.54491033191739e-09 46232.26953125
16158017 158.245381944444 75.3252460715478 1.91762010983833e-09 38992.83203125
16158018 158.266851851852 74.7791594539763 1.45262441029572e-09 32754.84765625
16158019 158.290810185185 74.6941387756869 1.47825870535265e-09 30282.57812500
16158020 158.313414351852 74.9487915034206 1.69734430982146e-09 28405.18164062
16158021 158.334421296296 85.2768487328905 0.134479398728547 25898.32421875
16158022 158.337037037037 73.7904813371165 4.66961400792361e-09 26033.39062500
16158023 158.341574074074 74.2582761337006 1.54087127122479e-09 24304.92578125
16158024 158.362986111111 75.0696433687507 2.41517134718489e-09 21807.91210938
16158025 158.385115740741 74.0966940569307 4.92253101246541e-09 20023.84570312
16158026 158.391331018519 73.258493934931 1.59043482148619e-08 20100.91210938
16158027 158.392465277778 74.8211922527564 2.40340511427831e-09 19404.61328125
16158028 158.401145833333 72.8485483721826 4.27877838398134e-09 19144.62109375
16158029 158.410532407407 74.1894074168153 2.21179695968756e-09 18043.48242188
16158030 158.418055555556 74.3981060325366 1.23623410465939e-09 17538.89648438
16158031 158.439814814815 73.8829837220752 1.44000506619646e-09 16366.10546875
16158032 158.474259259259 72.3455913608462 7.79752615204765e-09 12920.81347656
16158033 158.478009259259 73.1563496270996 1.36512454283482e-09 12742.81835938
16158034 158.499965277778 74.1135591722432 3.82070831316374e-09 11758.97949219
16158039 158.569699074074 204.205215112039 0.522275296278481 44600.46875000
16158042 158.57337962963 80.4578233965784 4.09409912080421e-09 40870.23046875
16158043 158.578321759259 79.633237642055 7.5368663059058e-09 38632.63281250
16158044 158.585289351852 77.7973785579504 6.07298385144418e-09 36097.59765625
16158045 158.588171296296 77.3538913459997 1.76984921596303e-09 35183.46093750
16158046 158.60099537037 78.0173873840183 1.99096507365914e-09 31578.74609375
16158047 158.610405092593 76.0959062543143 1.36138352254184e-09 32012.62304688
16158048 158.630439814815 75.5420438543467 1.7319794271653e-09 29054.63476562
16158049 158.652395833333 74.6606413677799 1.52587161576976e-09 26573.75976562
16158051 158.675162037037 74.5767882260946 1.93978689329352e-09 24353.28125000
16158052 158.692048611111 73.6002967031349 1.69431591325322e-09 21707.80273438
16158060 158.821076388889 77.1157409672682 1.43980406652807e-09 37052.67187500
16158061 158.845173611111 75.6225483646999 1.04805006754909e-09 29758.65234375
16158062 158.868587962963 72.6469441558878 2.01746528035383e-09 26320.30664062
16158064 158.891030092593 72.6649887675044 1.77372317358417e-09 24447.93359375
16158066 158.917071759259 71.3394382375031 1.71546143127733e-09 22746.21679688
16158069 158.959097222222 71.7242791481245 1.50436382853623e-09 19414.22656250
16158070 158.980671296296 70.2963892414692 1.63946730628216e-09 18145.60546875
16159002 159.004386574074 70.9571700637613 1.43319567880808e-09 17121.08398438
16159003 159.025902777778 70.5718276544337 1.50521420267336e-09 16313.22753906
16159004 159.047476851852 70.4547689730972 1.95672773784866e-09 14825.50683594
16159009 159.126006944444 82.3861036225044 3.31536477431826e-08 49555.92578125
16159010 159.128310185185 82.0109366840645 2.87413640150509e-09 48183.35156250
16159011 159.146944444444 78.7296459409837 1.7702912019995e-09 39404.87890625
16159012 159.168888888889 76.6451048252066 1.53519663442377e-09 34203.82812500
16159013 159.19037037037 76.2169352140533 1.26434317409996e-09 31737.01757812
16159014 159.214363425926 74.6323574941974 1.75492428910926e-09 28006.78125000
16159015 159.235763888889 72.5752547449727 3.18714228638231e-09 24523.51562500
16159017 159.25130787037 75.5335468614091 1.53543669262636e-09 23531.09960938
16159018 159.272523148148 74.955611339829 1.40091153577219e-09 20639.54296875
16159019 159.298657407407 174.700474910999 0.986956992104358 15825.15820312
16159020 159.299930555556 76.6188339863862 1.62783842047672e-09 15465.90625000
16159023 159.323287037037 73.1922210088255 1.55124195967564e-09 12032.41601562
16159024 159.345266203704 71.637291357605 2.13006891920559e-09 10658.17089844
