16125024 125.401331018519 161.581205737644 4.50412469486322e-10 12448.28125000
16125035 125.63181712963 115.961130565033 8.58319935196505e-10 33753.32421875
16125039 125.665798611111 100.482049119418 9.11361452725947e-10 16631.09960938
16125042 125.689236111111 99.9284348028413 1.57286180757062e-09 13003.22265625
16125043 125.695972222222 99.1949370826412 9.43769034753689e-10 12372.89355469
16125050 125.73931712963 105.85764936229 8.22460759480622e-10 10075.71582031
16125052 125.765763888889 87.8050114525607 4.19353939295809e-09 8519.01367188
16125053 125.771423611111 86.3967316843721 1.19263451183547e-09 8683.20312500
16125054 125.792789351852 89.8445155726752 1.11418469161094e-09 7671.42431641
16125056 125.817395833333 89.6497367394142 1.15823852727417e-09 7302.58984375
16125057 125.840347222222 83.8345759535508 1.46134128793854e-09 6860.56494141
16125058 125.861909722222 81.2346397233858 1.63730718992752e-09 6402.79736328
16125060 125.886180555556 86.3167162349756 1.4851265485583e-09 5804.92333984
16125061 125.909027777778 89.5126003901194 1.32989837561619e-09 5475.61621094
16125062 125.930798611111 93.3295351302274 1.2527166143943e-09 5294.97509766
16125063 125.952222222222 90.2901658055668 3.90105862582891e-09 4746.61962891
16126006 126.083321759259 85.2853735310341 1.10228658870359e-09 17911.49023438
16126007 126.105902777778 80.2997513405545 1.25585462138844e-09 14368.15625000
16126008 126.129351851852 78.3735608556623 1.61287735322533e-09 12368.71777344
16126009 126.149525462963 77.4199729025569 1.44126832373365e-09 11550.00292969
16126010 126.172048611111 74.1284875956534 1.61468535931441e-09 10755.90429688
16126011 126.197060185185 73.1352002988957 1.73959176419042e-09 8929.53320312
16126012 126.219652777778 71.617650242914 1.87356573822688e-09 8699.72070312
16126013 126.241331018519 71.9760564091254 1.67941050787763e-09 8340.45117188
16126014 126.268240740741 71.9325730440842 6.1700332913929e-09 7662.16943359
16126015 126.27369212963 77.6584545631779 2.24457742797765e-09 7554.60839844
16126016 126.295925925926 77.577358417221 2.34144358065258e-09 7399.25000000
16126017 126.318703703704 71.7746457050495 1.95207842799103e-09 7338.76416016
16126018 126.340729166667 71.4525030303612 2.59069579049684e-09 6784.75146484
16126030 126.496377314815 97.6222443114972 7.92166278382224e-10
186821.28125000
16126031 126.517546296296 91.4869461739957 9.72679133045187e-10 48627.44531250
16126032 126.538715277778 84.6423316212067 1.11982900151344e-09 26487.84375000
16126033 126.560555555556 81.4657957655195 1.21330726386101e-09 20852.74414062
16126034 126.582164351852 92.6735693529485 8.16168228556057e-10 24384.67578125
16126035 126.606944444444 100.617090580931 1.09692646583592e-09 25544.29101562
16126036 126.619386574074 99.260909887836 7.5886649286586e-10 23994.22460938
16126037 126.639965277778 88.0201512704352 9.72788580069183e-10 23047.03515625
16126038 126.66150462963 82.5442113324575 1.13757138878918e-09 20355.79492188
16126039 126.683078703704 83.2171972966464 1.13238111591589e-09 19262.87695312
16126040 126.704571759259 81.5883019784665 1.21943757593695e-09 15738.56738281
16126041 126.726168981481 87.5828745856822 1.13159552544575e-09 14932.60351562
16126042 126.750497685185 98.8423671754812 8.0491197249735e-10 12723.42089844
16126043 126.772083333333 100.268815792318 9.40017684245902e-10 10759.68359375
16126044 126.793449074074 98.459388465396 9.40761511779932e-10 9637.10156250
16126050 126.914409722222 110.59120788734 6.41987743189942e-10 213744.29687500
16126051 126.932546296296 106.394700926605 8.21899028661686e-10
174479.03125000
16126052 126.954178240741 108.036713861107 8.37853696604046e-10
146164.50000000
16126053 126.975694444444 110.621454103455 9.58360077774649e-10
109258.81250000
16127005 127.013819444444 104.695932970794 1.06374088917254e-09 44186.38671875
16127006 127.026979166667 106.919528593145 2.19357230669799e-09 39443.72656250
16127007 127.034502314815 115.327516379382 7.15637869735474e-10 35611.57421875
16127008 127.053819444444 95.6008333342012 9.79878056568147e-10 25741.50390625
16127009 127.075439814815 89.8298895165433 1.12056574811785e-09 21661.72070312
16127010 127.097280092593 98.7014000926952 8.66540502587231e-10 18703.30859375
16127011 127.122222222222 110.914824321418 7.34840828448608e-10 14204.22753906
16127012 127.144108796296 95.1350292995546 1.38851191836379e-09 12916.62597656
16127013 127.160486111111 96.207489149509 9.8327725145113e-10 12078.88281250
16127014 127.184560185185 99.6286988292898 9.86577987380289e-10 10312.62304688
16127015 127.206076388889 94.5053097019653 1.12395131118821e-09 9214.09765625
16127016 127.228368055556 95.5382776837257 1.57748353158251e-09 8176.75244141
16127017 127.340150462963 105.09956190128 6.44265896700751e-10 336743.12500000
16127018 127.363981481481 86.4076530175635 1.03693752705957e-09
224755.46875000
16127019 127.385358796296 72.8709798964446 1.52201970956636e-09 31407.50000000
16127020 127.407118055556 74.2579026211104 1.39235737318998e-09 30347.59960938
16127021 127.428738425926 74.4544107050636 1.57546544233811e-09 29237.40234375
16127022 127.450173611111 73.14143431468 1.30439372163949e-08 10059.40234375
16127023 127.453530092593 75.3065496588792 2.46542390990416e-09 9719.55664062
16127024 127.463518518519 75.8901527425015 3.55044722245752e-09 9396.48535156
16127025 127.469756944444 75.4772511336366 1.49087990136923e-09 9028.96679688
16127026 127.49150462963 74.5744283023963 1.60110686229182e-09 8316.97753906
16127027 127.512951388889 74.5181446306445 2.66164556535047e-09 7894.54882812
16127028 127.528761574074 75.3487759012667 1.59701168971339e-09 7195.67236328
16127029 127.550162037037 73.730978234419 1.6971233322574e-09 6665.35400391
16127030 127.571458333333 76.1710104202841 1.87725003946911e-09 5907.48974609
16127031 127.588923611111 77.5379797648081 1.57986890765172e-09 5585.35351562
16127032 127.609803240741 78.3734129222766 1.6233741989616e-09 5197.79638672
16127033 127.629305555556 78.86897621654 2.61921444121921e-09 4941.38867188
