16125035 125.63181712963 0.0300930585609283 6.61516925362404e-05 16.66071701
16125039 125.665798611111 0.0292060270337716 5.39960387770535e-05 9.72828865
16125042 125.689236111111 0.0290169730678003 0.000101149457832945 7.67799282
16125043 125.695972222222 0.0288334186051288 6.02136773748855e-05 7.29884100
16125050 125.73931712963 0.0286474187791579 6.1679830847528e-05 5.86078548
16125052 125.765763888889 0.0284069886218022 0.000231697054196147 4.83951044
16125053 125.771423611111 0.0283218920849704 6.38318630083438e-05 4.94881248
16125054 125.792789351852 0.0284755251529965 6.67622950325772e-05 4.27022648
16125056 125.817395833333 0.0282984917127694 6.61512739659876e-05 4.02018070
16125057 125.840347222222 0.0281401384621262 7.01804834185738e-05 3.71910620
16125058 125.861909722222 0.0281646471017449 7.3433218874459e-05 3.40617204
16125060 125.886180555556 0.0282151876258277 7.82804383862446e-05 2.99688148
16125061 125.909027777778 0.0281671192290079 7.81657669566267e-05 2.77173638
16125062 125.930798611111 0.0280404156610628 8.08593768188673e-05 2.64850569
16125063 125.952222222222 0.0278567343916967 0.000239236983570489 2.27660298
16126006 126.083321759259 0.0287342558596075 4.73538086333466e-05 10.39897251
16126007 126.105902777778 0.0285463223955894 4.90568849136744e-05 8.47565079
16126008 126.129351851852 0.0284721913235053 6.08077325019769e-05 7.29630566
16126009 126.149525462963 0.028254010336426 5.43386613220767e-05 6.79371500
16126010 126.172048611111 0.0279156129510679 5.98243890115133e-05 6.29554605
16126011 126.197060185185 0.0280522942698285 6.66509690152693e-05 5.11213589
16126012 126.219652777778 0.0280249086557017 6.8783201170548e-05 4.95978928
16126013 126.241331018519 0.0280850012302829 6.18891889704155e-05 4.72025585
16126014 126.268240740741 0.0282279882984202 0.000230297538135704 4.26396751
16126015 126.27369212963 0.0280019576411208 7.03040501702786e-05 4.19116497
16126016 126.295925925926 0.0280971808201547 7.19769925971828e-05 4.08582544
16126017 126.318703703704 0.0280419818258512 7.20319465624802e-05 4.04475737
16126018 126.340729166667 0.0278567120317845 9.39713955402189e-05 3.66734409
16126030 126.496377314815 0.0300039109185063 3.57715357576381e-05 29.41123581
16126031 126.517546296296 0.0293248946604032 4.18145181511246e-05 13.14652157
16126032 126.538715277778 0.0289797777379738 4.50691291074093e-05 9.48541737
16126033 126.560555555556 0.0288887326420754 4.60685170453829e-05 7.89251900
16126034 126.582164351852 0.0291068730375658 4.33900869791089e-05 8.92718124
16126035 126.606944444444 0.0293325757553489 7.10379318395101e-05 9.24019718
16126036 126.619386574074 0.0290941914260977 4.8836410495771e-05 8.81890869
16126037 126.639965277778 0.0287432812182559 4.91830712162118e-05 8.55002213
16126038 126.66150462963 0.0285838353289863 5.1174281926437e-05 7.73681498
16126039 126.683078703704 0.0283998935921143 5.35874695696635e-05 7.38514233
16126040 126.704571759259 0.0282601770804839 5.57980590281807e-05 6.16306067
16126041 126.726168981481 0.0281349166164616 5.96275837105062e-05 5.86416006
16126042 126.750497685185 0.0282600230106285 6.23364055348937e-05 5.00701666
16126043 126.772083333333 0.0284346072324209 7.31398005842574e-05 4.19862700
16126044 126.793449074074 0.0281227164446671 7.67513748533002e-05 3.71772146
16126050 126.914409722222 0.0304101990843605 3.75193993487102e-05 20.83889389
16126051 126.932546296296 0.0299805114947505 3.63699034260954e-05 19.04298592
16126052 126.954178240741 0.0298285140861861 3.89388604493904e-05 17.74793816
16126053 126.975694444444 0.059542311736072 9.15158119835706e-05 16.05995369
16127006 127.026979166667 0.0284007254992966 0.000101011801761858 12.07475853
16127007 127.034502314815 0.0282030198873412 4.91851865253882e-05 11.45075893
16127008 127.053819444444 0.0278566271427573 4.95915626175146e-05 9.29214478
16127009 127.075439814815 0.0276465772947983 5.18285966929223e-05 8.14059830
16127010 127.097280092593 0.0275322322131361 5.12654941601653e-05 7.20016956
16127011 127.122222222222 0.0275711020791187 5.788998170893e-05 5.58768320
16127012 127.144108796296 0.027472661681052 7.7880901710166e-05 5.08420372
16127013 127.160486111111 0.0273374360680023 5.99834050218292e-05 4.74645090
16127014 127.184560185185 0.0272693782990941 6.61762215020103e-05 4.00866508
16127015 127.206076388889 0.0270770710411394 6.85061312761137e-05 3.53318644
16127016 127.228368055556 0.0272948106036323 0.000104853194074198 3.07372618
16127017 127.340150462963 0.0292621091919118 3.06719472968752e-05 26.46459389
16127018 127.363981481481 0.0284494035544601 3.46751089283593e-05 21.34252167
16127019 127.385358796296 0.0278971058448569 3.63738661619622e-05 13.04249859
16127020 127.407118055556 0.0278814959408762 3.81946036800357e-05 12.59937954
16127021 127.428738425926 0.0277415089880074 4.00064195650399e-05 12.13521290
16127022 127.450173611111 0.0275418461598037 0.000193965473378158 11.47649193
16127023 127.453530092593 0.0275848887960789 6.99643918458972e-05 11.08475304
16127024 127.463518518519 0.0274332722011952 9.02927356300117e-05 10.71173668
16127025 127.469756944444 0.0275293374526762 4.43901305945875e-05 10.28649998
16127026 127.49150462963 0.0274693912522853 4.60816798074767e-05 9.45933628
16127027 127.512951388889 0.0272047018398242 7.88562485382395e-05 8.96603775
16127028 127.528761574074 0.0271904937133466 4.81963008476043e-05 8.14517117
16127029 127.550162037037 0.0270709173500259 5.04310265175585e-05 7.51777267
16127030 127.571458333333 0.0270394345187988 6.10038979906327e-05 6.61384630
16127031 127.588923611111 0.0269900416315669 5.38119221840094e-05 6.22690868
16127032 127.609803240741 0.0269589623142311 5.74336005751001e-05 5.75919151
16127033 127.629305555556 0.0268732678752617 9.40991154935003e-05 5.44850254
16127047 127.8553125 0.0294826475228964 3.62907822318463e-05 13.86246586
16127048 127.881018518519 0.0318801484315242 7.3325211695136e-05 14.19101048
16127049 127.896261574074 0.0323077161368072 6.29337607429555e-05 12.34380531
16127052 127.939178240741 0.0285943352565021 5.11012569007876e-05 8.68429756
16127053 127.960590277778 0.0282375288385413 5.87574816568834e-05 6.60404110
16127054 127.978402777778 0.0281879130893346 0.000259238500378772 5.69503546
16127055 127.982974537037 0.0281658124425689 5.21725959654698e-05 5.52634907
16128001 128.006435185185 0.0279436154606451 5.33542509396269e-05 5.47221804
16128002 128.030810185185 0.0279499080767805 5.55331796398947e-05 5.23252249
16128003 128.052395833333 0.0280129137225355 6.36884385564661e-05 5.08992767
16128005 128.124953703704 0.0305709213418712 0.000225247538190086 26.64489555
16128006 128.126724537037 0.0301408812572862 0.000220565099097764 25.49110985
16128007 128.127928240741 0.030349317260423 3.1180161862458e-05 24.70853996
16128008 128.154849537037 0.202915830046752 0.000351331237509449 18.97221184
16128009 128.168078703704 0.0306162773069909 5.0716090091418e-05 16.48287392
16128010 128.181342592593 0.0304795322382406 4.5254585882084e-05 13.39367485
16128011 128.202939814815 0.030392761107549 4.80485113801264e-05 10.92898941
16128012 128.224537037037 0.0299781287343776 5.1885610499887e-05 8.82229710
16128013 128.246296296296 0.0291439870061901 0.000941964110726646 6.56347179
16128014 128.2490625 0.0291924747385758 0.000379639606073808 6.60544109
16128015 128.263414351852 0.0283892106186034 5.37180861679414e-05 5.94487858
16128016 128.286180555556 0.0285162500872317 7.07317661730173e-05 5.84776831
16128020 128.310694444444 0.0281679734958304 0.000167341220877467 5.26638794
16128021 128.314305555556 0.0280514244089325 5.62420354462091e-05 5.21821260
16128022 128.337175925926 0.0278531860602309 6.02056242916342e-05 4.72309446
16128028 128.439525462963 0.0301157328274238 4.5786875740035e-05 25.92754173
16128029 128.454548611111 0.0298666538099832 4.53813685319463e-05 23.54722786
16128030 128.46568287037 0.0298251909105001 3.57422387641802e-05 22.18525887
16128031 128.485844907407 0.0297040849253931 0.000147778658574197 20.20626259
16128032 128.490081018519 0.0296170882398059 0.000114684456167634 19.77233887
16128034 128.498078703704 0.0292699233651902 5.77850132843323e-05 18.34013748
16128035 128.508159722222 0.0289414425825622 6.36336065008522e-05 16.95308495
16128036 128.517476851852 0.0288895004836178 3.85545593336454e-05 16.28694725
16128037 128.539363425926 0.0286497520248777 3.85870446805954e-05 14.01749611
16128038 128.562638888889 0.0282543950495088 0.000126121149990552 13.08824158
16128039 128.56787037037 0.0283965890725891 4.21364303144349e-05 12.13521290
16128040 128.588344907407 0.0282563646098228 4.23153373420492e-05 11.64990902
16128041 128.60962962963 0.0281049821896549 4.41109374665602e-05 10.83230782
16128042 128.630775462963 0.0275037702651138 0.00011183220278435 9.82428646
16128043 128.636030092593 0.0280723156821813 4.43488930476831e-05 9.68535900
16128044 128.657511574074 0.028149649696979 0.00012900745348441 9.50660801
16128047 128.718344907407 0.0300474821434042 3.67765361804294e-05 21.11173248
16128048 128.739837962963 0.0303052953035972 3.47530987773742e-05 25.23526955
16128049 128.761284722222 0.029848615085163 3.86630985287149e-05 21.69615364
16128050 128.782673611111 0.0295100913234502 3.85108211391252e-05 16.81452751
16128051 128.804293981481 0.0293065885288471 4.53978176340825e-05 14.50680923
16128052 128.825833333333 0.029048225562793 6.30990975273882e-05 12.53175926
16128053 128.838981481481 0.0290975668060508 0.000310922216124274 11.35157967
16128054 128.844398148148 0.0291717162712476 8.51719203340625e-05 11.54383469
16128055 128.856574074074 0.0290156337857609 4.27300057605613e-05 10.36495399
16128056 128.880335648148 0.0287377803935817 0.000967982490434574 9.23439598
16128057 128.884652777778 0.0287426779913757 7.26087233734205e-05 9.24083233
16128058 128.897106481481 0.0284637740326426 4.66352323825045e-05 8.64683628
16128059 128.919050925926 0.0282872654381068 4.91181352167384e-05 7.85130548
16128060 128.939780092593 0.0282627467014559 5.0610533925144e-05 56.84652328
16128061 128.9603125 0.0282292823555667 0.000207938663809095 9.80437660
16128062 128.963541666667 0.0282470161866621 0.000172344326470087 9.80437660
16128064 128.971203703704 0.0281111455035822 4.93109916475865e-05 9.80437660
16128065 128.993796296296 0.0280720912461981 6.28022996191968e-05 8.21516037
16129001 129.063159722222 0.0305257531382726 3.25974804451069e-05 31.63878632
16129002 129.088032407407 0.03014773844165 3.32848214895674e-05 28.97755241
16129003 129.110914351852 0.0299300046813633 3.93982681784828e-05 27.69333649
16129004 129.132569444444 0.0295884264752293 3.92955842743879e-05 25.13493919
16129005 129.154571759259 0.0292833937678106 4.05850227368455e-05 22.19027519
16129006 129.176840277778 0.0290370424604689 4.39888404837209e-05 19.21801949
16129007 129.197858796296 0.0289142142810608 4.48996153805225e-05 15.86713028
16129008 129.220636574074 0.028738756122259 4.03149134080856e-05 14.17400074
16129009 129.244826388889 0.0284034247436671 4.20546020818857e-05 12.75689220
16129010 129.267083333333 0.0282533226190156 4.39875306082042e-05 11.72158909
16129011 129.289444444444 0.0282817747053812 4.42290661153359e-05 11.04214096
16129012 129.311041666667 0.0281457727951258 0.000364604946902553 10.79028034
16129013 129.317638888889 0.0282977904236525 7.8312878858425e-05 9.83424854
16129014 129.326284722222 0.0283624657426352 5.61500505965268e-05 9.53110600
16129015 129.342534722222 0.0283259346936949 0.000440967410557024 9.07423401
16129016 129.344895833333 0.0281070548036039 0.000237405781627817 9.18138599
16129017 129.347696759259 0.0286711102384247 0.000194057919630124 9.13496590
16129018 129.350648148148 0.0281583259013039 0.000242206434233186 8.93591690
16129019 129.353229166667 0.0283905485392882 0.000385187988984644 9.08221436
16129022 129.415891203704 0.0307253983648198 3.78619958393999e-05 32.30848312
16129023 129.439918981481 0.0303494816792791 4.09956234020368e-05 27.03618050
16129025 129.462280092593 0.0300792710487499 4.73286859852433e-05 22.50631142
16129029 129.499409722222 0.0290654980036584 4.11517184290217e-05 16.23109627
16129030 129.520740740741 0.0288486642419317 4.56984424642876e-05 15.32788658
16129031 129.541909722222 0.0287175026539182 4.42238502506889e-05 13.13410854
16129032 129.562546296296 0.0285544566383037 4.29465972297528e-05 12.11825466
16129033 129.584525462963 0.028275010418452 4.3907178482773e-05 11.36421299
16129034 129.605949074074 0.0281848129803142 4.48814141762913e-05 10.39060974
16129035 129.627418981481 0.0280368452468524 4.58232554272369e-05 9.58347511
16129036 129.648935185185 0.0279744584477868 6.41480943963953e-05 8.79713058
16129037 129.690659722222 0.0277817223637133 4.81571264304496e-05 7.95777845
16129038 129.7121875 0.0276212905974443 4.91050572733659e-05 7.55749083
16129039 129.733680555556 0.0276046383132888 5.25125488494673e-05 7.12797928
16129043 129.809664351852 0.0302241185305393 3.82004428948562e-05 35.64945221
16129044 129.828958333333 0.029967937218568 3.25408413184419e-05 32.32604218
16129045 129.850393518519 0.0298583098641011 3.35437290856404e-05 30.44737625
16129046 129.871886574074 0.0296969070832956 4.18856319644553e-05 26.92581749
16129047 129.893587962963 0.0293716892888427 4.07660347534122e-05 23.61495209
16129048 129.915081018519 0.0290148106750092 4.07148550323525e-05 20.25141144
16129049 129.938344907407 0.0287889381704013 4.02738785581653e-05 17.25407219
16129050 129.959826388889 0.0286271647472428 4.08010134397972e-05 15.34616852
16129051 129.98193287037 0.0283311255204571 4.15007157149542e-05 14.05542946
16130001 130.003831018519 0.0282256214824273 4.23778609057034e-05 12.59744358
16130002 130.025358796296 0.0280150525354256 4.29283925953233e-05 11.51286221
16130003 130.04712962963 0.0278545852020069 4.98343464756501e-05 10.87091923
16130004 130.066944444444 0.0279031379520904 4.52976682426076e-05 10.11371517
16130005 130.088668981481 0.0280813216321583 5.66421525587606e-05 9.61135483
16130012 130.341747685185 0.124184535173822 0.000511864276874441 26.04542923
16130015 130.350231481481 0.025388137332852 0.000251865082670601 24.01376152
16130016 130.353287037037 0.0299711855971613 0.000114927661601401 23.68518257
16130017 130.357002314815 0.0301440885010677 6.6859812938509e-05 23.14089584
16130032 130.697534722222 0.0301514882028279 0.000245368347167396 28.02442360
16130033 130.698854166667 0.0299905177056309 3.16212620696487e-05 27.21175575
16130034 130.719467592593 0.0297259618800716 3.72786364632763e-05 23.23871613
16130035 130.740914351852 0.0294235753744857 3.90709095426767e-05 21.30737686
16130036 130.762465277778 0.028740179007315 0.000809497961601121 18.97723007
16130037 130.764305555556 0.0291365867447302 0.000757477112118375 18.77657127
16130038 130.767789351852 0.0288948737949597 3.85178545823493e-05 18.71386528
16130039 130.78931712963 0.0286101427139051 0.000706526350603995 16.98819923
16130040 130.79318287037 0.028560638367208 3.87806447139679e-05 16.26992607
16130041 130.8146875 0.0281993832771255 0.000754962618363739 14.77801800
16130043 130.826840277778 0.0281895182660281 0.000798936066908791 14.26777077
16130044 130.829594907407 0.0283214710913259 3.99787765815439e-05 14.07020473
16130045 130.850810185185 0.0280823781551663 4.77545054912726e-05 13.29461288
16130046 130.868229166667 0.0281213423042917 4.23661008373064e-05 12.47016525
16130047 130.889351851852 0.0280045241482679 6.69147960479488e-05 11.72343159
16130048 130.905405092593 0.0278579431151299 4.33983505468134e-05 10.86389256
16130049 130.926944444444 0.0278637257036573 4.43326133625981e-05 10.30182362
16130051 130.951134259259 0.0277076778614922 4.62471039219709e-05 9.65572166
16130052 130.972569444444 0.0276108833035447 4.12035790552225e-05 8.87904072
16130053 130.999918981481 0.0278150332881058 0.00021596144057681 8.07997990
16131004 131.068298611111 0.0300369613676 3.11284714173384e-05 32.18558121
16131005 131.089918981481 0.0296908499330433 3.71047039619174e-05 27.12396812
16131006 131.111736111111 0.0295935689928227 3.89818651056876e-05 26.01783562
16131007 131.133518518519 0.0294362888878519 4.0807767562879e-05 23.97864342
16131008 131.155092592593 0.0290954509235621 4.27140971613017e-05 22.67687225
16131009 131.1771875 0.0286931912913772 4.01221725507782e-05 19.04745865
16131010 131.20212962963 0.0284475662777234 4.11046495453551e-05 16.15855598
16131011 131.223726851852 0.0280876044259726 4.14950951455933e-05 13.96915627
16131012 131.24556712963 0.0279600450499978 4.04074590281471e-05 12.86073589
16131013 131.269479166667 0.0277546611910936 4.32386382304707e-05 11.43657303
16131014 131.291365740741 0.0276559827484197 4.49225862112613e-05 10.57638645
