16125024 125.401331018519 0.482713994514021 0.00046237858334241 47.61040115
16125035 125.63181712963 0.443110062364375 0.00033270702015149 94.59778595
16125039 125.665798611111 0.425831186483894 0.000256057524364407 59.77073288
16125042 125.689236111111 0.417767070294858 0.000474184380658402 49.34540176
16125043 125.695972222222 0.413686961794245 0.000280172543999098 47.37152863
16125050 125.73931712963 0.422372808763735 0.000292800239106882 39.69992828
16125052 125.765763888889 0.391240401573775 0.00106577390734451 34.02487564
16125053 125.771423611111 0.399542112915568 0.000292946539401966 34.64319611
16125054 125.792789351852 0.40248271852496 0.000305474420331928 30.75522423
16125056 125.817395833333 0.402564890656945 0.00030598186635338 29.29082489
16125057 125.840347222222 0.394469731841424 0.00032273220380722 27.50194359
16125058 125.861909722222 0.390817020160725 0.00033185680568104 25.61009407
16125060 125.886180555556 0.40030297337434 0.000358164871294715 23.07929420
16125061 125.909027777778 0.40250558453701 0.000358570792533102 21.65690804
16125062 125.930798611111 0.402747950810616 0.000370215805753976 20.86812592
16125063 125.952222222222 0.402587528309527 0.00109009004730127 18.44036102
16126006 126.083321759259 0.409609139556964 0.000229019907513329 63.11583328
16126007 126.105902777778 0.399851055662058 0.000231866949625751 53.44586182
16126008 126.129351851852 0.397811643151884 0.000284592862075863 47.35826874
16126009 126.149525462963 0.394860657800622 0.000252980212672658 44.71280289
16126010 126.172048611111 0.389825910459016 0.000253257130905835 42.05411911
16126011 126.197060185185 0.384255747666431 0.000273336585933069 35.56189728
16126012 126.219652777778 0.378223237376309 0.00028012696826998 34.70513535
16126013 126.241331018519 0.381980308145792 0.000255680810879967 33.34695053
16126014 126.268240740741 0.383369468785124 0.000946452636181204 30.71878815
16126015 126.27369212963 0.413087570792826 0.000317014197706428 30.29418564
16126016 126.295925925926 0.412379259084276 0.000325211624330441 29.67707253
16126017 126.318703703704 0.381389965784879 0.000299118252716743 29.43558311
16126018 126.340729166667 0.379442077367015 0.00039136987155873 27.19139099
16126030 126.496377314815 0.421726588649947 0.000183001509509874 182.96066284
16126031 126.517546296296 0.413311566090944 0.000210245682671181 112.53951263
16126032 126.538715277778 0.404616898885637 0.000219250256664003 82.09008789
16126033 126.560555555556 0.394443212370463 0.000215904903072911 70.24347687
16126034 126.582164351852 0.407703205114117 0.000204689512825808 77.91654968
16126035 126.606944444444 0.416047294340484 0.000332406856033336 80.25194550
16126036 126.619386574074 0.41134405837295 0.000224146424218892 77.11100006
16126037 126.639965277778 0.396875273226947 0.000218601539802875 75.11419678
16126038 126.66150462963 0.390664636291576 0.000222454103294816 69.08958435
16126039 126.683078703704 0.387751495513291 0.000230028988471636 66.48191071
16126040 126.704571759259 0.38384872946174 0.000235964202251651 57.34220886
16126041 126.726168981481 0.390754143557198 0.000253598220707556 55.07624435
16126042 126.750497685185 0.398936888743969 0.000263366632121998 48.47572708
16126043 126.772083333333 0.402020572860104 0.00031048213212068 42.06699371
16126044 126.793449074074 0.400042844373312 0.000321670472032832 38.14243317
16126050 126.914409722222 0.436876108940719 0.000188071994144796 196.40705872
16126051 126.932546296296 0.44269037712174 0.000182319807395798 176.79649353
16126052 126.954178240741 0.449082939964148 0.000191623277542193 162.65512085
16126053 126.975694444444 3.84013156953094 0.00189602473490744 144.22300720
16127006 127.026979166667 0.425477274040033 0.000476963714338215 102.60894775
16127007 127.034502314815 0.426527841143459 0.000229165262319078 97.37480164
16127008 127.053819444444 0.40246157285239 0.000221479566046495 80.64064026
16127009 127.075439814815 0.397770365135282 0.000229600887653643 72.08023071
16127010 127.097280092593 0.403808862128773 0.000229984061774459 65.10798645
16127011 127.122222222222 0.41704531978832 0.000262971460424499 52.96541595
16127012 127.144108796296 0.398237947658499 0.000342722939293439 49.07733917
16127013 127.160486111111 0.400159755946395 0.00026363510309058 46.43247604
16127014 127.184560185185 0.403455564482578 0.000294954890170041 40.52819824
16127015 127.206076388889 0.396171507664153 0.000300219388540718 36.61000824
16127016 127.228368055556 0.396438865595997 0.000460432785560293 32.72039032
16127017 127.340150462963 0.396350643807607 0.000151161097923646 257.83737183
16127018 127.363981481481 0.386196383496794 0.000163993283180778 128.17922974
16127019 127.385358796296 0.369765795835373 0.00016256363229835 114.82173157
16127020 127.407118055556 0.372667039052826 0.000169932154761507 111.91810608
16127021 127.428738425926 0.367562271723232 0.000174617052225908 108.81488037
16127022 127.450173611111 0.365038248973897 0.000866804912904163 104.30202484
16127023 127.453530092593 0.369292226082377 0.000304084443098555 101.55722809
16127024 127.463518518519 0.369303087533643 0.000395317581275163 98.90101624
16127025 127.469756944444 0.372170160476381 0.000191972890966656 95.82193756
16127026 127.49150462963 0.369451966772017 0.000197702585372964 89.67526245
16127027 127.512951388889 0.367453620409121 0.000336366517376542 85.90948486
16127028 127.528761574074 0.372216432775367 0.0002064356437112 79.47203064
16127029 127.550162037037 0.36619149113801 0.000213320583440621 74.40560150
16127030 127.571458333333 0.371322091516801 0.000262610355359479 66.87565613
16127031 127.588923611111 0.374928541980948 0.000231525103559762 63.56641006
16127032 127.609803240741 0.373174951357253 0.000247132361881208 59.49506760
16127033 127.629305555556 0.376096926550354 0.000405701863937934 56.74635696
