16125035 125.63181712963 0.00529519468368445 1.19329321647194e-05 16.45273590
16125039 125.665798611111 0.00512357255819334 9.64836206864096e-06 9.40149021
16125042 125.689236111111 0.00505101289636631 1.79471273515368e-05 7.40471220
16125043 125.695972222222 0.00502253790344224 1.06920121837369e-05 7.03839588
16125050 125.73931712963 0.00499344051643103 1.10241544364771e-05 5.65558672
16125052 125.765763888889 0.00485394699780963 4.13528723025656e-05 4.67814398
16125053 125.771423611111 0.00491253344172633 1.1447759530239e-05 4.78263617
16125054 125.792789351852 0.00492321685734494 1.19442981609632e-05 4.13413811
16125056 125.817395833333 0.00491288895647384 1.18772442996823e-05 3.89534044
16125057 125.840347222222 0.00488503863617372 1.26164963948728e-05 3.60776234
16125058 125.861909722222 0.00486875997877897 1.31258046406903e-05 3.30878139
16125060 125.886180555556 0.00485063663068518 1.39448235910716e-05 2.91740870
16125061 125.909027777778 0.00485718503561834 1.39538250311652e-05 2.70199156
16125062 125.930798611111 0.00484255563489515 1.44272447889415e-05 2.58397508
16125063 125.952222222222 0.00490892525588725 4.31266669316366e-05 2.22729039
16126006 126.083321759259 0.0049914348611969 8.4714349685605e-06 10.06131172
16126007 126.105902777778 0.00495370115237605 8.77400388739106e-06 8.17818165
16126008 126.129351851852 0.00494058433658033 1.08739576716826e-05 7.03594828
16126009 126.149525462963 0.00489578618539426 9.71014228085102e-06 6.55166912
16126010 126.172048611111 0.00488790828162722 1.04137274235615e-05 6.07276917
16126011 126.197060185185 0.00483131191317028 1.14693958174221e-05 4.93881702
16126012 126.219652777778 0.00483576297063754 1.18274042667924e-05 4.79313135
16126013 126.241331018519 0.0048476775435197 1.06643047595195e-05 4.56416035
16126014 126.268240740741 0.00483066432691478 3.93619032599409e-05 4.12815857
16126015 126.27369212963 0.00486537004426514 1.21489956640945e-05 4.05861330
16126016 126.295925925926 0.00484178538337748 1.23924793371816e-05 3.95798969
16126017 126.318703703704 0.0048415667414696 1.23992726550491e-05 3.91875982
16126018 126.340729166667 0.00480554208540985 1.62057669938686e-05 3.55831504
16126030 126.496377314815 0.00524524961766046 6.77326587685584e-06 30.76263428
16126032 126.538715277778 0.00504616047315597 8.41419779436107e-06 2.31884170
16126033 126.560555555556 0.00501539619150273 8.57623595243156e-06 1.91527689
16126034 126.582164351852 0.00507851405995715 8.12382830543363e-06 2.17616868
16126035 126.606944444444 0.00511009225499772 1.32327114017289e-05 2.25599337
16126036 126.619386574074 0.0050686656963271 9.07033774953595e-06 2.14865851
16126037 126.639965277778 0.0049805015649126 9.06571201220827e-06 2.08055615
16126038 126.66150462963 0.0049316215458653 9.37937311297146e-06 1.87638521
16126039 126.683078703704 0.00494066717165794 9.83271207326591e-06 1.78886831
16126040 126.704571759259 0.00492611921404762 1.02341485568531e-05 1.48795962
16126041 126.726168981481 0.00490743806954213 1.08796484219062e-05 1.41502678
16126042 126.750497685185 0.00492420133086361 1.13276538822275e-05 1.20713615
16126043 126.772083333333 0.0049166830834917 1.32598376706601e-05 1.01251149
16126044 126.793449074074 0.0048615314246464 1.38259364368632e-05 1.00000012
16126050 126.914409722222 0.00532792343185029 7.14697211537271e-06 5.47608566
16126051 126.932546296296 0.00523803518424081 6.87530911732282e-06 4.96712351
16126052 126.954178240741 0.00522222682026904 7.31668093056071e-06 4.60010672
16126053 126.975694444444 0.0356972947816366 5.88065720173795e-05 4.12172937
16127006 127.026979166667 0.00492989590786601 1.85371777323304e-05 3.00184011
16127007 127.034502314815 0.00491151410009826 9.02043856658737e-06 2.83368158
16127008 127.053819444444 0.00484711718101736 9.05582558432207e-06 2.26928377
16127009 127.075439814815 0.00479427345922926 9.40969232145872e-06 1.97743559
16127010 127.097280092593 0.00478491603349224 9.32453107059063e-06 1.74301100
16127011 127.122222222222 0.00482516811521816 1.05443761494964e-05 1.34778595
16127012 127.144108796296 0.00478029238309617 1.41270395724918e-05 1.22578812
16127013 127.160486111111 0.0047606147618072 1.08458297798826e-05 1.14427519
16127014 127.184560185185 0.00472346672166274 1.19671790131262e-05 1.00000000
16127015 127.206076388889 0.00469107834158428 1.23134496183856e-05 1.00000000
16127016 127.228368055556 0.00471321780060222 1.88716403295898e-05 1.00000000
16127017 127.340150462963 0.00514219075170028 5.8097396955093e-06 7.07041454
16127018 127.363981481481 0.00497081196040694 6.49549708929368e-06 5.61881447
16127019 127.385358796296 0.00487263491119587 6.7932131706306e-06 3.13591361
16127020 127.407118055556 0.00488145159043019 7.11879138959174e-06 2.99837804
16127021 127.428738425926 0.00483431217720091 7.40657251347817e-06 2.86095405
16127022 127.450173611111 0.00484783141170781 3.69704380417452e-05 1.00000000
16127023 127.453530092593 0.00480765702934697 1.31053427937987e-05 1.00000000
16127024 127.463518518519 0.00478376633415722 1.69368568499489e-05 1.00000000
16127025 127.469756944444 0.0047754456497471 8.23078971735109e-06 1.00000000
16127026 127.49150462963 0.0047586256154314 8.52077631474711e-06 1.00000000
16127027 127.512951388889 0.00472606961570439 1.46001219947129e-05 1.00000000
16127028 127.528761574074 0.00473149281568179 8.89364760319565e-06 1.00000000
16127029 127.550162037037 0.00469244104331985 9.24231495892136e-06 1.00000000
16127030 127.571458333333 0.00470378613802273 1.11958690764257e-05 1.00000000
16127031 127.588923611111 0.00468745129399534 9.83153178171826e-06 1.00000000
16127032 127.609803240741 0.00467018819543024 1.04523368667033e-05 1.00000000
16127033 127.629305555556 0.00465522202810682 1.7157950364263e-05 1.00000000
16127047 127.8553125 0.00514023510165158 7.07055115538142e-06 1.00000000
16127048 127.881018518519 0.005655588784647 1.33127334293887e-05 1.00000000
16127049 127.896261574074 0.00574919169130514 1.18075182921894e-05 1.00000000
16127052 127.939178240741 0.00494867739665097 9.48392219873578e-06 1.00000000
16127053 127.960590277778 0.00487773983071173 1.0844823630517e-05 1.00000000
16127054 127.978402777778 0.00492330074528657 4.81096258583666e-05 1.00000000
16127055 127.982974537037 0.00486404574936666 9.59708642174264e-06 1.00000000
16128001 128.006435185185 0.0048387146632545 9.82629298164244e-06 1.00000000
16128002 128.030810185185 0.0048324219596228 1.02026969477652e-05 1.00000000
16128003 128.052395833333 0.00480784786190744 1.16374090658034e-05 1.00000000
16128005 128.124953703704 0.00534708533437971 4.47285313860903e-05 1.00000000
16128006 128.126724537037 0.00534316750790796 4.39842391615548e-05 1.00000000
16128007 128.127928240741 0.00531268903342275 6.19521727069503e-06 1.00000000
16128008 128.154849537037 0.182724962406766 0.000349722582754589 1.00000000
16128009 128.168078703704 0.00541300846065348 9.8976611925514e-06 1.00000000
16128010 128.181342592593 0.00538105984256522 8.56169011018705e-06 1.00000000
16128011 128.202939814815 0.00536007296336293 9.04968910054181e-06 1.00000000
16128012 128.224537037037 0.00527552434437278 9.7370012815839e-06 1.00000000
16128013 128.246296296296 0.00504031499344601 0.000170083779360688 1.00000000
16128014 128.2490625 0.00502472651313764 7.04392266983356e-05 1.00000000
16128015 128.263414351852 0.00493363765910149 9.91731667723831e-06 1.00000000
16128016 128.286180555556 0.00497185952035108 1.30725780946431e-05 1.00000000
16128020 128.310694444444 0.00495459435147181 3.09926088665699e-05 1.00000000
16128021 128.314305555556 0.00487064655044335 1.03189549736446e-05 1.00000000
16128022 128.337175925926 0.00485514422532184 1.10434272666133e-05 1.00000000
16128028 128.439525462963 0.00525572683739955 9.1552642038676e-06 1.00000000
16128029 128.454548611111 0.00523864227376382 9.03767388714263e-06 1.00000000
16128030 128.46568287037 0.00520641136645098 7.00609819879385e-06 1.00000000
16128031 128.485844907407 0.00519483229390375 2.82275304069024e-05 1.00000000
16128032 128.490081018519 0.00518249028416783 2.21419326741662e-05 1.00000000
16128034 128.498078703704 0.00512611483900511 1.11391725789311e-05 1.00000000
16128035 128.508159722222 0.00508926242570163 1.23201668375015e-05 1.00000000
16128036 128.517476851852 0.00503742832804522 7.40803517251494e-06 1.00000000
16128037 128.539363425926 0.00499797619875202 7.38524999754668e-06 1.00000000
16128038 128.562638888889 0.00495739601027952 2.41539101646648e-05 1.00000000
16128039 128.56787037037 0.00493920687634331 8.01259853114436e-06 1.00000000
16128040 128.588344907407 0.00492229284658761 8.01937280430454e-06 1.00000000
16128041 128.60962962963 0.0048809769339933 8.30578163817376e-06 1.00000000
16128042 128.630775462963 0.00484913719298551 2.12713694308535e-05 1.00000000
16128043 128.636030092593 0.00488992008114633 8.34144292503743e-06 1.00000000
16128044 128.657511574074 0.00492817719421517 2.42888714376284e-05 1.00000000
16128047 128.718344907407 0.00526781080676301 7.15051109086923e-06 1.00000000
16128048 128.739837962963 0.00531944592381701 6.83334986315488e-06 1.00000000
16128049 128.761284722222 0.00523826520908813 7.45966220631633e-06 1.00000000
16128050 128.782673611111 0.00517149511640571 7.42161775425516e-06 1.00000000
16128051 128.804293981481 0.0051384539725174 8.47462663272129e-06 1.00000000
16128052 128.825833333333 0.00507919790010729 1.17889464837761e-05 1.00000000
16128053 128.838981481481 0.00510063004635316 5.78933601281588e-05 1.00000000
16128054 128.844398148148 0.00506094505524682 1.61805814363893e-05 1.00000000
16128055 128.856574074074 0.00506791538268827 8.09566302179295e-06 1.00000000
16128056 128.880335648148 0.00500088781392574 0.000171247524773131 1.00000000
16128057 128.884652777778 0.0050113200249746 1.37245696864512e-05 1.00000000
16128058 128.897106481481 0.00493819901541067 8.75624249563063e-06 1.00000000
16128059 128.919050925926 0.00491303396046028 9.15455252723549e-06 1.00000000
16128060 128.939780092593 0.00491092586938388 9.4455005181658e-06 1.00000000
16128061 128.9603125 0.0048967417108101 3.86416935386504e-05 1.00000000
16128062 128.963541666667 0.00489369185400205 3.20307516225442e-05 1.00000000
16128064 128.971203703704 0.0049037182889148 9.19512987223685e-06 1.00000000
16128065 128.993796296296 0.00485869053590197 1.1620810296339e-05 1.00000000
16129001 129.063159722222 0.00535718495784624 6.37097804233419e-06 1.00000000
16129002 129.088032407407 0.00527598165384462 6.51085576975702e-06 1.00000000
16129003 129.110914351852 0.00522734903535413 7.45488753801959e-06 1.00000000
16129004 129.132569444444 0.00517034390123391 7.44246210656305e-06 1.00000000
16129005 129.154571759259 0.00510887564290406 7.65731138406008e-06 1.00000000
16129006 129.176840277778 0.00505941024897517 8.31188648929962e-06 1.00000000
16129007 129.197858796296 0.00504297472278306 8.48812010353425e-06 1.00000000
16129008 129.220636574074 0.00500517927514527 7.61788748880881e-06 1.00000000
16129009 129.244826388889 0.0049464695706693 7.94798735121821e-06 1.00000000
16129010 129.267083333333 0.00492460347741392 8.30709796514612e-06 1.00000000
16129011 129.289444444444 0.00493358822486658 8.33129646532296e-06 1.00000000
16129012 129.311041666667 0.00496243879401331 6.8385863838925e-05 1.00000000
16129013 129.317638888889 0.00492331668447062 1.46467816393552e-05 1.00000000
16129014 129.326284722222 0.0049209614882863 1.0460531162848e-05 1.00000000
16129015 129.342534722222 0.00493751241745725 8.1940570610382e-05 1.00000000
16129016 129.344895833333 0.00495780002507717 4.43968724515223e-05 1.00000000
16129017 129.347696759259 0.00496629980071614 3.58228719241754e-05 1.00000000
16129018 129.350648148148 0.00496001065966289 4.5555436916083e-05 1.00000000
16129019 129.353229166667 0.00491947243734615 7.13512872331489e-05 1.00000000
16129022 129.415891203704 0.00542196995085771 7.22732391082865e-06 1.00000000
16129023 129.439918981481 0.00533235847794974 7.81479085087159e-06 1.00000000
16129025 129.462280092593 0.00528849082971746 8.73639725215366e-06 1.00000000
16129029 129.499409722222 0.00506687840483959 7.83696675788134e-06 1.00000000
16129030 129.520740740741 0.00502922845969946 8.4027345589263e-06 2.00000000
16129031 129.541909722222 0.00501377971518442 8.12216379472861e-06 2.00000000
16129032 129.562546296296 0.00498235567019669 7.87968334958524e-06 2.00000000
16129033 129.584525462963 0.00491841758685776 8.04283840287109e-06 2.00000000
16129034 129.605949074074 0.00489581969946651 8.19089074100571e-06 2.00000000
16129035 129.627418981481 0.00486379998248071 8.33832699420805e-06 2.00000000
16129036 129.648935185185 0.00485417954178871 1.16705105038309e-05 2.00000000
16129037 129.690659722222 0.00482180842131142 8.73162367743749e-06 2.00000000
16129038 129.7121875 0.00478650973035247 8.89028094093593e-06 2.00000000
16129039 129.733680555556 0.0047860566733428 9.48893983127176e-06 2.00000000
16129043 129.809664351852 0.0053280774904269 7.22229725987293e-06 2.00000000
16129044 129.828958333333 0.00523716052885941 6.13437588023414e-06 2.00000000
16129045 129.850393518519 0.00523162671209838 6.3217154113899e-06 2.00000000
16129046 129.871886574074 0.00522261754906807 7.67335105441079e-06 2.00000000
16129047 129.893587962963 0.00514180661721365 7.45681119384805e-06 2.00000000
16129048 129.915081018519 0.00505592305449515 7.44922781409701e-06 2.00000000
16129049 129.938344907407 0.00500135274358192 7.39292484514005e-06 2.00000000
16129050 129.959826388889 0.00497331205534158 7.48202402262402e-06 2.00000000
16129051 129.98193287037 0.0049291424544628 7.62263678932577e-06 2.00000000
16130001 130.003831018519 0.00490493004709921 7.76118664337102e-06 2.00000000
16130002 130.025358796296 0.00485842236258287 7.83818510575642e-06 2.00000000
16130003 130.04712962963 0.00483030868970827 9.097431967712e-06 2.00000000
16130004 130.066944444444 0.00483390344149485 8.24506478545742e-06 2.00000000
16130005 130.088668981481 0.00486206464359278 1.03001092959842e-05 2.00000000
16130012 130.341747685185 0.100963778342494 0.000436210800446436 2.00000000
16130015 130.350231481481 0.00536998919113638 5.55163948480645e-05 2.00000000
16130016 130.353287037037 0.00528322189080795 2.11232832839757e-05 2.00000000
16130017 130.357002314815 0.00528710483030118 1.23769135979501e-05 2.00000000
16130032 130.697534722222 0.0053553940225612 4.66911462375238e-05 2.00000000
16130033 130.698854166667 0.00526192700721727 6.05566241319466e-06 2.00000000
16130034 130.719467592593 0.00521297201154721 6.88543555164086e-06 2.00000000
16130035 130.740914351852 0.00516422444106944 7.1977342681003e-06 2.00000000
16130036 130.762465277778 0.00523762743896543 0.00014891870904744 2.00000000
16130037 130.764305555556 0.00510736801486138 0.000142827046502944 2.00000000
16130038 130.767789351852 0.00505387746499873 7.13528140505914e-06 2.00000000
16130039 130.78931712963 0.00501235905004808 0.000129770349025076 2.00000000
16130040 130.79318287037 0.00497693653321359 7.16437267691407e-06 2.00000000
16130041 130.8146875 0.00488337771984095 0.000139798061632651 2.00000000
16130043 130.826840277778 0.00494079217073019 0.000145168413963058 2.00000000
16130044 130.829594907407 0.0049308129967508 7.37191376430475e-06 2.00000000
16130045 130.850810185185 0.00490052158362353 8.80115218536699e-06 2.00000000
16130046 130.868229166667 0.004888942604763 7.75671565407177e-06 2.00000000
16130047 130.889351851852 0.00480790258746031 1.21080840386733e-05 2.00000000
16130048 130.905405092593 0.00484917727035305 7.91418920960927e-06 2.00000000
16130049 130.926944444444 0.00483032641819686 8.05639505317284e-06 2.00000000
16130051 130.951134259259 0.00482242744677722 8.40393488378706e-06 2.00000000
16130052 130.972569444444 0.00481193371223832 7.48815095570487e-06 2.00000000
16130053 130.999918981481 0.00487118132306419 3.92105166744366e-05 2.00000000
16131004 131.068298611111 0.00529503372375349 5.95225724531968e-06 2.00000000
16131005 131.089918981481 0.00522134276752007 6.85119397019793e-06 2.00000000
16131006 131.111736111111 0.00520336829551758 7.20322682635167e-06 2.00000000
16131007 131.133518518519 0.00518253696874275 7.50191925930529e-06 2.00000000
16131008 131.155092592593 0.00511145798395865 7.76625358459861e-06 2.00000000
16131009 131.1771875 0.00502292706238169 7.39425140544527e-06 2.00000000
16131010 131.20212962963 0.00498035680880484 7.56487909422245e-06 2.00000000
16131011 131.223726851852 0.00492170021778183 7.62965659001285e-06 2.00000000
16131012 131.24556712963 0.00487622377943425 7.40245592746596e-06 2.00000000
16131013 131.269479166667 0.00482802310431978 7.8890327368881e-06 2.00000000
16131014 131.291365740741 0.00480529764844405 8.1767116380385e-06 2.00000000
16131026 131.608009259259 0.00491006388129085 0.000216677350087148 2.00000000
16131028 131.645891203704 0.00533859488797696 8.75084419485158e-06 2.00000000
16131029 131.661666666667 0.00526855862262127 1.65458034994278e-05 2.00000000
16131030 131.666412037037 0.0052506611900204 8.61748857279977e-06 2.00000000
16131032 131.682152777778 0.00524678431552921 1.67060568762336e-05 2.00000000
16131034 131.68849537037 0.00526574292939964 2.31961968657917e-05 2.00000000
16131036 131.693460648148 0.00522512567185719 3.00430191235302e-05 2.00000000
16131037 131.695335648148 0.00521045198397735 1.31483166270874e-05 2.00000000
16131039 131.704305555556 0.00517689004849893 7.26190395110839e-06 2.00000000
16131040 131.725902777778 0.00518398143009199 2.77251910216346e-05 2.00000000
16131041 131.729560185185 0.00510372129267722 6.98786993789585e-06 2.00000000
16131042 131.75375 0.00503706113553728 7.59053673235887e-06 2.00000000
16131043 131.775104166667 0.00500538089740855 7.68462405697614e-06 2.00000000
16131044 131.796666666667 0.00499176002431235 7.9427223905953e-06 2.00000000
16131045 131.818101851852 0.128897320773281 0.000482665235052313 2.00000000
16131046 131.823020833333 0.00496761723732132 2.05331298453784e-05 2.00000000
16131047 131.830520833333 0.00496280419110983 8.16321714773061e-06 2.00000000
16131048 131.852013888889 0.00492254003884335 5.29864425123579e-05 2.00000000
16131049 131.854930555556 0.00492899290799954 8.39864417276572e-06 2.00000000
16131050 131.87630787037 0.0049365936002311 9.24256850182008e-06 2.00000000
16131054 131.959074074074 0.00546191935892372 6.23475771690057e-06 2.00000000
16131055 131.984259259259 0.00546683270205665 1.12458070591834e-05 2.00000000
16132001 132.016585648148 0.00530500505183867 7.96967841177528e-06 2.00000000
16132002 132.039814814815 0.00526467943977268 8.32854752704961e-06 2.00000000
16132003 132.061770833333 0.00518173826802849 9.42102377446069e-06 2.00000000
16132021 132.432164351852 0.00537896935532136 6.00526974534929e-06 2.00000000
16132022 132.45255787037 0.00534910293189354 7.91800687564215e-06 2.00000000
16132023 132.466956018519 0.00535062071483752 6.98509839729753e-06 2.00000000
16132024 132.488923611111 0.00529986075648547 6.90221595200381e-06 2.00000000
16132025 132.513587962963 0.00512734996100228 6.79736600382182e-06 2.00000000
16132026 132.536168981481 0.00514395864522489 7.45070320394694e-06 2.00000000
16132027 132.559803240741 0.00507005963845744 7.62882054486715e-06 2.00000000
16132028 132.584016203704 0.00506943020890742 1.4888554718364e-05 2.00000000
16132029 132.604131944444 0.0049831518009342 1.16204342126355e-05 2.00000000
16132030 132.622361111111 0.004911372498562 7.95193305190945e-06 2.00000000
16132032 132.645925925926 0.0048951423259949 8.67263774825151e-06 2.00000000
16132033 132.667766203704 0.00487361961194833 1.89425229534878e-05 2.00000000
16132046 132.834699074074 0.00547251088501947 6.0689197831984e-06 2.00000000
16132047 132.861134259259 0.00539798625089734 7.8829911027441e-06 2.00000000
16132048 132.877951388889 0.00530858404477844 1.08345728352582e-05 2.00000000
16132049 132.885798611111 0.00521568616298388 6.72734679298192e-06 2.00000000
16132050 132.907569444444 0.00510806645777733 6.66038656276656e-06 2.00000000
16132051 132.930081018519 0.00507449930775498 6.94139089653547e-06 2.00000000
16132052 132.951782407407 0.00507702626644646 1.3788353911389e-05 2.00000000
16132053 132.961423611111 0.00501330406640802 7.20377468480871e-06 2.00000000
16132054 132.983287037037 0.00495170863135995 7.38673462261174e-06 2.00000000
16133001 133.005173611111 0.00493194909040881 6.76687080021669e-06 2.00000000
16133002 133.032569444444 0.00490810134195992 7.89167243746368e-06 2.00000000
16133003 133.054328703704 0.0048988634407618 7.99990979214298e-06 2.00000000
16133004 133.076296296296 0.00483087718169121 8.1742332653985e-06 2.00000000
16133005 133.098043981481 0.00483062695654122 1.56036031706851e-05 2.00000000
16133006 133.107592592593 0.00482357900548416 8.44455104180847e-06 2.00000000
16133007 133.129178240741 0.00479763258413556 8.63545998842801e-06 2.00000000
16133008 133.150960648148 0.00478605050987268 8.80672419296101e-06 2.00000000
16133009 133.172615740741 0.00477674288659834 8.98675610916949e-06 2.00000000
16133010 133.194502314815 0.00475692704276973 9.26561975173169e-06 2.00000000
16133011 133.216122685185 0.00473974220208317 9.4585742394151e-06 2.00000000
16133012 133.23787037037 0.0047691880130048 3.94892414362745e-05 2.00000000
16133013 133.244166666667 0.00476508238456287 9.81994145128871e-06 2.00000000
16133014 133.265983796296 0.00477491437318343 1.92012434432437e-05 2.00000000
16133085 133.816550925926 0.00562265924932088 5.824361908658e-06 2.00000000
16133086 133.842673611111 0.00545968035746804 6.08526993540466e-06 2.00000000
16133087 133.868865740741 0.00531271728145938 6.94119692073056e-06 2.00000000
16133088 133.890659722222 0.00524285259669864 6.97730504658494e-06 2.00000000
16133089 133.912939814815 0.00518205569282514 7.01244660385683e-06 2.00000000
16133090 133.935590277778 0.00516573012001852 2.17788914996185e-05 2.00000000
16133091 133.940462962963 0.00512248115077082 7.24611056822311e-06 2.00000000
16133092 133.963553240741 0.00509698367608254 7.56359679955023e-06 2.00000000
16133093 133.985833333333 0.00504818756391592 7.71308748975965e-06 2.00000000
16134001 134.007627314815 0.00502217812101527 7.88230512563509e-06 2.00000000
16134002 134.029340277778 0.0049626650989238 8.06226202381038e-06 2.00000000
16134003 134.051215277778 0.0049786708935369 1.01188616452333e-05 2.00000000
16134004 134.06931712963 0.00495615389721438 8.41284033516532e-06 2.00000000
16134005 134.0909375 0.00489738824528166 1.10224192749581e-05 2.00000000
16134010 134.211747685185 0.00517601472786024 5.90681776869154e-06 2.00000000
16134013 134.248310185185 0.00490375159633025 6.93529236881185e-06 2.00000000
16134014 134.26994212963 0.00480412829715626 6.39420877601003e-06 2.00000000
16134015 134.293657407407 0.00472012333388919 6.62503075273108e-06 2.00000000
16134016 134.315590277778 0.00468663406990812 7.81272429102508e-06 2.00000000
16134017 134.334259259259 0.00464939516936529 6.64195869222115e-06 2.00000000
16134018 134.358738425926 0.00457430980862969 7.06328535046919e-06 2.00000000
16134019 134.381273148148 0.0045377822637087 6.78247231543339e-06 2.00000000
16134028 134.430810185185 0.004453257840604 6.69414617924015e-06 2.00000000
16134029 134.461527777778 0.0044330356915083 7.93595113148306e-06 2.00000000
16134030 134.483541666667 0.00442357000125482 9.07163486392759e-06 2.00000000
16134042 134.736979166667 0.00493214793096139 2.21207955093744e-05 2.00000000
16134043 134.740729166667 0.00475898447548271 6.8794058556831e-06 2.00000000
16134044 134.755844907407 0.00471891137003157 8.53020969740373e-06 2.00000000
16134045 134.777905092593 0.00470557874086299 6.11054872689275e-06 2.00000000
16134046 134.80025462963 0.00465391097111839 6.22766823775185e-06 2.00000000
16134047 134.823969907407 0.00461314672089125 6.64818228691015e-06 2.00000000
16134048 134.845763888889 0.00458821368698699 1.02287024951713e-05 2.00000000
16134049 134.865393518519 0.0091239569907911 0.00790157453779896 2.00000000
16134050 134.867627314815 1.63454657084811e-06 1.41555422644081e-06 2.00000000
16134051 134.869768518519 0.00304150242913963 0.00263401655292693 2.00000000
16134052 134.873287037037 0.00456466967346849 0.00395311627757777 2.00000000
16134053 134.874733796296 0.00453727361881648 1.49538538815263e-05 2.00000000
16134054 134.879560185185 0.00453748733366486 6.96017611138446e-06 2.00000000
16134055 134.901863425926 0.00451251047238431 7.31278022731607e-06 2.00000000
16134056 134.923460648148 0.00447559882312171 1.22614888632644e-05 2.00000000
16135001 135.001261574074 0.00482316780258589 5.47020416707193e-06 2.00000000
16135002 135.022766203704 0.00477008857771079 6.17507171679402e-06 2.00000000
16135003 135.044178240741 0.0047503674948471 6.84518070517373e-06 2.00000000
16135004 135.065775462963 0.00471734494154946 6.77712651474255e-06 2.00000000
16135005 135.087488425926 0.00460393395334743 6.51613543611279e-06 2.00000000
16135006 135.109155092593 0.00455497593053992 7.61821497335032e-06 2.00000000
16135007 135.129236111111 0.00454918353467623 6.82573515464773e-06 2.00000000
16135008 135.151724537037 0.00452141540715314 7.15645926875498e-06 2.00000000
16135009 135.173587962963 0.00450284746977771 7.14076654364823e-06 2.00000000
16135010 135.195358796296 0.00447429991347311 7.08725023278541e-06 2.00000000
16135011 135.219108796296 0.00446911182733366 7.02142271858677e-06 2.00000000
16135012 135.243993055556 0.00443731049318452 1.42106458437666e-05 2.00000000
16135013 135.25494212963 0.00443267045131091 7.85196845154116e-06 2.00000000
16135014 135.27724537037 0.00439908691833496 1.04210065633042e-05 2.00000000
16135024 135.524131944444 0.00480501015594947 7.84989642552457e-06 2.00000000
16135025 135.544155092593 0.00474770904879753 8.42019655959703e-06 2.00000000
16135026 135.557361111111 0.00474801966004901 1.14432503360305e-05 2.00000000
16135031 135.576863425926 0.00467249581135042 1.28652401618439e-05 2.00000000
16135032 135.582696759259 0.00467689238390913 6.43675125374654e-06 2.00000000
16135033 135.604375 0.00460058501524926 6.60021132255386e-06 2.00000000
16135034 135.626041666667 0.00456259828433297 8.02090771554794e-06 2.00000000
16135035 135.643599537037 0.00456567388056114 6.90025452346484e-06 2.00000000
16135036 135.665856481481 0.0045256749153568 7.26428353130838e-06 2.00000000
16135037 135.686782407407 0.00449487464890157 7.19943931388337e-06 2.00000000
16135038 135.708611111111 0.0044723944083792 7.35715305736279e-06 2.00000000
16135039 135.730300925926 0.00444145080962115 7.35443740259545e-06 2.00000000
16135040 135.752881944444 0.004424279474932 9.76495964572198e-06 2.00000000
16135041 135.769340277778 0.00441300641663218 7.88909851302474e-06 2.00000000
16135042 135.791412037037 0.00439892729219741 1.92774104028992e-05 2.00000000
16135043 135.796979166667 0.00436831357731736 9.24712084217516e-06 2.00000000
16135047 135.899548611111 0.00479148485879042 4.8343993112322e-05 2.00000000
16135048 135.900659722222 0.00477041442059064 5.27411354826952e-06 2.00000000
16135049 135.923599537037 0.00474462049268575 8.57005684534292e-06 2.00000000
16135050 135.93625 0.00472985735705636 1.08368353754583e-05 2.00000000
16135051 135.943368055556 0.00470864213480923 3.42081014768308e-05 2.00000000
16135053 135.945613425926 0.00475534895312989 9.88967988715164e-06 2.00000000
16135054 135.953796296296 0.00472905818201179 1.20566948973175e-05 2.00000000
16135055 135.960416666667 0.00469875898565291 1.47171098914569e-05 2.00000000
16135056 135.964618055556 0.00470584809944528 6.23271879773572e-06 2.00000000
16135057 135.985648148148 0.00464883597194561 2.69262997180551e-05 2.00000000
16135061 135.990497685185 0.0045983960941913 6.43035600994215e-06 2.00000000
16136001 136.012106481481 0.00455147878957622 8.02076351716543e-06 2.00000000
16136002 136.029398148148 0.00453918261821366 6.71723166067187e-06 2.00000000
16136003 136.050972222222 0.00449288235155671 6.89297195364448e-06 2.00000000
16136004 136.072615740741 0.00447861343331299 9.74080212298431e-06 2.00000000
16136011 136.207268518519 0.00481730762912805 5.21214175576665e-06 2.00000000
16136013 136.231759259259 0.00479214653668491 5.68699631270533e-06 2.00000000
16136014 136.253472222222 0.00474261302811625 5.84011431154603e-06 2.00000000
16136015 136.275081018519 0.00465788301629571 1.25589340622583e-05 2.00000000
16136016 136.284085648148 0.00461747984360127 6.03979872110966e-06 2.00000000
16136017 136.305949074074 0.00458166123296048 5.7028593366056e-06 2.00000000
16136018 136.334421296296 0.00453801351034844 3.32897271817686e-05 2.00000000
16136019 136.336203703704 0.00453125717848476 6.59808010193964e-06 2.00000000
16136020 136.35818287037 0.00448414960041789 6.76925315801582e-06 2.00000000
16136021 136.380648148148 0.00444335363082365 6.46177394151177e-06 2.00000000
16136022 136.406145833333 0.004414494109974 6.54807482113015e-06 2.00000000
16136023 136.431990740741 0.0043933390996689 7.01841601173239e-06 2.00000000
16136024 136.458229166667 0.00438263349792274 7.51042050152099e-06 2.00000000
16136025 136.480266203704 0.00436205343710175 9.06882479764487e-06 2.00000000
16136035 136.618043981481 0.00477517909795394 5.97584648076977e-06 2.00000000
16136036 136.634965277778 0.00468209128325742 5.43074020925623e-06 2.00000000
16136037 136.659884259259 0.00445212005018876 1.84601405930902e-05 2.00000000
16136038 136.663252314815 0.00379190441963405 3.63040919666994e-05 2.00000000
16136039 136.664861111111 0.00378862216553368 4.105945888411e-05 2.00000000
16136040 136.66619212963 0.00462754679571545 1.31474430771107e-05 2.00000000
16136041 136.672349537037 0.00383173594987334 3.68820919904817e-05 2.00000000
16136042 136.674166666667 0.00461912499647417 1.3427604299485e-05 2.00000000
16136043 136.678784722222 0.00462423218241246 6.15209938041591e-06 2.00000000
16136044 136.701041666667 0.00462525330567913 6.28255979817333e-06 2.00000000
16136045 136.723090277778 0.00459905185586782 7.58038607911352e-06 2.00000000
16136046 136.741516203704 0.00456649566111235 6.59990667679037e-06 2.00000000
16136047 136.763275462963 0.00450962064951691 7.0417200012824e-06 2.00000000
16136048 136.783958333333 0.00445449562499714 6.90817613698575e-06 2.00000000
16136049 136.805555555556 0.00443128477858688 6.9274327063217e-06 2.00000000
16136050 136.82775462963 0.00440371779045392 7.18551786573104e-06 2.00000000
16136051 136.849571759259 0.004384198487093 7.83472506429197e-06 2.00000000
16136052 136.871226851852 0.00438194344039094 7.40305829420326e-06 2.00000000
16136053 136.893553240741 0.00437654614671181 6.82355918511998e-06 2.00000000
16136057 136.986851851852 0.00477066786811841 5.17379819143834e-06 2.00000000
16137001 137.008530092593 0.00471088545341199 5.92486797637941e-06 2.00000000
16137002 137.030543981481 0.00466783075046781 6.1480094111865e-06 2.00000000
16137003 137.052523148148 0.00463844002688349 6.16576124554531e-06 2.00000000
16137004 137.075162037037 0.00462091548499584 6.48166319157656e-06 2.00000000
16137005 137.096701388889 0.00459344616093084 7.49864086717159e-06 2.00000000
16137006 137.116666666667 0.00454112913792504 6.87217549828467e-06 2.00000000
16137007 137.138333333333 0.00446686458366708 6.9352351508333e-06 2.00000000
16137008 137.160034722222 0.00445019959544685 9.99618202646855e-06 2.00000000
16137009 137.1746875 0.00203641184110676 3.20686766128339e-06 2.00000000
16137010 137.192106481481 0.004398192094767 7.43716458503709e-06 2.00000000
16137011 137.21369212963 0.00436640709627367 7.2315305587028e-06 2.00000000
16137012 137.241157407407 0.00433670197623048 7.59323055656089e-06 2.00000000
16137013 137.263935185185 0.00430424861375788 7.49732883472457e-06 2.00000000
16137017 137.344016203704 0.00475527397510928 5.05792550676905e-06 2.00000000
16137018 137.367407407407 0.00470990012920913 5.58499811275229e-06 2.00000000
16137019 137.391944444444 0.00468002383697057 6.04927004912395e-06 2.00000000
16137020 137.414814814815 0.00463342387208776 6.36176159805959e-06 2.00000000
16137021 137.436631944444 0.00456528447043006 5.21792233943951e-06 2.00000000
16137022 137.472488425926 0.00449011567501116 9.69496818057194e-06 2.00000000
16137028 137.508865740741 0.00444889977250396 6.84675908858031e-06 2.00000000
16137029 137.531365740741 0.00442449749925879 6.41919974326396e-06 2.00000000
16137030 137.557835648148 0.00437552021925223 7.22777561686807e-06 2.00000000
16137031 137.580081018519 0.0043656215907466 9.14189222102936e-06 2.00000000
16137032 137.597303240741 0.00434870351891385 7.52664888121111e-06 2.00000000
16137033 137.619108796296 0.00433018005401368 9.39657514825638e-06 2.00000000
16137038 137.715891203704 0.00476395117981477 5.28221236921027e-06 2.00000000
16137039 137.737638888889 0.00470343005377171 5.92828427005987e-06 2.00000000
16137040 137.760439814815 0.00471165014351372 6.31739063312899e-06 2.00000000
16137041 137.782766203704 0.00466387810633617 6.43223619316266e-06 2.00000000
16137042 137.805509259259 0.0046127945151764 6.62691250322616e-06 2.00000000
16137043 137.82755787037 0.00454140703732059 6.55647740916426e-06 2.00000000
16137044 137.851226851852 0.00453570653313941 2.24318742942542e-05 2.00000000
16137045 137.856030092593 0.00449273138005151 7.09505706636798e-06 2.00000000
16137046 137.877928240741 0.00446073068413065 7.19288553647102e-06 2.00000000
16137047 137.899872685185 0.00444056170852199 7.25940474574154e-06 2.00000000
16137048 137.922210648148 0.00440180828742087 7.478692517757e-06 2.00000000
16137049 137.944305555556 0.0043554867144568 7.15218773353447e-06 2.00000000
16137051 137.980659722222 0.00432048517817636 1.68001934835439e-05 2.00000000
16137052 137.988449074074 0.00435667918269753 9.92095184342734e-06 2.00000000
16138013 138.094270833333 0.00467005446702798 1.33784150916333e-05 2.00000000
16138014 138.100081018519 0.00464348412660806 5.9064899245194e-06 2.00000000
16138015 138.122060185185 0.00461609190040705 6.12841589195758e-06 2.00000000
16138016 138.143703703704 0.00461361342586236 6.33611114845321e-06 2.00000000
16138017 138.165439814815 0.00460493724282026 6.50397228671424e-06 2.00000000
16138018 138.188078703704 0.00456357953210689 1.62296811529721e-05 2.00000000
16138019 138.192847222222 0.00454244337777903 1.24939758251033e-05 2.00000000
16138020 138.199791666667 0.00449944123022724 1.61874784002238e-05 2.00000000
16138021 138.206030092593 0.00447034210055453 6.95694423312943e-06 2.00000000
16138022 138.227662037037 0.00442473797934582 6.7874917302096e-06 2.00000000
16138023 138.251064814815 0.00437493303122413 7.13782473921914e-06 2.00000000
16138024 138.274143518519 0.00437147232086414 7.41736877974928e-06 2.00000000
16138025 138.296134259259 0.00433734001246767 7.44782600034687e-06 2.00000000
16138026 138.318240740741 0.00432882694229797 1.12572961265084e-05 2.00000000
16138027 138.331678240741 0.00429718886228319 7.69795120961787e-06 2.00000000
16138028 138.354027777778 0.00427518307069667 7.56858356206305e-06 2.00000000
16138029 138.37818287037 0.00426831251896227 9.79881585326053e-06 2.00000000
16138040 138.515289351852 0.00466855731603869 5.76458604415207e-06 2.00000000
16138042 138.541782407407 0.00462205412893144 5.94310677160819e-06 2.00000000
16138043 138.564293981481 0.00463141041946799 1.34123104025804e-05 2.00000000
16138044 138.570752314815 0.00459751546387838 6.11453568382095e-06 2.00000000
16138045 138.593136574074 0.00454317380039447 6.34116922416776e-06 2.00000000
16138046 138.614930555556 0.00451097741353906 6.31396054351617e-06 2.00000000
16138047 138.642326388889 0.00447038172364814 6.80748351958455e-06 2.00000000
16138048 138.663993055556 0.00445794178544465 6.9265642507726e-06 2.00000000
16138049 138.685729166667 0.00443742558705344 7.0321163779642e-06 2.00000000
16138050 138.708356481481 0.00442104936195135 7.11494736559313e-06 2.00000000
16138051 138.731550925926 0.00439075083333288 7.43254275083551e-06 2.00000000
16138052 138.754224537037 0.00436073021862277 7.60137710652803e-06 2.00000000
16138053 138.776076388889 0.00437914847794859 0.000108279501009914 2.00000000
16138054 138.779895833333 0.00434099515537033 8.10904198459715e-06 2.00000000
16138055 138.8015625 0.00433017670836509 1.83405800046486e-05 2.00000000
16138059 138.868923611111 0.00480278425181224 5.5704858610248e-06 2.00000000
16138060 138.889224537037 0.00476347804062684 3.87289417511125e-05 2.00000000
16138061 138.890428240741 0.00475509853233987 5.45212206502758e-06 2.00000000
16138062 138.911898148148 0.00472525373487805 5.63128434810961e-06 2.00000000
16138063 138.933877314815 0.00472664771491696 5.81317595159933e-06 2.00000000
16138064 138.955810185185 0.00467777957653242 5.83605459414364e-06 2.00000000
16138065 138.978842592593 0.00464519634527903 9.40874960946328e-06 2.00000000
16138066 138.990601851852 0.00457482523477706 8.75003398579605e-06 2.00000000
16139001 139.007060185185 0.0045366438613242 1.47542151365876e-05 2.00000000
16139002 139.011655092593 0.0045455482973662 6.9981832463105e-06 2.00000000
16139003 139.033194444444 0.00446883542490087 7.05557050876827e-06 2.00000000
16139004 139.054814814815 0.00441638060335032 7.28350000883762e-06 2.00000000
16139005 139.076493055556 0.00436463852857992 7.42141984761229e-06 2.00000000
16139006 139.097951388889 0.00433676937608274 2.63082249470658e-05 2.00000000
16139007 139.10162037037 0.00433513365181861 1.0150198611484e-05 2.00000000
16139008 139.115949074074 0.00431631576450308 7.75276277261013e-06 2.00000000
16139009 139.137685185185 0.00428029836951584 7.92535292797672e-06 2.00000000
16139010 139.159131944444 0.00426210768502591 8.02924692945319e-06 2.00000000
16139011 139.18087962963 0.00426958449440886 8.22578223752753e-06 2.00000000
16139012 139.202361111111 0.00425715001012765 8.37353779869523e-06 2.00000000
16139013 139.223969907407 0.00421165966049235 1.25651742597554e-05 2.00000000
16139021 139.298703703704 0.00469046438348065 8.19370394108506e-06 2.00000000
16139022 139.308229166667 0.00464572738970904 5.66780577424001e-06 2.00000000
16139023 139.330185185185 0.00461490270757591 5.98962787193935e-06 2.00000000
16139024 139.352037037037 0.00456309349542282 6.19009959187269e-06 2.00000000
16139025 139.373020833333 0.00453645632739093 6.18749496229751e-06 2.00000000
16139026 139.394953703704 0.00447686904969168 6.93905262683821e-06 2.00000000
16139027 139.417465277778 0.00440030668117896 7.3621251443222e-06 2.00000000
16139028 139.435219907407 0.004383395787977 6.67292022645453e-06 2.00000000
16139029 139.457048611111 0.00435291570067517 6.88047253314787e-06 2.00000000
16139030 139.478935185185 0.00431467167109426 6.67482523956634e-06 2.00000000
16139031 139.503043981481 0.00428908134847527 8.36975472332854e-06 2.00000000
16139032 139.519872685185 0.00423403837488582 8.79801650719479e-06 2.00000000
16139033 139.537835648148 0.00422292113662824 7.59085101874652e-06 2.00000000
16139034 139.559502314815 0.0042069338483069 1.21880572488166e-05 2.00000000
16139054 139.925590277778 0.00468208976763676 8.66710965202856e-06 2.00000000
16139055 139.942951388889 0.00459951728150211 7.00921898402995e-06 2.00000000
16139056 139.965798611111 0.00456162109245861 7.8342916219347e-06 2.00000000
16139057 139.987604166667 0.00454541164037802 7.16428239682734e-06 2.00000000
16140001 140.009247685185 0.00452425944056877 7.07044356991427e-06 2.00000000
16140002 140.030810185185 0.00447123589273735 7.07641856620529e-06 2.00000000
16140003 140.055196759259 0.00441399195852164 7.42902160580336e-06 2.00000000
16140004 140.076678240741 0.00441137081103102 9.39101468494168e-06 2.00000000
16140007 140.099375 0.00433129545519649 1.60471520703434e-05 2.00000000
16140008 140.106273148148 0.00430772533167065 7.70232790043672e-06 2.00000000
16140009 140.127673611111 0.00426783589778154 7.95933578148495e-06 2.00000000
16140010 140.14912037037 0.00426446253189145 7.47363278748051e-06 2.00000000
16140011 140.179074074074 0.00423894483536194 9.00315248959578e-06 2.00000000
16140012 140.198553240741 0.00422698326025283 8.5522325898957e-06 2.00000000
16140013 140.220520833333 0.00419873083047755 8.9541163086587e-06 2.00000000
16140014 140.241956018518 0.00421060467925538 1.91258029910631e-05 2.00000000
16140015 140.2578125 0.00416265460647051 2.36666126630082e-05 2.00000000
16140016 140.268425925926 0.00420435407645137 1.66843212455577e-05 2.00000000
16141003 141.047303240741 0.00475316171236137 8.35658496561174e-06 2.00000000
16141004 141.061354166667 0.00472526927032273 1.285365951688e-05 2.00000000
16141005 141.070046296296 0.00470684410440715 5.48894154965617e-06 2.00000000
16141006 141.091863425926 0.00469070590270917 1.07320331867346e-05 2.00000000
16141007 141.100162037037 0.00469625763840742 6.545541835798e-06 2.00000000
16141008 141.121886574074 0.00465517346664912 6.68006265481471e-06 2.00000000
16141009 141.143449074074 0.00460349992842814 6.08169879905624e-06 2.00000000
16141010 141.173460648148 0.00455515042667323 7.39448537699416e-06 2.00000000
16141011 141.214733796296 0.00446278901648177 1.01090308579196e-05 2.00000000
16141014 141.241574074074 0.00446443494205234 8.20586604544732e-06 2.00000000
16141016 141.265347222222 0.00437615283892515 8.14239983442656e-06 2.00000000
16141017 141.288425925926 0.00432661176269013 1.383106692682e-05 2.00000000
16141018 141.299571759259 0.00681858855346325 1.65932979738375e-05 2.00000000
16141019 141.314988425926 0.00433590588330321 1.85792006222234e-05 2.00000000
16141021 141.321840277778 0.00427772910623487 8.70501099026189e-06 2.00000000
16141022 141.3434375 0.00426713842219833 1.24359261172007e-05 2.00000000
16141029 141.414050925926 0.00472832792961249 6.8880276069274e-06 2.00000000
16141031 141.429131944444 0.00468899961402215 9.51408493367425e-06 2.00000000
16141032 141.438344907407 0.00467580539203532 5.95678164570907e-06 2.00000000
16141033 141.459918981481 0.00464895734806371 6.1968938228539e-06 2.00000000
16141034 141.481458333333 0.00463231156237892 6.49596563954415e-06 2.00000000
16141035 141.50306712963 0.00469678495747811 7.31471239056648e-06 2.00000000
16141036 141.525150462963 0.00475074668385959 1.66327924330723e-05 2.00000000
16141037 141.534872685185 0.00463548528829377 1.03019178229049e-05 2.00000000
16141038 141.548900462963 0.00458901917428313 7.86219290709242e-06 2.00000000
16141040 141.57443287037 0.00454239852681041 8.56463621759705e-06 2.00000000
16141041 141.595266203704 0.00457765862769481 2.56124387790178e-05 2.00000000
16141049 141.9634375 0.00482507152589487 4.98259559970008e-06 2.00000000
16141050 141.985636574074 0.00474423546453969 5.74636576077793e-06 2.00000000
16142001 142.007094907407 0.00470193875426428 6.03007254056788e-06 2.00000000
16142002 142.028877314815 0.00465566062669716 9.14991277801739e-06 2.00000000
16142003 142.042395833333 0.00464195641527332 6.31649127063105e-06 2.00000000
16142004 142.063900462963 0.00586509767669678 9.20019482113749e-06 2.00000000
16142005 142.085983796296 0.00456134188656566 1.21551794383126e-05 2.00000000
16142006 142.096574074074 0.00453029825700862 6.86297251614605e-06 2.00000000
16142007 142.118460648148 0.00448390920991861 7.1686088663428e-06 2.00000000
16142008 142.140034722222 0.00443421153541085 7.33935717272691e-06 2.00000000
16142010 142.164085648148 0.00440230242600021 7.53756173178898e-06 2.00000000
16142012 142.188576388889 0.00438720301521518 7.7938128417682e-06 2.00000000
16142013 142.210011574074 0.00437786799617008 1.23906777380449e-05 2.00000000
16142014 142.221585648148 0.00434236436271383 8.05140265462805e-06 2.00000000
16142015 142.243587962963 0.00433524614374454 1.17808447862509e-05 2.00000000
16142022 142.322916666667 0.00479846778185155 5.72620232720968e-06 2.00000000
16142024 142.341689814815 0.00472339849018089 5.72041306062681e-06 2.00000000
16142025 142.363425925926 0.00470161968191151 1.2028616583937e-05 2.00000000
16142027 142.372233796296 0.00465317312909774 5.99807619938764e-06 2.00000000
16142028 142.393854166667 0.00463069939114617 6.19617120943202e-06 2.00000000
16142032 142.423761574074 0.00454455353046662 5.91653306923524e-06 2.00000000
16142035 142.456493055556 0.00449204531002733 6.90569976555695e-06 2.00000000
16142036 142.47806712963 0.00446549288438037 7.10048481410725e-06 2.00000000
16142037 142.499722222222 0.00443656566989566 7.41716865059396e-06 2.00000000
16142038 142.521319444444 0.00439715702271508 7.57585418357364e-06 2.00000000
16142039 142.542858796296 0.00438344511693636 7.80996079554705e-06 2.00000000
16142041 142.566157407407 0.00436401913585236 1.36887069480527e-05 2.00000000
16142044 142.578634259259 0.004336451211258 8.14310380805381e-06 2.00000000
16142046 142.600972222222 0.00435088638981044 3.08739384728411e-05 2.00000000
16142048 142.606099537037 0.00433175610423128 3.32360659417588e-05 2.00000000
16142061 142.672581018519 0.00473666642802599 5.06592915891216e-06 2.00000000
16142065 142.698831018519 0.00463442051819518 5.78040529847993e-06 2.00000000
16142066 142.720555555556 0.00461572131102684 6.00277997454213e-06 2.00000000
16142067 142.742164351852 0.00459108278265516 6.33757899702216e-06 2.00000000
16142068 142.763784722222 0.00454504551107262 6.18782551032202e-06 2.00000000
16142069 142.78744212963 0.00449339083461043 8.22885169385019e-06 2.00000000
16142070 142.803784722222 0.00447721949803071 6.78728701422889e-06 2.00000000
16142071 142.825613425926 0.0044207947601812 7.01477965712173e-06 2.00000000
16142072 142.847164351852 0.00435519458008707 7.57376200400473e-06 2.00000000
16142073 142.867939814815 0.00317107163677764 4.42923613783674e-05 2.00000000
16142074 142.871365740741 0.00320312802280386 4.53294825606008e-05 2.00000000
16142075 142.873900462963 0.00432934747204462 1.50353401694445e-05 2.00000000
16142076 142.879282407407 0.00434957107950112 7.48270800479017e-06 2.00000000
16142077 142.9009375 0.0641110841483524 0.00012415910350307 2.00000000
16142078 142.920474537037 0.0043192748555403 4.20914344989698e-05 2.00000000
16142079 142.924386574074 0.0042987765771048 8.07971473970098e-06 2.00000000
16142080 142.944664351852 0.00429166800737321 7.31517942811721e-06 2.00000000
16143002 143.03 0.00477966930752009 4.8857774760838e-06 2.00000000
16143003 143.052314814815 0.00470061466099195 5.70228067270703e-06 2.00000000
16143004 143.073761574074 0.00465972578382427 5.87939638331131e-06 2.00000000
16143005 143.095405092593 0.00463123161987858 6.13155004626606e-06 2.00000000
16143006 143.116886574074 0.00460038672393599 6.33926632361277e-06 2.00000000
16143007 143.138368055556 0.00455829521680224 1.29545148512202e-05 2.00000000
16143008 143.148854166667 0.00455236499551128 2.32635047818913e-05 2.00000000
16143009 143.157592592593 0.00450572910150156 6.81586219824551e-06 2.00000000
16143010 143.179560185185 0.00446101813603169 7.09850184399443e-06 2.00000000
16143011 143.201122685185 0.00440669438944482 7.3565329387147e-06 2.00000000
16143012 143.222615740741 0.00437723970656548 7.6313357519709e-06 2.00000000
16143013 143.244085648148 0.00433679230278181 7.88447618310533e-06 2.00000000
16143014 143.265555555556 0.00433117311224908 1.18026127501427e-05 2.00000000
16143015 143.27837962963 0.00430349487170999 8.20947664020931e-06 2.00000000
16143016 143.300902777778 0.00431179202261776 9.69775483972039e-06 2.00000000
16143018 143.333275462963 0.00427267249067396 1.17881198374765e-05 2.00000000
16143019 143.344988425926 0.00426571303501155 8.11537971965332e-06 2.00000000
16143020 143.371770833333 0.00426058909321732 9.31449343569034e-06 2.00000000
16143021 143.393287037037 0.00425375333624457 9.60683625690158e-06 2.00000000
16143022 143.414872685185 0.00428238947790605 1.19246903873719e-05 2.00000000
16143031 143.482824074074 0.00477296872253849 6.48220109473341e-06 2.00000000
16143032 143.495520833333 0.0047133643627315 5.71215200745826e-06 2.00000000
16143033 143.51712962963 0.00465778913677885 5.89945399057842e-06 2.00000000
16143034 143.53837962963 0.00459946433204244 5.93451063838636e-06 2.00000000
16143035 143.560474537037 0.00456114138618981 6.19698604722004e-06 2.00000000
16143036 143.582430555556 0.00450090552299509 6.4296922462111e-06 2.00000000
16143038 143.609016203704 0.0044592090262118 7.32924589184447e-06 2.00000000
16143039 143.626967592593 0.00440822788372006 7.2681791720172e-06 2.00000000
16143040 143.64619212963 0.00438822189659803 6.72343567058809e-06 2.00000000
16143041 143.670231481481 0.00435269685265591 7.0988008634957e-06 2.00000000
16143042 143.69255787037 0.00432809959293482 7.49355598585532e-06 2.00000000
16143043 143.714027777778 0.00431220854266642 9.08323061880624e-06 2.00000000
16143044 143.731990740741 0.0042909102738294 7.89320611674958e-06 2.00000000
16143045 143.753657407407 0.00429794442075323 8.39452079344127e-06 2.00000000
16143052 143.837789351852 0.00476179398468472 5.06649977903536e-06 2.00000000
16143053 143.860173611111 0.00468356837396825 5.90934424496867e-06 2.00000000
16143054 143.881724537037 0.00463831921424163 6.21234012850729e-06 2.00000000
16143055 143.903275462963 0.00459510441930045 6.24540257539901e-06 2.00000000
16143056 143.924826388889 0.00455263198729104 6.61222577440453e-06 2.00000000
16143057 143.944513888889 0.00450291672773712 6.99797722756514e-06 2.00000000
16143058 143.964722222222 0.00445122251776269 6.70019014022286e-06 2.00000000
16143059 143.986481481481 0.00442404495712507 6.86219236508175e-06 2.00000000
16144001 144.008310185185 0.00439113392785952 7.11161342739648e-06 2.00000000
16144002 144.029814814815 0.00438645702031527 7.33354745222788e-06 2.00000000
16144003 144.051331018519 0.00434488980229496 7.60642023797262e-06 2.00000000
16144004 144.072824074074 0.00433833333205527 9.49369383180214e-06 2.00000000
16144005 144.090231481481 0.00430390711378804 7.91490085503475e-06 2.00000000
16144007 144.117835648148 0.00430592311069363 1.13175545505003e-05 2.00000000
16144012 144.177175925926 0.00487315439295012 4.88915282322924e-06 2.00000000
16144013 144.199988425926 0.00473629474939361 5.80327834979952e-06 2.00000000
16144014 144.221574074074 0.00470007675386549 5.99457952969581e-06 2.00000000
16144015 144.243136574074 0.00463890551729974 6.041138319455e-06 2.00000000
16144016 144.264791666667 0.00459269791055136 6.13807147007492e-06 2.00000000
16144017 144.287638888889 0.00451778679335162 2.92972995111716e-05 2.00000000
16144018 144.29431712963 0.00453753550658846 1.2241648549394e-05 2.00000000
16144019 144.303425925926 0.00448236858651266 6.6206102007485e-06 2.00000000
16144020 144.325092592593 0.00444460376388793 7.10609180774407e-06 2.00000000
16144021 144.345648148148 0.00440687702565755 6.99594027712775e-06 2.00000000
16144022 144.36744212963 0.00435838967884988 9.85621656833171e-06 2.00000000
16144023 144.383055555556 0.00435001511002311 7.50789647838259e-06 2.00000000
16144024 144.404525462963 0.00434164980804361 7.83679254121863e-06 2.00000000
16144025 144.42875 0.00430518866037637 8.69118849383951e-06 2.00000000
16144026 144.450509259259 0.00427776399810938 9.31574049823438e-06 2.00000000
16144037 144.530532407407 0.00477326757904292 1.1774764274548e-05 2.00000000
16144038 144.53494212963 0.00470978081110645 7.60554944612242e-06 2.00000000
16144039 144.546354166667 0.00465317365179065 5.64889520687869e-06 2.00000000
16144040 144.567824074074 0.00460494185303977 5.67697086165593e-06 2.00000000
16144041 144.591238425926 0.00456621779192129 1.54087834182765e-05 2.00000000
16144042 144.599282407407 0.00454773192405686 6.3483512948175e-06 2.00000000
16144043 144.620798611111 0.00452308426064454 1.05623616028796e-05 2.00000000
16144054 144.758784722222 0.00488694464073645 0.000116746554855953 2.00000000
16144055 144.760231481481 0.0047068486251489 4.7525789921904e-06 2.00000000
16144056 144.784155092593 0.00461595210665143 5.61366803863972e-06 2.00000000
16144057 144.8059375 0.00459295489567329 1.38802878515122e-05 2.00000000
16144059 144.812210648148 0.00458774692392061 1.71016995508276e-05 2.00000000
16144060 144.820960648148 0.00453684484130092 4.01736126787828e-05 2.00000000
16144061 144.82212962963 0.00453925343500776 6.30863958773777e-06 2.00000000
16144062 144.841747685185 0.00454396033778019 2.36373807188736e-05 2.00000000
16144064 144.847106481481 0.797233246994535 0.00191526721580061 2.00000000
16144065 144.850868055556 0.00437333734999725 6.15696572806376e-06 2.00000000
16144070 144.893981481481 0.00440856016235719 6.70332509795369e-06 2.00000000
16144071 144.9159375 0.00436029942606551 7.12454984275193e-06 2.00000000
16144072 144.93724537037 0.00433302210595326 1.24926573122111e-05 2.00000000
16144073 144.946805555556 0.00429041497606516 7.25854680342439e-06 2.00000000
16144074 144.968391203704 0.00424111467996605 1.19562186955325e-05 2.00000000
16144075 144.977476851852 0.0042574337174696 7.56945190167374e-06 2.00000000
16144076 144.998993055556 0.00422768909719345 1.18362319156995e-05 2.00000000
16145001 145.012962962963 0.00425098406488422 1.23173502254949e-05 2.00000000
16145002 145.022881944444 0.00422663976574165 1.61865331438635e-05 2.00000000
16145003 145.031157407407 0.00422094710380644 8.48811861236658e-06 2.00000000
16145008 145.115625 0.00473809698254274 2.22398407672323e-05 2.00000000
16145009 145.117905092593 0.00472933914706635 1.51591381210859e-05 2.00000000
16145010 145.121493055556 0.00464655975365305 5.67672669117723e-06 2.00000000
16145011 145.143287037037 0.00458695517920468 5.72328910721537e-06 2.00000000
16145012 145.164803240741 0.00456439400241076 5.90801013844985e-06 2.00000000
16145013 145.186342592593 0.00450951685038062 6.02589690596737e-06 2.00000000
16145014 145.207835648148 0.00446291667398379 6.35344936506221e-06 2.00000000
16145015 145.229409722222 0.00444949950758948 9.32028255227531e-06 2.00000000
16145016 145.241759259259 0.00440283162265857 6.6145794379421e-06 2.00000000
16145017 145.263333333333 0.00436261174870992 6.79770088999853e-06 2.00000000
16145018 145.28474537037 0.00430918867631535 6.97544549803429e-06 2.00000000
16145019 145.3065625 0.00427486950213044 7.09198249164695e-06 2.00000000
16145020 145.329305555556 0.00427873263749375 7.54359025563035e-06 2.00000000
16145021 145.350266203704 0.00425720728290997 8.22429721600835e-06 2.00000000
16145022 145.37193287037 0.00422337958942377 7.715844760457e-06 2.00000000
16145023 145.394097222222 0.00419989419466711 7.46359068502409e-06 2.00000000
16145024 145.419456018519 0.00420190953409705 1.58461481931453e-05 2.00000000
16145035 145.510243055556 0.0045923627340707 5.81704005970044e-06 2.00000000
16145036 145.528321759259 0.00452808502378007 5.7951588923768e-06 2.00000000
16145037 145.549756944444 0.00451127490046381 1.07968589324697e-05 2.00000000
16145039 145.559178240741 0.00444261166040509 6.05662067893025e-06 2.00000000
16145040 145.580706018519 0.00445405985922659 6.35287508852948e-06 2.00000000
16145041 145.602222222222 0.00439905609032322 6.63025231168167e-06 2.00000000
16145042 145.622395833333 0.00436402641880055 6.94375434803038e-06 2.00000000
16145043 145.647719907407 0.00431012762999909 6.95597879364994e-06 2.00000000
16145044 145.669293981481 0.00426898849680207 7.16341522249853e-06 2.00000000
16145045 145.690914351852 0.00425606891078235 7.36774641076258e-06 2.00000000
16145046 145.712488425926 0.00421554084825197 7.51021505661217e-06 2.00000000
16145048 145.739606481481 0.00420066469864551 7.7992264717349e-06 2.00000000
16145049 145.76537037037 0.0041783303858681 8.27748726063638e-06 2.00000000
16145050 145.786157407407 0.00418645957338976 9.91120193080412e-06 2.00000000
16145055 145.847256944444 0.00464154570468696 4.715027875942e-06 2.00000000
16145056 145.870775462963 0.00454523866309692 5.59195646927405e-06 2.00000000
16145057 145.892465277778 0.00450622551819353 5.78523159877271e-06 2.00000000
16145058 145.914085648148 0.00445476676720486 6.0539071955572e-06 2.00000000
16145059 145.935891203704 0.00441412088966127 6.90870053822312e-06 2.00000000
16145060 145.953784722222 0.00436314631675291 7.05750758485275e-06 2.00000000
16145061 145.974201388889 0.00436492001983718 6.6444977287945e-06 2.00000000
16146002 146.009837962963 0.00428710809672765 1.0340329067379e-05 2.00000000
16146003 146.021527777778 0.00426690894170398 7.1630489803987e-06 2.00000000
16146004 146.043611111111 0.00425333186758845 7.3466620559935e-06 2.00000000
16146005 146.065787037037 0.0042009704547248 7.36093087766121e-06 2.00000000
16146006 146.089699074074 0.00419377054091612 1.51167889248115e-05 2.00000000
16146007 146.098657407407 0.00420052163201001 8.01901573776537e-06 2.00000000
16146008 146.120439814815 0.00417744824427632 8.85157431963553e-06 2.00000000
16146014 146.2065625 0.00470166730305366 4.93778402345625e-06 2.00000000
16146015 146.228090277778 0.0046069683670727 5.97527151393505e-06 2.00000000
16146016 146.244988425926 0.00458224423054942 6.04408130153735e-06 2.00000000
16146051 146.531956018519 0.00464873968582288 6.44422537218194e-06 2.00000000
16146052 146.5478125 0.00459238686416579 9.76306833906792e-06 2.00000000
16146097 146.63380787037 0.00462960836161788 5.65825049350663e-06 2.00000000
16146098 146.652268518519 0.004552628854119 5.77026340124843e-06 2.00000000
16146099 146.673981481481 0.00452553293274731 1.16643207690207e-05 2.00000000
16146100 146.684328703704 0.00449962048153276 6.75487130354734e-06 2.00000000
16146106 146.773125 0.0046363028780165 5.80713649262812e-06 2.00000000
16146107 146.790393518519 0.004577652426694 5.91514431379926e-06 2.00000000
16146109 146.814340277778 0.0045044520997255 6.02370843799802e-06 2.00000000
16146111 146.840034722222 0.00445790748304015 6.1876736747105e-06 2.00000000
16146112 146.861608796296 0.00444518157885512 7.06376637364489e-06 2.00000000
16146114 146.880671296296 0.00440101533930905 8.90663541490306e-06 2.00000000
16146115 146.897291666667 0.00436723201181265 6.69278130961226e-06 2.00000000
16146116 146.920763888889 0.00431398111072717 6.95565103925034e-06 2.00000000
16146117 146.943425925926 0.00427267370287442 8.74040184271066e-06 2.00000000
16146118 146.958715277778 0.00425660261892992 7.44562019438608e-06 2.00000000
16146119 146.980266203704 0.00423103316561017 9.15073800493905e-06 2.00000000
16146120 146.996979166667 0.00425958460090731 1.96411946012885e-05 2.00000000
16147006 147.104965277778 0.00466205343917314 4.94480535514283e-06 2.00000000
16147007 147.126863425926 0.00458627958081675 5.97334741566824e-06 2.00000000
16147008 147.150590277778 0.00453967892507968 6.18408748845495e-06 2.00000000
16147009 147.172314814815 0.00446912281756412 6.18341652890838e-06 2.00000000
16147010 147.193993055556 0.00441737992177917 6.18625159553128e-06 2.00000000
16147011 147.215694444444 0.00438181344735692 2.58996442461083e-05 2.00000000
16147012 147.219548611111 0.00437222015091409 9.44864921808478e-06 2.00000000
16147013 147.232280092593 0.00434232572836614 7.46752040815465e-06 2.00000000
16147014 147.253553240741 0.00432804043584573 6.9188978610686e-06 2.00000000
16147056 147.698090277778 0.00476358122080606 5.97503866520854e-06 2.00000000
16147057 147.714756944444 0.00468321869757869 5.80961757240903e-06 2.00000000
16147058 147.736608796296 0.00462500116608858 9.76107694517372e-06 2.00000000
16147059 147.745347222222 0.00458678426709347 5.94697220149671e-06 2.00000000
16147060 147.766840277778 0.00457120834643064 6.49194890369369e-06 2.00000000
16147061 147.791053240741 0.00452762249608025 7.3322803724192e-06 2.00000000
16147062 147.80912037037 0.00451839737188249 1.12609343176464e-05 2.00000000
16147063 147.819513888889 0.00446016500543239 7.06207265354524e-06 2.00000000
16147064 147.841030092593 0.00443672210810932 7.27124003880004e-06 2.00000000
16147065 147.862569444444 0.00436985440342982 7.48436607221277e-06 2.00000000
16147066 147.8840625 0.00433178907373821 7.80413730074102e-06 2.00000000
16147067 147.905763888889 0.00432704549721635 7.64844687361988e-06 2.00000000
16147068 147.927962962963 0.0042977849517099 1.11372375506363e-05 2.00000000
16147069 147.943240740741 0.0042513651746985 8.22638373519137e-06 2.00000000
16147070 147.964791666667 0.0042439097806922 8.70014491151097e-06 2.00000000
16148002 148.037106481481 0.00477115337704877 4.7290429038212e-06 2.00000000
16148003 148.059976851852 0.00466131192298948 6.21836504133611e-06 2.00000000
16148004 148.075231481481 0.00461301410511211 5.70738661427335e-06 2.00000000
16148005 148.096990740741 0.0045613162777635 5.97118907288422e-06 2.00000000
16148006 148.118680555556 0.00452794330267597 6.18201642651639e-06 2.00000000
16148007 148.140428240741 0.00447589457314173 6.81541169135261e-06 2.00000000
16148008 148.162511574074 0.00441532052877159 6.90059335225507e-06 2.00000000
16148009 148.184166666667 0.00432336329986785 7.10371557634144e-06 2.00000000
16148010 148.205752314815 0.00428452357433238 7.1681531651049e-06 2.00000000
16148011 148.228738425926 0.00362093479239622 6.96696895712276e-06 2.00000000
16148012 148.250335648148 0.00188006669345086 8.04153595014296e-06 2.00000000
16148017 148.289039351852 0.00426117275296928 7.18058607372314e-05 2.00000000
16148018 148.294409722222 0.00430231910634728 0.000134770501693448 2.00000000
16148019 148.299618055556 0.0042676000266538 8.27858414360555e-06 2.00000000
16148020 148.323009259259 0.00422780371220237 8.92245896589825e-06 2.00000000
16148021 148.34474537037 0.00421290244005252 2.48371273018606e-05 2.00000000
16148022 148.35505787037 0.00424102749551658 1.14937751960097e-05 2.00000000
16149001 149.006377314815 0.00491645842884658 4.90207839146891e-06 2.00000000
16149002 149.035891203704 0.00475274944448868 5.38739404383952e-06 2.00000000
16149003 149.057615740741 0.00312455230120353 0.00270594121403711 2.00000000
16149004 149.061273148148 0.00467187992926593 6.05310813506305e-06 2.00000000
16149005 149.081157407407 0.00461193882443021 6.54868664224418e-06 2.00000000
16149006 149.102916666667 0.00459175241235619 1.02968475379436e-05 2.00000000
16149007 149.153946759259 0.00445164007614748 2.41567654709282e-05 2.00000000
16149008 149.159699074074 0.00443990797887078 4.05232656547394e-05 2.00000000
16149009 149.163252314815 0.004408424596878 2.32569598812338e-05 2.00000000
16149010 149.171689814815 0.00438780463608394 8.00614409851048e-06 2.00000000
16149011 149.193784722222 0.00433254843495514 9.7374166598194e-06 2.00000000
16149013 149.215393518519 0.00436355330828634 8.59934792165186e-06 2.00000000
16149014 149.240138888889 0.00441184743390585 1.05927549427574e-05 2.00000000
16149024 149.36505787037 0.00470937784009368 1.25636843151935e-05 2.00000000
16149025 149.370578703704 0.00468006688726603 2.17617592545498e-05 2.00000000
16149044 149.774722222222 0.00483616199221303 5.52082344795061e-06 2.00000000
16149048 149.828356481482 0.00469337855043403 9.23369173071565e-06 2.00000000
16149049 149.842118055556 0.00464988408369131 6.11762998216061e-06 2.00000000
16149050 149.863645833333 0.00461487097920906 6.19763125025592e-06 2.00000000
16149051 149.885023148148 0.0045805849166647 1.48418615003115e-05 2.00000000
16149052 149.891956018519 0.00456811879116971 6.42632861169297e-06 2.00000000
16149053 149.913842592593 0.00452884911559784 6.64360921650069e-06 2.00000000
16149054 149.935081018519 0.00448735508502561 6.56796114863846e-06 2.00000000
16149055 149.957071759259 0.00446974068867323 6.86450074833519e-06 2.00000000
16149056 149.97806712963 0.00445402533205413 6.9111459533908e-06 2.00000000
16149057 149.999618055556 0.0044212699551045 1.65704318838891e-05 2.00000000
16150001 150.008136574074 0.411016367725148 0.0128831673063939 2.00000000
16150004 150.041516203704 0.00438403411628576 1.01282057678511e-05 2.00000000
16150010 150.105717592593 0.00370704797310292 3.63157249638602e-06 2.00000000
16150011 150.127511574074 0.0047129083512571 5.92301701584382e-06 2.00000000
16150012 150.149108796296 0.00467675626862771 6.05793057123979e-06 2.00000000
16150013 150.170671296296 0.00463105226129587 9.01178413463055e-06 2.00000000
16150014 150.186319444444 0.00461228056158968 6.25543371738411e-06 2.00000000
16150015 150.208032407407 0.00456474589188238 6.71277591716927e-06 2.00000000
16150016 150.2303125 0.00452606709787581 8.8698739450793e-06 2.00000000
16150018 150.247662037037 0.00449285307611663 8.4721841208504e-06 2.00000000
16150019 150.262175925926 0.0044421568964318 6.51577350214909e-06 2.00000000
16150020 150.287939814815 0.00441871938039907 6.93862483309254e-06 2.00000000
16150021 150.310208333333 0.00438885107874191 7.15793954919282e-06 2.00000000
16150022 150.332071759259 0.00437920394377977 7.34166758633725e-06 2.00000000
16150023 150.356018518519 0.00437563885226316 7.3569238264406e-06 2.00000000
16150024 150.379502314815 0.0043462895159745 8.54182733774566e-06 2.00000000
16150042 150.632696759259 0.00485735123605167 1.40902623820451e-05 2.00000000
16150044 150.637465277778 0.00481217015651522 5.20161399212719e-06 2.00000000
16150045 150.659282407407 0.00473853397115624 5.35123526627928e-06 2.00000000
16150046 150.680752314815 0.00469355190747092 5.68430434996405e-06 2.00000000
16150047 150.702696759259 0.6602844759049 0.00601433542505821 2.00000000
16150048 150.703784722222 0.0046482927867036 6.05381562782115e-06 2.00000000
16150049 150.7253125 0.00459990103116076 6.46869057445398e-06 2.00000000
16150050 150.745717592593 0.00458371987903656 1.41550316723658e-05 2.00000000
16150052 150.754363425926 0.00452249243987421 6.29206724702363e-06 2.00000000
16150053 150.775960648148 0.00450177641644127 1.3921044073573e-05 2.00000000
16150054 150.783391203704 0.00447542485241914 6.38816043610117e-06 2.00000000
16150055 150.804814814815 0.00443977719033475 6.59714047528572e-06 2.00000000
16150056 150.826087962963 0.00441799710690349 6.77987718972167e-06 2.00000000
16150057 150.847604166667 0.00439495434948924 7.70708888931041e-06 2.00000000
16150058 150.865023148148 0.00437183415023464 1.00564957230347e-05 2.00000000
16150059 150.878645833333 0.00433724518559292 7.28598029667414e-06 2.00000000
16150060 150.899409722222 0.222006620170066 0.000871133907261291 2.00000000
16150061 150.904861111111 0.00428570581600861 1.12362239359873e-05 2.00000000
16150065 150.967777777778 0.00481293738474734 4.89314754779358e-06 2.00000000
16150066 150.99162037037 0.00474093594452086 5.44510414343615e-06 2.00000000
16151001 151.013217592593 0.0046757350274101 5.43658821644306e-06 2.00000000
16151002 151.035393518519 0.00463056528775991 5.92626958992638e-06 2.00000000
16151003 151.057372685185 0.00460630721529718 2.8202918188767e-05 2.00000000
16151004 151.05912037037 0.00459955665403739 2.89225293356542e-05 2.00000000
16151005 151.060902777778 0.00459581435289679 6.21710642745119e-06 2.00000000
16151006 151.083090277778 0.00454991548989969 1.52761250682658e-05 2.00000000
16151010 151.094548611111 0.000644781135184296 1.88692167857171e-06 2.00000000
16151021 151.300972222222 0.00474607430475098 9.98119521909166e-06 2.00000000
16151022 151.325150462963 0.00468325637011648 7.48481302131218e-06 2.00000000
16151023 151.335543981481 0.00466645015105349 8.10180135790333e-06 2.00000000
16151024 151.345763888889 0.00463847428673619 7.10374856593834e-06 2.00000000
16151025 151.359756944444 0.00460282349133505 5.99292002661695e-06 2.00000000
16151026 151.381585648148 0.00456632858261358 7.71393059749271e-06 2.00000000
16151027 151.397696759259 0.00451960629795112 6.25074945523692e-06 2.00000000
16151028 151.419328703704 0.00449282657227674 5.99786074985092e-06 2.00000000
16151029 151.443055555556 0.00444792403771822 6.34714546527276e-06 2.00000000
16151030 151.465185185185 0.00439188597722308 9.98064035157756e-06 2.00000000
16151031 151.476875 0.00437503705407458 6.64964675734001e-06 2.00000000
16151032 151.499386574074 0.00433771207698412 6.72423575616179e-06 2.00000000
16151034 151.533344907407 0.00430862389128814 8.23975580112774e-06 2.00000000
16151035 151.548842592593 0.00429906545027726 8.91759162932396e-06 2.00000000
16151041 151.627766203704 0.00480194194657306 5.09801464527627e-06 2.00000000
16151042 151.649375 0.00468802306565601 5.40119479815891e-06 2.00000000
16151043 151.670659722222 0.00463719555243191 6.14314034101825e-06 2.00000000
16151044 151.691203703704 0.00457684117382109 6.17472014741646e-06 2.00000000
16151045 151.712418981481 0.00454114298482449 6.01586274420641e-06 2.00000000
16151046 151.733900462963 0.00450590824758494 6.78776020463223e-06 2.00000000
16151047 151.753958333333 0.330782722240438 0.00946516451357833 2.00000000
16151048 151.754872685185 0.00446752479278703 6.25535630172553e-06 2.00000000
16151049 151.776122685185 0.00445324304734186 6.26635552692332e-06 2.00000000
16151050 151.797662037037 0.00440076242094115 7.05155479588719e-06 2.00000000
16151053 151.819085648148 0.00439646119500946 8.76556486175815e-06 2.00000000
16151054 151.831099537037 0.00434651680219955 4.03914128220382e-05 2.00000000
16151055 151.832372685185 0.00435008865127576 6.54939544119879e-06 2.00000000
16151056 151.854456018519 0.00432116976854773 6.56475843710725e-06 2.00000000
16151057 151.879837962963 0.00430450062060512 1.58924685323956e-05 2.00000000
16151062 151.903032407407 0.00426248930011088 8.85594742038103e-06 2.00000000
16152007 152.09 0.00483126812685036 5.03343344364967e-06 2.00000000
16152008 152.11244212963 0.00475060554893428 5.49726585279308e-06 2.00000000
16152009 152.134016203704 0.00468341705731644 5.67287736926764e-06 2.00000000
16152019 152.290451388889 0.00485224266538539 5.24324365956882e-06 2.00000000
16152020 152.312164351852 0.550384968277257 0.00434279572470918 2.00000000
16152021 152.313136574074 0.00477446807166048 5.78116407179429e-06 2.00000000
16152022 152.334861111111 0.00468327201794413 5.07341798500311e-06 2.00000000
16152023 152.361296296296 0.00462662404112638 1.44831481105056e-05 2.00000000
16152024 152.364965277778 0.00460259100698684 6.05530908117223e-06 2.00000000
16152025 152.386689814815 0.00456590278233576 6.19503630480542e-06 2.00000000
16152028 152.433217592593 0.0044637271048818 6.30716895326041e-06 2.00000000
16152029 152.454791666667 0.00442303378658643 6.40365100686739e-06 2.00000000
16152030 152.477372685185 0.00439164769091301 6.58682810582663e-06 2.00000000
16152031 152.499039351852 0.00437324142616909 6.57936386297799e-06 2.00000000
16152032 152.520706018519 0.00435020297589852 8.10441540571153e-06 2.00000000
16152033 152.537962962963 0.00433750383727842 1.19500773159969e-05 2.00000000
16152034 152.546840277778 0.00429577279137258 7.93748187822899e-06 2.00000000
16152035 152.564479166667 0.00427026430768039 7.96758485952623e-06 2.00000000
16152045 152.744351851852 0.00473280679214336 5.23448846252109e-06 2.00000000
16152046 152.765162037037 0.00459650877298375 5.42231037995409e-06 2.00000000
16152047 152.786157407407 0.00458660121325189 5.78030671852498e-06 2.00000000
16152048 152.80875 0.00459371982356359 1.34825692294613e-05 2.00000000
16152049 152.8153125 0.00459026784494675 6.35056567036146e-06 2.00000000
16152050 152.836759259259 0.00457812060806199 8.49705893654302e-06 2.00000000
16152051 152.862222222222 0.00453229469760332 8.47240706740538e-06 2.00000000
16152052 152.878553240741 0.00449283133109459 6.87846132856095e-06 2.00000000
16152053 152.899884259259 0.0044469176294848 2.83109696368843e-05 2.00000000
16152054 152.902037037037 0.00444114118368924 6.94893635362492e-06 2.00000000
16152055 152.923460648148 0.00441381508393288 8.76097168983715e-06 2.00000000
16152056 152.937800925926 0.00442796402704091 3.46894916760243e-05 2.00000000
16152057 152.943900462963 0.00434350244964437 6.86927587360237e-06 2.00000000
16152058 152.9653125 0.00429857852909147 6.11589222135665e-06 2.00000000
16152059 152.994699074074 0.00427584954154974 7.13324649288531e-06 2.00000000
16153001 153.016238425926 0.00425009339915309 1.04920791324654e-05 2.00000000
16153007 153.087638888889 0.0047853732234282 4.95431377037374e-06 2.00000000
16153009 153.111469907407 0.0046781606635173 5.12305341456197e-06 2.00000000
16153010 153.133321759259 0.00461874965929723 4.8379910336459e-06 2.00000000
16153011 153.159097222222 0.00456482272909626 5.64601333001281e-06 2.00000000
16153012 153.181921296296 0.00452255344657416 9.07463480721063e-06 2.00000000
16153013 153.191469907407 0.00448439827140477 6.89234763957994e-06 2.00000000
16153014 153.207928240741 0.00445708421654442 6.8691610192626e-06 2.00000000
16153015 153.227847222222 0.0044172232436583 6.16653745678815e-06 2.00000000
16153016 153.249641203704 0.00437003234105301 6.30473116336148e-06 2.00000000
16153017 153.271712962963 0.0043419583911979 2.52026244746667e-05 2.00000000
16153019 153.287800925926 0.00434323269403445 6.45434202198019e-06 2.00000000
16153020 153.309768518519 0.00432856019250872 2.46680245758515e-05 2.00000000
16153021 153.312488425926 0.00431847841706407 6.58261764555356e-06 2.00000000
16153022 153.334224537037 0.00429978897195647 7.49779183808587e-06 2.00000000
16153032 153.616319444444 0.00465976081036561 5.03723578275296e-06 2.00000000
16153033 153.640034722222 0.0046408711834343 1.01268391143932e-05 2.00000000
16153034 153.647743055556 0.00462624566162635 5.87972789603859e-06 2.00000000
16153035 153.668877314815 0.0036542196157238 3.57393588463747e-05 2.00000000
16153036 153.672152777778 0.00457992715935965 6.53126607177674e-06 2.00000000
16153037 153.688634259259 0.00454655098840544 7.69575423513812e-06 2.00000000
16153038 153.700324074074 0.999616510246849 1.27811416643325e-05 2.00000000
16153039 153.722002314815 0.00447074046095418 5.48725917607789e-06 2.00000000
16153040 153.748888888889 0.00442879971636041 5.98730530880151e-06 2.00000000
16153041 153.771342592593 0.00437525956234733 6.13482974923605e-06 2.00000000
16153042 153.792951388889 0.00434149663445527 6.24215399031281e-06 2.00000000
16153043 153.814583333333 0.00429772914713894 6.28031717502763e-06 2.00000000
16153044 153.837002314815 0.00425777370668591 6.53999182914625e-06 2.00000000
16153046 153.860520833333 0.00424674152022393 1.36913465721112e-05 2.00000000
16153047 153.871261574074 0.00423418898649184 6.6951474066798e-06 2.00000000
16153048 153.89369212963 0.0042159168612411 8.14022747289156e-06 2.00000000
16154003 154.153854166667 0.00480261441607479 5.38128963120325e-06 2.00000000
16154004 154.174212962963 0.00470977380980556 5.660915315598e-06 2.00000000
16154005 154.192546296296 0.00464281584545764 5.34687446020326e-06 2.00000000
16154006 154.2159375 0.00459219391969516 5.30235227991076e-06 2.00000000
16154007 154.238113425926 0.00455133529359733 1.5535917861562e-05 2.00000000
16154008 154.241481481481 0.00455448427581748 7.30653210213352e-06 2.00000000
16154009 154.256875 0.00434818479273514 7.31506009068944e-06 2.00000000
16154010 154.271701388889 0.957743639423182 0.00272533583325862 2.00000000
16154011 154.275497685185 0.00436754545272062 8.58174709848198e-06 2.00000000
16154021 154.983564814815 0.828212835019054 0.00223777413078117 2.00000000
16154022 154.985810185185 0.00481243102964333 4.97045183409242e-06 2.00000000
16155001 155.007685185185 0.00473299661978038 5.18367843004237e-06 2.00000000
16155002 155.029143518519 0.00467259439867769 5.09558184448389e-06 2.00000000
16155003 155.052048611111 0.00462136029254416 5.69477557128724e-06 2.00000000
16155004 155.07443287037 0.00458829666378175 6.84261955047644e-06 2.00000000
16155005 155.088738425926 0.00458974442027875 3.06843822583737e-05 2.00000000
16155006 155.090069444444 0.00454213541075554 7.39138236726792e-06 2.00000000
16155007 155.108252314815 0.00449252301751407 6.09816292437487e-06 2.00000000
16155008 155.12974537037 0.00444304919954891 6.19565481096011e-06 2.00000000
16155011 155.154351851852 0.00441371320521297 9.73503246771517e-06 2.00000000
16155012 155.164664351852 0.00439273011899814 6.35268010928534e-06 2.00000000
16155013 155.187395833333 0.00440361852594891 6.54962772100281e-06 2.00000000
16155014 155.20900462963 0.0043343416691411 6.19689004926391e-06 2.00000000
16155015 155.236099537037 0.00432076790964023 6.90519201728304e-06 2.00000000
16155016 155.257465277778 0.00428545676732875 6.99822357869696e-06 2.00000000
16155017 155.279293981481 0.422636424497928 0.0162635082159806 2.00000000
16155018 155.281006944444 0.00428332737546291 2.61878640786165e-05 2.00000000
16155019 155.283159722222 0.00425766252423416 7.22947434386836e-06 2.00000000
16155028 155.6796875 0.00481555413018235 5.03050541109224e-06 2.00000000
16155029 155.70130787037 0.00476838268893415 1.21496797286401e-05 2.00000000
16155030 155.706990740741 0.0047077508907841 5.59216461263005e-06 2.00000000
16155031 155.728726851852 0.990257509986828 0.00014855102114668 2.00000000
16155032 155.749988425926 0.00459682590320612 5.903247417695e-06 2.00000000
16155034 155.775046296296 0.00455270176195077 6.33628252159707e-06 2.00000000
16155035 155.795590277778 0.00452749869343428 1.31369658579725e-05 2.00000000
16155036 155.802789351852 0.00450882480231986 1.23811935617148e-05 2.00000000
16155037 155.810046296296 0.0044702775915044 6.3538679100115e-06 2.00000000
16155038 155.834270833333 0.00445082594476817 6.27365644549383e-06 2.00000000
16155039 155.855821759259 0.312924436746763 0.00979177137044227 2.00000000
16155040 155.85806712963 0.00442086157099776 8.76570904669328e-06 2.00000000
16155041 155.874456018519 0.00438880270644008 6.38793435834993e-06 2.00000000
16155042 155.896400462963 0.00436364751637932 6.63380500437041e-06 2.00000000
16155044 155.919155092593 0.00429024780727456 0.000117905602374869 2.00000000
16155045 155.920462962963 0.00433209772190006 1.26030911740991e-05 2.00000000
16155047 155.930127314815 0.00432252055425118 6.88977263045319e-06 2.00000000
16155048 155.95162037037 0.00432455838747947 7.79104378156898e-06 2.00000000
16156005 156.1228125 0.00483437481049206 5.12833613957968e-06 2.00000000
16156006 156.144386574074 0.00478086886949639 1.1016800493676e-05 2.00000000
16156007 156.150555555556 0.00481300042369593 5.36018337877627e-06 2.00000000
16156008 156.172581018519 0.00464853242366648 5.38534569163888e-06 2.00000000
16156009 156.194201388889 0.00461131500381034 5.9302330387049e-06 2.00000000
16156010 156.216747685185 0.949993481789372 0.00246274379581551 2.00000000
16156011 156.220729166667 0.00455954032640219 7.99343186284193e-06 2.00000000
16156012 156.235671296296 0.0045349212067441 1.0558491766347e-05 2.00000000
16156013 156.245069444444 0.00449839451011231 6.02652428178012e-06 2.00000000
16156014 156.266481481481 0.00446677709709467 6.22735205302728e-06 2.00000000
16156015 156.287951388889 0.00444153730668072 6.24774406151024e-06 2.00000000
16156017 156.311157407407 0.00440861075765929 6.32601946663347e-06 2.00000000
16156019 156.333726851852 0.00437918366446091 6.49842490081072e-06 2.00000000
16156020 156.355277777778 0.00435035681947482 6.71653484574278e-06 2.00000000
16156021 156.380405092593 0.00433472150627947 6.88117720087051e-06 2.00000000
16156022 156.402349537037 0.00433138022682514 8.89424372741777e-06 2.00000000
16156028 156.490219907407 0.00492337992245054 2.16582127754655e-05 2.00000000
16156030 156.501388888889 0.00481331280895607 1.81657349920009e-05 2.00000000
16156031 156.514652777778 0.00483521353046054 2.18483536994224e-05 2.00000000
16156032 156.524826388889 0.00477966629680373 3.18471756737627e-05 2.00000000
16156033 156.531076388889 0.00472864766155588 1.40243185893995e-05 2.00000000
16156034 156.559166666667 0.00477007763333774 8.41425074718709e-05 2.00000000
16156043 156.70380787037 0.00476283379606459 5.43358983908737e-06 2.00000000
16156045 156.72412037037 0.00469185747341424 8.90411201942667e-06 2.00000000
16156048 156.764756944444 0.00459100300035396 5.40132033733959e-06 2.00000000
16156049 156.786481481481 0.00455594699101947 5.90869328168036e-06 2.00000000
16156050 156.808576388889 0.00450665977168974 6.90871858956503e-06 2.00000000
16156051 156.827685185185 0.00444663472517524 6.12323749887564e-06 2.00000000
16156052 156.849583333333 0.00441329657412946 6.30884152640963e-06 2.00000000
16156053 156.871157407407 0.00436608909061551 6.25927810902381e-06 2.00000000
16156054 156.893217592593 0.0043472148822983 6.51310592216259e-06 2.00000000
16156055 156.914722222222 0.00429999480702692 3.10915002577926e-05 2.00000000
16156056 156.919652777778 0.0043229676103136 5.81610060165995e-06 2.00000000
16156057 156.951018518519 0.00430364874549238 6.90738306022706e-06 2.00000000
16156059 156.973344907407 0.00429005413635115 1.29908673301616e-05 2.00000000
16157004 157.072962962963 0.00480265210225313 4.97603240257311e-06 2.00000000
16157005 157.09474537037 0.00469417272066085 5.18052631149137e-06 2.00000000
16157006 157.116296296296 0.00464202820214101 5.25369633214517e-06 2.00000000
16157007 157.137939814815 0.00459855185804896 7.09333319382657e-06 2.00000000
16157010 157.155844907407 0.00457334260546529 4.04937498938847e-05 2.00000000
16157011 157.157685185185 0.00453367795087745 3.72402296710859e-05 2.00000000
16157013 157.162164351852 0.00455378563264902 5.82860175332233e-06 2.00000000
16157015 157.185439814815 0.00448347905436502 1.11367579641072e-05 2.00000000
16157016 157.193819444444 0.00449248401250946 7.80788610629453e-06 2.00000000
16157017 157.209282407407 0.00446367659678646 1.10670825522491e-05 2.00000000
16157018 157.216412037037 0.00444768404176894 7.36491609228911e-06 2.00000000
16157019 157.231655092593 0.00444555800367087 9.10938845742347e-06 2.00000000
16157020 157.245092592593 0.00441621524971214 6.27103770780477e-06 2.00000000
16157021 157.267233796296 0.00436163788041075 6.52000404553173e-06 2.00000000
16157022 157.28875 0.00436550059448677 3.16202921317709e-05 2.00000000
16157024 157.297592592593 0.00434162016160693 6.89317243140418e-06 2.00000000
16157025 157.324178240741 0.00428549572051151 7.13297347011752e-06 2.00000000
16157026 157.3459375 0.00427101719472663 7.25237536281934e-06 2.00000000
16157027 157.3678125 0.00425435661477893 1.21984901340716e-05 2.00000000
16157034 157.4365625 0.00480147073698208 1.91710652979622e-05 2.00000000
16157035 157.439467592593 0.00474697578218212 5.51667112879535e-06 2.00000000
16157036 157.458113425926 0.00466231576366143 5.23625406751083e-06 2.00000000
16157037 157.479722222222 0.00459227623454104 5.32075177090129e-06 2.00000000
16157038 157.501365740741 0.00454154794143726 5.32595718160631e-06 2.00000000
16157039 157.523993055556 0.00450392771111512 5.59865040228417e-06 2.00000000
16157040 157.550150462963 0.00446348650555123 6.51315909880422e-06 2.00000000
16157042 157.586134259259 0.00441992779486197 6.50980481672679e-06 2.00000000
16157043 157.607731481481 0.00439214947380709 6.56428058140296e-06 2.00000000
16157044 157.629560185185 0.00434672053570191 7.36654148874339e-06 2.00000000
16157045 157.652222222222 0.00431580627020784 7.03316302400965e-06 2.00000000
16157046 157.675208333333 0.00429239996645445 7.54352984330122e-06 2.00000000
16157047 157.694965277778 0.00853432887105992 0.00739094322375981 2.00000000
16157048 157.699710648148 0.00425408018260523 9.12759651543556e-05 2.00000000
16157049 157.701388888889 0.00425275848480151 1.33217336601445e-05 2.00000000
16157050 157.708136574074 0.00425676004595936 1.92811202172302e-05 2.00000000
16157059 157.812291666667 0.0048290215490385 5.75647303962475e-06 2.00000000
16157062 157.833900462963 0.00470651734367107 5.16664470170562e-06 2.00000000
16157063 157.855405092593 0.00464531878611625 5.20404613221815e-06 2.00000000
16157064 157.877199074074 0.0045876855763865 5.33875726136264e-06 2.00000000
16157065 157.898888888889 0.00456259024862097 5.84906655314724e-06 2.00000000
16157066 157.92056712963 0.00452382347631429 1.24297806560743e-05 2.00000000
16157067 157.930289351852 0.00452234825583747 2.20545290145845e-05 2.00000000
16157068 157.937615740741 0.0044957260167143 6.03057758989075e-06 2.00000000
16157069 157.959328703704 0.00445406982282155 9.09161506432086e-06 2.00000000
16157071 157.98 0.00438452740677044 7.04327489317204e-05 2.00000000
16157072 157.985706018519 0.00439078595467544 1.08402958997572e-05 2.00000000
16157073 157.997349537037 0.00437612893334272 6.38363626008768e-06 2.00000000
16158001 158.019930555556 0.00436049253730994 8.56088703910958e-06 2.00000000
16158002 158.03412037037 0.00433656230653297 9.10170540860001e-06 2.00000000
16158003 158.047893518519 0.00432754442346639 2.0002188703473e-05 2.00000000
16158004 158.052581018519 0.00433460305046941 1.56458062247824e-05 2.00000000
16158005 158.058564814815 0.00431388440195679 6.73625135343651e-06 2.00000000
16158006 158.08224537037 0.00430333833797676 1.01866434059499e-05 2.00000000
16158015 158.219386574074 0.00489035439664515 1.18818323294648e-05 2.00000000
16158016 158.225590277778 0.00480904821877469 5.31452317597869e-06 2.00000000
16158017 158.245381944444 0.0046866750825769 5.23370070166852e-06 2.00000000
16158018 158.266851851852 0.00462562760655468 5.02253949155871e-06 2.00000000
16158019 158.290810185185 0.00457451811456578 5.35819204405744e-06 2.00000000
16158020 158.313414351852 0.00453446133202413 5.88449109423556e-06 2.00000000
16158021 158.334421296296 0.905193627302544 0.00201540358777159 2.00000000
16158022 158.337037037037 0.00448410252008621 1.74645549921727e-05 2.00000000
16158023 158.341574074074 0.00446996317206577 5.95209271993837e-06 2.00000000
16158024 158.362986111111 0.00443884098019909 6.44505899536475e-06 2.00000000
16158025 158.385115740741 0.00442119310473975 1.42451056574381e-05 2.00000000
16158026 158.391331018519 0.00434527191929034 5.17133879689898e-05 2.00000000
16158027 158.392465277778 0.0043885685059099 1.05392849820102e-05 2.00000000
16158028 158.401145833333 0.00440163887685499 1.25716572223328e-05 2.00000000
16158029 158.410532407407 0.00437814508930303 1.08520168685714e-05 2.00000000
16158030 158.418055555556 0.00434917390859401 6.33883423671373e-06 2.00000000
16158031 158.439814814815 0.00432651967036018 6.60374141481567e-06 2.00000000
16158032 158.474259259259 0.00431311174491308 1.95825003626845e-05 2.00000000
16158033 158.478009259259 0.00424566128925373 7.10415956097878e-06 2.00000000
16158034 158.499965277778 0.00425056702459362 2.01670680329661e-05 2.00000000
16158039 158.569699074074 0.626420147668914 0.00394611390076058 2.00000000
16158042 158.57337962963 0.00465998161755922 1.09497918556759e-05 2.00000000
16158043 158.578321759259 0.00461783716519828 1.62359674076499e-05 2.00000000
16158044 158.585289351852 0.00460208251424568 2.15296696318943e-05 2.00000000
16158045 158.588171296296 0.0046097018552345 6.52304030677449e-06 2.00000000
16158046 158.60099537037 0.00455121196675641 7.86295968149586e-06 2.00000000
16158047 158.610405092593 0.00450808944347819 5.38810092972231e-06 2.00000000
16158048 158.630439814815 0.0044913177139956 5.62414792668305e-06 2.00000000
16158049 158.652395833333 0.00444924470385535 5.78119629068998e-06 2.00000000
16158051 158.675162037037 0.00440929336604761 7.15447139967498e-06 2.00000000
16158052 158.692048611111 0.00436859469639155 7.11832655151451e-06 2.00000000
16158060 158.821076388889 0.00434384532281785 4.64006081267035e-06 2.00000000
16158062 158.868587962963 0.00461867892595336 5.87256045822797e-06 2.00000000
16158064 158.891030092593 0.0045613916224521 5.92772196123387e-06 2.00000000
16158066 158.917071759259 0.00452882429052455 6.07453079948197e-06 2.00000000
16158069 158.959097222222 0.0044315503941217 6.26892713837318e-06 2.00000000
16158070 158.980671296296 0.00441011394280021 6.36028416533557e-06 2.00000000
16159002 159.004386574074 0.004393154085444 6.5079191215015e-06 2.00000000
16159003 159.025902777778 0.00435795875197922 6.66577315663103e-06 2.00000000
16159004 159.047476851852 0.00434791883359318 8.94275537024656e-06 2.00000000
16159009 159.126006944444 0.00490951560612579 3.74060277005459e-05 2.00000000
16159010 159.128310185185 0.00484178147246006 5.47278877127434e-06 2.00000000
16159011 159.146944444444 0.00475125239194374 5.08196594206186e-06 2.00000000
16159012 159.168888888889 0.00468402331284746 5.27694702507693e-06 2.00000000
16159013 159.19037037037 0.00461767540776043 5.08358669846331e-06 2.00000000
16159014 159.214363425926 0.00457889880393862 5.87537267876214e-06 2.00000000
16159015 159.235763888889 0.00452716294433228 1.10755025603567e-05 2.00000000
16159017 159.25130787037 0.00449791607695227 6.18443055379923e-06 2.00000000
16159018 159.272523148148 0.00446354792996415 5.82939495092976e-06 2.00000000
16159019 159.298657407407 0.275102455124352 0.00984093676010224 2.00000000
16159020 159.299930555556 0.00439604541027057 7.51213252840491e-06 2.00000000
16159023 159.323287037037 0.00431429608188911 7.25844069927903e-06 2.00000000
16159024 159.345266203704 0.00429775275200594 1.09253823227351e-05 2.00000000
