16127047 127.8553125 0.0235425145618012 4.86882285559008e-05 1.00000000
16127048 127.881018518519 0.0340395367697292 0.000125265986034942 1.00000000
16127049 127.896261574074 0.0381929511143961 0.000114790463223441 1.00000000
16127052 127.939178240741 0.0227563314308417 6.49658490270907e-05 1.00000000
16127053 127.960590277778 0.022187013851421 7.3747627924487e-05 1.00000000
16127054 127.978402777778 0.0216337553231122 0.000319436937554352 1.00000000
16127055 127.982974537037 0.0221042131863057 6.50996314590141e-05 1.00000000
16128001 128.006435185185 0.0219277450496076 6.6317156858953e-05 1.00000000
16128002 128.030810185185 0.0220839233279751 6.9290176186815e-05 1.00000000
16128003 128.052395833333 0.0216965588986902 7.79518831252158e-05 1.00000000
16128005 128.124953703704 0.0252771077274948 0.000336095412084649 1.00000000
16128006 128.126724537037 0.0249941469223656 0.000328568619550331 1.00000000
16128007 128.127928240741 0.0247945336242051 4.4520114150941e-05 1.00000000
16128008 128.154849537037 21.7798501639466 0.0566708921172051 1.00000000
16128009 128.168078703704 0.0270385939104165 7.39685436020051e-05 1.00000000
16128010 128.181342592593 0.0275410813525977 6.58195941601367e-05 1.00000000
16128011 128.202939814815 0.0277939326052562 6.96227934742693e-05 1.00000000
16128012 128.224537037037 0.027986242834937 7.60074056644939e-05 1.00000000
16128013 128.246296296296 0.0234084077822042 0.00117520013255044 1.00000000
16128014 128.2490625 0.023677863382569 0.000497336056238061 1.00000000
16128015 128.263414351852 0.0229810575427982 6.8502032384887e-05 1.00000000
16128016 128.286180555556 0.0234139275124524 9.09837642090753e-05 1.00000000
16128020 128.310694444444 0.0230721862794273 0.000211950223616827 1.00000000
16128021 128.314305555556 0.0225961984511466 7.04939240496721e-05 1.00000000
16128022 128.337175925926 0.0224214033387748 7.48453159172355e-05 1.00000000
16128028 128.439525462963 0.0233846602596854 6.37877309285763e-05 1.00000000
16128029 128.454548611111 0.0238458462609346 6.2580386444154e-05 1.00000000
16128030 128.46568287037 0.0236401927868558 4.79922944830235e-05 1.00000000
16128031 128.485844907407 0.0238865563117158 0.000197118540127603 1.00000000
16128032 128.490081018519 0.0235002751481121 0.000151998419203245 1.00000000
16128034 128.498078703704 0.0235535796371792 7.64589743176668e-05 1.00000000
16128035 128.508159722222 0.0229698168478608 8.23670983019338e-05 1.00000000
16128036 128.517476851852 0.0230138857874127 4.94403737550032e-05 1.00000000
16128037 128.539363425926 0.0227428034524938 4.8943454889318e-05 1.00000000
16128038 128.562638888889 0.0225976980946026 0.000159706126842846 1.00000000
16128039 128.56787037037 0.0226667536678652 5.3325273642603e-05 1.00000000
16128040 128.588344907407 0.0228094204291217 5.35135793749949e-05 1.00000000
16128041 128.60962962963 0.0223963245391463 5.51428484725844e-05 1.00000000
16128042 128.630775462963 0.0217772378113454 0.00013857342499695 1.00000000
16128043 128.636030092593 0.0225906297660414 5.57776514073578e-05 1.00000000
16128044 128.657511574074 0.0225660815793473 0.000160854564861485 1.00000000
16128047 128.718344907407 0.027894985983416 5.81291341023334e-05 1.00000000
16128048 128.739837962963 0.0264579331105245 5.06218336852348e-05 1.00000000
16128049 128.761284722222 0.0260967172211943 5.49978731433306e-05 1.00000000
16128050 128.782673611111 0.0255969937628142 5.34986224451691e-05 1.00000000
16128051 128.804293981481 0.0256640195615453 6.28386331310283e-05 1.00000000
16128052 128.825833333333 0.025341778234588 8.6437693855576e-05 1.00000000
16128053 128.838981481481 0.0254623007446692 0.000428428833305916 1.00000000
16128054 128.844398148148 0.0257971065512967 0.00011748065500778 1.00000000
16128055 128.856574074074 0.0258421491286421 5.91019679218714e-05 1.00000000
16128056 128.880335648148 0.0256543017643154 0.00125031635352437 1.00000000
16128057 128.884652777778 0.0248638066253797 9.74148270619436e-05 1.00000000
16128058 128.897106481481 0.0241606613492056 6.14887470123755e-05 1.00000000
16128059 128.919050925926 0.0221889892959679 5.95888007392066e-05 1.00000000
16128060 128.939780092593 0.0206763722288513 5.70467925577084e-05 1.00000000
16128061 128.9603125 0.0208078280690904 0.000235798210129947 1.00000000
16128062 128.963541666667 0.0207203331017969 0.000193772748943837 1.00000000
16128064 128.971203703704 0.0206660461575647 5.58381772049295e-05 1.00000000
16128065 128.993796296296 0.0208282331119184 7.17785744440012e-05 1.00000000
16129001 129.063159722222 0.0248892752895284 4.61454128023157e-05 1.00000000
16129002 129.088032407407 0.0245052414433691 4.51299418405985e-05 1.00000000
16129003 129.110914351852 0.0246007487249558 5.22716136786018e-05 1.00000000
16129004 129.132569444444 0.0244554974751093 5.16554741096179e-05 1.00000000
16129005 129.154571759259 0.0244313257617439 5.26427622644247e-05 1.00000000
16129006 129.176840277778 0.024209827157376 5.65860346480236e-05 1.00000000
16129007 129.197858796296 0.0242193994261765 5.76585486360065e-05 1.00000000
16129008 129.220636574074 0.0245143155813813 5.24993382165647e-05 1.00000000
16129009 129.244826388889 0.0239955909043116 5.39249605648421e-05 1.00000000
16129010 129.267083333333 0.0237603823022371 5.62623921366365e-05 1.00000000
16129011 129.289444444444 0.0241428650712864 5.72319596112283e-05 1.00000000
16129012 129.311041666667 0.0236843640564021 0.000457393841570498 1.00000000
16129013 129.317638888889 0.0243643453549116 0.000101020112256854 1.00000000
16129014 129.326284722222 0.0243363727905747 7.22868123082685e-05 1.00000000
16129015 129.342534722222 0.023701698666771 0.000551144714668795 1.00000000
16129016 129.344895833333 0.0246712357650739 0.000307745597010682 1.00000000
16129017 129.347696759259 0.0247548966859244 0.000250905567760517 1.00000000
16129018 129.350648148148 0.0250090370139904 0.00031911554433727 1.00000000
16129019 129.353229166667 0.0246283644350722 0.00049795521463895 1.00000000
16129022 129.415891203704 0.0266985813660623 5.62154582473598e-05 1.00000000
16129023 129.439918981481 0.0266325248050768 5.93612261083472e-05 1.00000000
16129025 129.462280092593 0.0271022849518524 6.80740381717287e-05 1.00000000
16129029 129.499409722222 0.0241615790361505 5.4148983021087e-05 1.00000000
16129030 129.520740740741 0.0243841791378905 6.01440901938025e-05 1.00000000
16129031 129.541909722222 0.0243057553539566 5.80441832274295e-05 1.00000000
16129032 129.562546296296 0.0243204857951541 5.64247497427928e-05 1.00000000
16129033 129.584525462963 0.0238352122669069 5.68506998415879e-05 1.00000000
16129034 129.605949074074 0.023834865709609 5.80179855118205e-05 1.00000000
16129035 129.627418981481 0.0238083127362682 5.91525380199928e-05 1.00000000
16129036 129.648935185185 0.0238087669773454 8.31457626863381e-05 1.00000000
16129037 129.690659722222 0.0234177308131271 6.15732838466411e-05 1.00000000
16129038 129.7121875 0.0233355058480178 6.28977530512508e-05 1.00000000
16129039 129.733680555556 0.0233618422069294 6.73519177968205e-05 1.00000000
16129043 129.809664351852 0.0243849110094821 5.38858114858037e-05 1.00000000
16129044 129.828958333333 0.0239236531248697 4.37032894843806e-05 1.00000000
16129045 129.850393518519 0.0245109544008908 4.47210351886778e-05 1.00000000
16129046 129.871886574074 0.0252098122593327 5.59639359752421e-05 1.00000000
16129047 129.893587962963 0.0248325969999747 5.37082847294204e-05 1.00000000
16129048 129.915081018519 0.0244876582931597 5.2817437936243e-05 1.00000000
16129049 129.938344907407 0.0239910733419613 5.15410181373356e-05 1.00000000
16129050 129.959826388889 0.0238378255027672 5.2135653855865e-05 1.00000000
16129051 129.98193287037 0.0235041756306075 5.26373060852061e-05 1.00000000
16130001 130.003831018519 0.0235605528879949 5.3597481776794e-05 1.00000000
16130002 130.025358796296 0.0233534898749612 5.43415795821578e-05 1.00000000
16130003 130.04712962963 0.0231095992762123 6.26486000325287e-05 1.00000000
16130004 130.066944444444 0.0231739280295735 5.69879505322046e-05 1.00000000
16130005 130.088668981481 0.0241064904916279 7.31152107436274e-05 1.00000000
16130012 130.341747685185 10.1183203005194 0.0675006251535136 1.00000000
16130015 130.350231481481 0.0203680976591243 0.000328496032663999 1.00000000
16130016 130.353287037037 0.0257595249826193 0.000155538699826133 1.00000000
16130017 130.357002314815 0.0258766695564037 9.06964830000633e-05 1.00000000
16130032 130.697534722222 0.0245679341899172 0.000357621859902278 1.00000000
16130033 130.698854166667 0.0246792730784142 4.55821220973755e-05 1.00000000
16130034 130.719467592593 0.0245950010675379 5.20703031676655e-05 1.00000000
16130035 130.740914351852 0.0243658933652946 5.31503641763217e-05 1.00000000
16130036 130.762465277778 0.0248030604670466 0.0010817713981681 1.00000000
16130037 130.764305555556 0.0232093386498646 0.00102341683155411 1.00000000
16130038 130.767789351852 0.0238527693946189 5.11982302659175e-05 1.00000000
16130039 130.78931712963 0.0224885810482884 0.000890036886663296 1.00000000
16130040 130.79318287037 0.0233089683053427 4.98868764677671e-05 1.00000000
16130041 130.8146875 0.0226320661010345 0.000926017907423993 1.00000000
16130043 130.826840277778 0.0229605648619905 0.00100976016034296 1.00000000
16130044 130.829594907407 0.0232441242187328 5.13040725579831e-05 1.00000000
16130045 130.850810185185 0.0229748352890558 6.06167504056986e-05 1.00000000
16130046 130.868229166667 0.0231637109154623 5.35870636079135e-05 1.00000000
16130047 130.889351851852 0.0229370596454188 8.43072618949367e-05 1.00000000
16130048 130.905405092593 0.0231999687949214 5.49229194667478e-05 1.00000000
16130049 130.926944444444 0.023211636751159 5.60931041325458e-05 1.00000000
16130051 130.951134259259 0.0230401862147691 5.82919716251888e-05 1.00000000
16130052 130.972569444444 0.0232686115300361 5.22808314797238e-05 1.00000000
16130053 130.999918981481 0.0233154425088854 0.00027355491196261 1.00000000
16131004 131.068298611111 0.0257435385675883 4.60667059399274e-05 1.00000000
16131005 131.089918981481 0.0254330303331692 5.27155536436502e-05 1.00000000
16131006 131.111736111111 0.0253419272869018 5.37496687746652e-05 1.00000000
16131007 131.133518518519 0.0256345484339964 5.59047569508116e-05 1.00000000
16131008 131.155092592593 0.025175566844424 5.73006452818404e-05 1.00000000
16131009 131.1771875 0.0246495468830947 5.27717084937812e-05 1.00000000
16131010 131.20212962963 0.0248811370321645 5.44734536681925e-05 1.00000000
16131011 131.223726851852 0.0246469499843528 5.47937544561632e-05 1.00000000
16131012 131.24556712963 0.024125018336695 5.25708347804648e-05 1.00000000
16131013 131.269479166667 0.0239381710013571 5.60118605583635e-05 1.00000000
16131014 131.291365740741 0.0237974813803273 5.80352253403316e-05 1.00000000
16131026 131.608009259259 0.0156254816003269 0.00118420991948283 1.00000000
16131028 131.645891203704 0.0255968104600836 6.49721528216522e-05 1.00000000
16131029 131.661666666667 0.0249788156198184 0.000119506192479214 1.00000000
16131030 131.666412037037 0.0248224134643617 6.13828278470234e-05 1.00000000
16131032 131.682152777778 0.0251279563974045 0.000117920537891576 1.00000000
16131034 131.68849537037 0.0247956898361299 0.000163794095173013 1.00000000
16131036 131.693460648148 0.0245481650760845 0.000210491385820466 1.00000000
16131037 131.695335648148 0.0250142646763439 9.37453147300002e-05 1.00000000
16131039 131.704305555556 0.0249548724687745 5.14612231251249e-05 1.00000000
16131040 131.725902777778 0.0249494520392115 0.000196343616006102 1.00000000
16131041 131.729560185185 0.0243365387759289 4.85913426069252e-05 1.00000000
16131042 131.75375 0.0242481817237011 5.28588784922458e-05 1.00000000
16131043 131.775104166667 0.0241263006461964 5.36038556831424e-05 1.00000000
16131044 131.796666666667 0.0239351167818273 5.50105366551797e-05 1.00000000
16131045 131.818101851852 0.0349419517348355 0.000193790474096293 1.00000000
16131046 131.823020833333 0.0238923203091176 0.000142402203349871 1.00000000
16131047 131.830520833333 0.0243611607424396 5.77698877823805e-05 1.00000000
16131048 131.852013888889 0.0243088237499204 0.000373077046095043 1.00000000
16131049 131.854930555556 0.0242659385968907 5.95500200301775e-05 1.00000000
16131050 131.87630787037 0.0243006031438488 6.55376171037755e-05 1.00000000
16131054 131.959074074074 0.0263740130958315 4.72326584657869e-05 1.00000000
16131055 131.984259259259 0.0280166847331718 9.12699537879176e-05 1.00000000
16132001 132.016585648148 0.0270056814553707 6.1740358757912e-05 1.00000000
16132002 132.039814814815 0.0270845900218034 6.44477370914654e-05 1.00000000
16132003 132.061770833333 0.0264053535383364 7.09287604825489e-05 1.00000000
16132021 132.432164351852 0.0250079887340818 4.38447478508799e-05 1.00000000
16132022 132.45255787037 0.0255943531716236 5.88642939877962e-05 1.00000000
16132023 132.466956018519 0.0260590529185781 5.24043250417924e-05 1.00000000
16132024 132.488923611111 0.0257046418989936 5.05036579581911e-05 1.00000000
16132025 132.513587962963 0.0238501986089213 4.6436004651866e-05 1.00000000
16132026 132.536168981481 0.0253251390177301 5.33827245955185e-05 1.00000000
16132027 132.559803240741 0.0249660434644934 5.43341369266741e-05 1.00000000
16132028 132.584016203704 0.0208749837220224 8.87140530737855e-05 1.00000000
16132029 132.604131944444 0.0246038766710774 8.34112387706622e-05 1.00000000
16132030 132.622361111111 0.0241893850051933 5.64771694708993e-05 1.00000000
16132032 132.645925925926 0.0237776575567307 6.09323409634031e-05 1.00000000
16132033 132.667766203704 0.0238302170719533 0.000133744305069122 1.00000000
16132046 132.834699074074 0.0268671672870847 4.73555756538865e-05 1.00000000
16132047 132.861134259259 0.0270194844388122 6.09470011368782e-05 1.00000000
16132048 132.877951388889 0.0264569498337652 8.14620389318887e-05 1.00000000
16132049 132.885798611111 0.0254032739231798 4.95693592322335e-05 1.00000000
16132050 132.907569444444 0.0248977877444442 4.822113555593e-05 1.00000000
16132051 132.930081018519 0.0247785329628921 4.98013346648858e-05 1.00000000
16132052 132.951782407407 0.0246762737645263 9.81525350589425e-05 1.00000000
16132053 132.961423611111 0.0247893023796302 5.18216686411268e-05 1.00000000
16132054 132.983287037037 0.024259751049781 5.28118451476291e-05 1.00000000
16133001 133.005173611111 0.0240887065621875 4.80253025323913e-05 1.00000000
16133002 133.032569444444 0.0243153124361172 5.64207129555792e-05 1.00000000
16133003 133.054328703704 0.0244183299845124 5.75645534373454e-05 1.00000000
16133004 133.076296296296 0.0243001044521785 5.92789234345277e-05 1.00000000
16133005 133.098043981481 0.0240969570585847 0.000112780098878752 1.00000000
16133006 133.107592592593 0.024388242094012 6.15808287476032e-05 1.00000000
16133007 133.129178240741 0.024200387612107 6.28006564621399e-05 1.00000000
16133008 133.150960648148 0.024097959525124 6.42916830384415e-05 1.00000000
16133009 133.172615740741 0.0238782707158777 6.51715233998566e-05 1.00000000
16133010 133.194502314815 0.023657524108469 6.65233602666869e-05 1.00000000
16133011 133.216122685185 0.0240723796009493 6.91945716006455e-05 1.00000000
16133012 133.23787037037 0.023950369736941 0.000286661985353283 1.00000000
16133013 133.244166666667 0.0242049980248937 7.19093859132455e-05 1.00000000
16133014 133.265983796296 0.0243678465910171 0.000141695491738595 1.00000000
16133085 133.816550925926 0.0282579694303696 4.6040221266144e-05 1.00000000
16133086 133.842673611111 0.0273105583230549 4.5815227158507e-05 1.00000000
16133087 133.868865740741 0.0252419677892241 4.94048925777516e-05 1.00000000
16133088 133.890659722222 0.024793967885879 4.84302552090131e-05 1.00000000
16133089 133.912939814815 0.0245626387674656 4.84336933111117e-05 1.00000000
16133090 133.935590277778 0.0245554095180304 0.000150851966361985 1.00000000
16133091 133.940462962963 0.0245127630444562 5.00545218851511e-05 1.00000000
16133092 133.963553240741 0.0245884440870325 5.23738099803863e-05 1.00000000
16133093 133.985833333333 0.0244747644348512 5.35024788356664e-05 1.00000000
16134001 134.007627314815 0.0241028509871035 5.40118098238954e-05 1.00000000
16134002 134.029340277778 0.0242672543115358 5.62078603984897e-05 1.00000000
16134003 134.051215277778 0.0240285945154191 6.96788255813158e-05 1.00000000
16134004 134.06931712963 0.0245363612325212 5.90464280853191e-05 1.00000000
16134005 134.0909375 0.0237940266745323 7.60347687915977e-05 1.00000000
16134010 134.211747685185 0.0237868706281321 4.25101759333269e-05 1.00000000
16134013 134.248310185185 0.0237982572446075 5.27411209071841e-05 1.00000000
16134014 134.26994212963 0.0224321904015928 4.60232605481776e-05 1.00000000
16134015 134.293657407407 0.0220009939955373 4.67519140156806e-05 1.00000000
16134016 134.315590277778 0.0217949305909255 5.45394052872856e-05 1.00000000
16134017 134.334259259259 0.0217817888362502 4.62741960966874e-05 1.00000000
16134018 134.358738425926 0.0213148245514677 4.88019944455617e-05 1.00000000
16134019 134.381273148148 0.0213004661554339 4.69333313659428e-05 1.00000000
16134028 134.430810185185 0.020824404494819 4.60841044103139e-05 1.00000000
16134029 134.461527777778 0.0207593687738178 5.4736370441795e-05 1.00000000
16134030 134.483541666667 0.0205551266230311 6.19799634081566e-05 1.00000000
16134042 134.736979166667 0.0251049522827826 0.00018403552494438 1.00000000
16134043 134.740729166667 0.0216412579197338 4.94872570446296e-05 1.00000000
16134044 134.755844907407 0.0210220077667169 5.9912977287505e-05 1.00000000
16134045 134.777905092593 0.0211569740699739 4.21694751185187e-05 1.00000000
16134046 134.80025462963 0.0210938865215868 4.24729119113692e-05 1.00000000
16134047 134.823969907407 0.0211893893003173 4.54502568296982e-05 1.00000000
16134048 134.845763888889 0.0209722377442229 6.94802441427296e-05 1.00000000
16134049 134.865393518519 1.40230923919237e-06 1.9831565009795e-06 1.00000000
16134050 134.867627314815 7.16433426713908e-06 1.01316835121132e-05 1.00000000
16134051 134.869768518519 0.0208131312659809 0.0294340491535405 1.00000000
16134052 134.873287037037 2.52522661449377e-06 3.5711829073016e-06 1.00000000
16134053 134.874733796296 0.0209626808874341 0.000101287746753915 1.00000000
16134054 134.879560185185 0.0207735802592395 4.69089904088181e-05 1.00000000
16134055 134.901863425926 0.0209217492377722 4.97783492332529e-05 1.00000000
16134056 134.923460648148 0.0207021883093407 8.30926852382392e-05 1.00000000
16135001 135.001261574074 0.0216412294070942 3.8703178530821e-05 1.00000000
16135002 135.022766203704 0.0213708423095104 4.30762469294389e-05 1.00000000
16135003 135.044178240741 0.0217224106008961 4.83114882185211e-05 1.00000000
16135004 135.065775462963 0.021680245597892 4.71841829830295e-05 1.00000000
16135005 135.087488425926 0.0209295693662685 4.37822534067777e-05 1.00000000
16135006 135.109155092593 0.0209087623972755 5.13472621376371e-05 1.00000000
16135007 135.129236111111 0.0210892040220417 4.62409455779875e-05 1.00000000
16135008 135.151724537037 0.0210469831363867 4.85542427502765e-05 1.00000000
16135009 135.173587962963 0.0208654408013996 4.81404240183816e-05 1.00000000
16135010 135.195358796296 0.0210357257474151 4.83438630649586e-05 1.00000000
16135011 135.219108796296 0.020793501812309 4.73446196663479e-05 1.00000000
16135012 135.243993055556 0.0206735326751854 9.6123632103146e-05 1.00000000
16135013 135.25494212963 0.0206344743052236 5.30858832159965e-05 1.00000000
16135014 135.27724537037 0.0205504544848766 7.05722678642057e-05 1.00000000
16135024 135.524131944444 0.0213239828535332 5.59093838913899e-05 1.00000000
16135025 135.544155092593 0.0214949748131147 5.93315880688945e-05 1.00000000
16135026 135.557361111111 0.0216514275596109 8.14995594802243e-05 1.00000000
16135031 135.576863425926 0.021665836256231 9.14143846913788e-05 1.00000000
16135032 135.582696759259 0.0215336707337999 4.51904089148994e-05 1.00000000
16135033 135.604375 0.0212110623311021 4.56810709425797e-05 1.00000000
16135034 135.626041666667 0.0210710103530129 5.53048511108282e-05 1.00000000
16135035 135.643599537037 0.0212358642353614 4.75540587898879e-05 1.00000000
16135036 135.665856481481 0.0211971736732703 5.01657768741884e-05 1.00000000
16135037 135.686782407407 0.0212259289748393 4.98139861515196e-05 1.00000000
16135038 135.708611111111 0.0210693152279508 5.05639577081271e-05 1.00000000
16135039 135.730300925926 0.0207274291381956 5.02404003951064e-05 1.00000000
16135040 135.752881944444 0.0207865151485994 6.68999285610524e-05 1.00000000
16135041 135.769340277778 0.0206464626378549 5.39838308117893e-05 1.00000000
16135042 135.791412037037 0.020362189688639 0.00013036215417024 1.00000000
16135043 135.796979166667 0.0205136701092166 6.33968019962918e-05 1.00000000
16135047 135.899548611111 0.0214138945366921 0.000351369578729196 1.00000000
16135048 135.900659722222 0.0213762709375076 3.78181506632781e-05 1.00000000
16135049 135.923599537037 0.0213356152944836 6.15357051752659e-05 1.00000000
16135050 135.93625 0.0213813722809345 7.66010468395847e-05 1.00000000
16135051 135.943368055556 0.0217216745082309 0.000242164633456917 1.00000000
16135053 135.945613425926 0.021894712225638 7.00587731528237e-05 1.00000000
16135054 135.953796296296 0.0221348002525495 8.62480757180945e-05 1.00000000
16135055 135.960416666667 0.0218589357169989 0.000104499668808975 1.00000000
16135056 135.964618055556 0.0218545971452421 4.38797700110065e-05 1.00000000
16135057 135.985648148148 0.0215167627860744 0.000186499216004156 1.00000000
16135061 135.990497685185 0.0213856537888944 4.48219280260356e-05 1.00000000
16136001 136.012106481481 0.0212046013410759 5.55125716401862e-05 1.00000000
16136002 136.029398148148 0.0211656245255236 4.63963828200215e-05 1.00000000
16136003 136.050972222222 0.0208859144343561 4.71239082706933e-05 1.00000000
16136004 136.072615740741 0.0208558443759086 6.66149407667205e-05 1.00000000
16136011 136.207268518519 0.0213788370909791 3.72463135847975e-05 1.00000000
16136013 136.231759259259 0.0217593001211582 4.04073782305914e-05 1.00000000
16136014 136.253472222222 0.0215237160156343 4.06191442157177e-05 1.00000000
16136015 136.275081018519 0.0211424745985607 8.64110144770268e-05 1.00000000
16136016 136.284085648148 0.0209351416264601 4.11929676813196e-05 1.00000000
16136017 136.305949074074 0.0209025669895506 3.88002532512926e-05 1.00000000
16136018 136.334421296296 0.0204679070522466 0.000222851271085529 1.00000000
16136019 136.336203703704 0.020815315208241 4.46107896962595e-05 1.00000000
16136020 136.35818287037 0.0207501182173975 4.60284723638423e-05 1.00000000
16136021 136.380648148148 0.0205665463231631 4.38547318205394e-05 1.00000000
16136022 136.406145833333 0.0204085629421612 4.43317430609478e-05 1.00000000
16136023 136.431990740741 0.0201691484578171 4.72060805674693e-05 1.00000000
16136024 136.458229166667 0.0201465912432245 5.06941552555329e-05 1.00000000
16136025 136.480266203704 0.0202551634030536 6.14607402162358e-05 1.00000000
16136035 136.618043981481 0.0209692284616213 4.21395741841395e-05 1.00000000
16136036 136.634965277778 0.0209157842638298 3.84971988797357e-05 1.00000000
16136037 136.659884259259 0.0201091261228887 0.000130746148734291 1.00000000
16136038 136.663252314815 0.0168781796736838 0.000252560486598854 1.00000000
16136039 136.664861111111 0.0165091128501944 0.000281512123513046 1.00000000
16136040 136.66619212963 0.0206515921594904 9.03786017574701e-05 1.00000000
16136041 136.672349537037 0.0171341865945149 0.000257295224674293 1.00000000
16136042 136.674166666667 0.0209141365679727 9.29854312290902e-05 1.00000000
16136043 136.678784722222 0.0209283083207877 4.27429990367222e-05 1.00000000
16136044 136.701041666667 0.0211747987080608 4.37015884598854e-05 1.00000000
16136045 136.723090277778 0.0209306379210546 5.17354142249363e-05 1.00000000
16136046 136.741516203704 0.0209521980109404 4.50178444836312e-05 1.00000000
16136047 136.763275462963 0.0207172942681713 4.77485014890765e-05 1.00000000
16136048 136.783958333333 0.0204782905172184 4.64897578739796e-05 1.00000000
16136049 136.805555555556 0.020241496089663 4.64423866758398e-05 1.00000000
16136050 136.82775462963 0.02034564626384 4.83686332954158e-05 1.00000000
16136051 136.849571759259 0.0202823826133855 5.29847498180042e-05 1.00000000
16136052 136.871226851852 0.0204196426760234 5.02534695019922e-05 1.00000000
16136053 136.893553240741 0.0206548063245039 4.67602672279372e-05 1.00000000
16136057 136.986851851852 0.0209791008881097 3.6677158465e-05 1.00000000
16137001 137.008530092593 0.0209785203465693 4.20449135996197e-05 1.00000000
16137002 137.030543981481 0.0210699933011169 4.32704370301826e-05 1.00000000
16137003 137.052523148148 0.0210870677654048 4.29170776573545e-05 1.00000000
16137004 137.075162037037 0.0213816284741959 4.53001693923968e-05 1.00000000
16137005 137.096701388889 0.0213661880660099 5.21371069038244e-05 1.00000000
16137006 137.116666666667 0.0210994803258656 4.72079834289026e-05 1.00000000
16137007 137.138333333333 0.0208314580259749 4.7622881598803e-05 1.00000000
16137008 137.160034722222 0.0205618171851602 6.81383599844449e-05 1.00000000
16137009 137.1746875 0.0205395061922894 5.38626990718556e-05 1.00000000
16137010 137.192106481481 0.0203105899117796 5.05035918073964e-05 1.00000000
16137011 137.21369212963 0.0200812365295281 4.87518138623979e-05 1.00000000
16137012 137.241157407407 0.0202074063004028 5.18386012024405e-05 1.00000000
16137013 137.263935185185 0.0200198209210647 5.10254212153799e-05 1.00000000
16137017 137.344016203704 0.0207492839543511 3.50659679648514e-05 1.00000000
16137018 137.367407407407 0.021077097585367 3.923270063116e-05 1.00000000
16137019 137.391944444444 0.0213193436210198 4.22841333474927e-05 1.00000000
16137020 137.414814814815 0.0212989805581116 4.43339600324248e-05 1.00000000
16137021 137.436631944444 0.0208934080680713 3.56270876666477e-05 1.00000000
16137022 137.472488425926 0.0209662533247946 6.6633433050493e-05 1.00000000
16137028 137.508865740741 0.0205638563974764 4.64213242381226e-05 1.00000000
16137029 137.531365740741 0.0204251383416258 4.33631432609289e-05 1.00000000
16137030 137.557835648148 0.020323354380458 4.89105754548084e-05 1.00000000
16137031 137.580081018519 0.0203655557551475 6.21110318485733e-05 1.00000000
16137032 137.597303240741 0.0202358529793167 5.12636838245018e-05 1.00000000
16137033 137.619108796296 0.0203843672832996 6.45034414395684e-05 1.00000000
16137038 137.715891203704 0.0212104434395659 3.73700774888875e-05 1.00000000
16137039 137.737638888889 0.0213786655163081 4.22699450672675e-05 1.00000000
16137040 137.760439814815 0.0218746802003829 4.51349970036138e-05 1.00000000
16137041 137.782766203704 0.0216237274048197 4.53449848748866e-05 1.00000000
16137042 137.805509259259 0.0216334657223226 4.65259589778011e-05 1.00000000
16137043 137.82755787037 0.0212157284349684 4.55085793285379e-05 1.00000000
16137044 137.851226851852 0.0211218383179768 0.000154916218435897 1.00000000
16137045 137.856030092593 0.0210293951405978 4.91899675756744e-05 1.00000000
16137046 137.877928240741 0.0208242166438095 4.93513877486931e-05 1.00000000
16137047 137.899872685185 0.0210963975625028 5.03729355569013e-05 1.00000000
16137048 137.922210648148 0.0211228562658391 5.19521756699912e-05 1.00000000
16137049 137.944305555556 0.0205183182574032 4.8740009249999e-05 1.00000000
16137051 137.980659722222 0.0204150171038174 0.000114726086478508 1.00000000
16137052 137.988449074074 0.0209407920565488 6.8809536192279e-05 1.00000000
16138013 138.094270833333 0.0202819090770247 9.44549449580576e-05 1.00000000
16138014 138.100081018519 0.0206332871451515 4.13938564138129e-05 1.00000000
16138015 138.122060185185 0.0207384357932213 4.25288917733383e-05 1.00000000
16138016 138.143703703704 0.0210612516214884 4.39405995321008e-05 1.00000000
16138017 138.165439814815 0.0215973012032979 4.58337542020281e-05 1.00000000
16138018 138.188078703704 0.0213533439911472 0.000113043759834653 1.00000000
16138019 138.192847222222 0.0213618533025744 8.64768875604303e-05 1.00000000
16138020 138.199791666667 0.0210399851033262 0.000111963591930346 1.00000000
16138021 138.206030092593 0.0208088716897357 4.76800570138353e-05 1.00000000
16138022 138.227662037037 0.0202757883353577 4.5855433803782e-05 1.00000000
16138023 138.251064814815 0.0201877530663404 4.82462631067423e-05 1.00000000
16138024 138.274143518519 0.0203758036864934 5.05705475234281e-05 1.00000000
16138025 138.296134259259 0.0202400066420363 5.09374610312428e-05 1.00000000
16138026 138.318240740741 0.0201098245483676 7.66016851886082e-05 1.00000000
16138027 138.331678240741 0.0200695711528694 5.25497021669371e-05 1.00000000
16138028 138.354027777778 0.019931124136593 5.15205329775717e-05 1.00000000
16138029 138.37818287037 0.0196675052630582 6.61028147862699e-05 1.00000000
16138040 138.515289351852 0.0199703068272606 3.99272738988376e-05 1.00000000
16138042 138.541782407407 0.0203019156005812 4.11215312962963e-05 1.00000000
16138043 138.564293981481 0.0203548977154453 9.1917481831823e-05 1.00000000
16138044 138.570752314815 0.0207965813238242 4.23447454342976e-05 1.00000000
16138045 138.593136574074 0.020707504168686 4.35089308500089e-05 1.00000000
16138046 138.614930555556 0.0205032811196843 4.28617558242469e-05 1.00000000
16138047 138.642326388889 0.0207300739432631 4.66223660458386e-05 1.00000000
16138048 138.663993055556 0.0207847271321669 4.74162573543857e-05 1.00000000
16138049 138.685729166667 0.0208249885547499 4.84377409619435e-05 1.00000000
16138050 138.708356481481 0.0207403234385362 4.86547162847224e-05 1.00000000
16138051 138.731550925926 0.0208187484464227 5.13287980658404e-05 1.00000000
16138052 138.754224537037 0.0202772703843106 5.18345676574364e-05 1.00000000
16138053 138.776076388889 0.0190073821932709 0.000704306084169125 1.00000000
16138054 138.779895833333 0.0205829666502988 5.59867408896034e-05 1.00000000
16138055 138.8015625 0.0206687838517853 0.000127469186070542 1.00000000
16138059 138.868923611111 0.0209900682825384 3.90854065129783e-05 1.00000000
16138060 138.889224537037 0.0211138503047818 0.000269119903134093 1.00000000
16138061 138.890428240741 0.0212312275224614 3.76386650060213e-05 1.00000000
16138062 138.911898148148 0.0214661062119542 3.86738480814399e-05 1.00000000
16138063 138.933877314815 0.0220072904627695 4.03964699370625e-05 1.00000000
16138064 138.955810185185 0.0221089912595158 4.05114132367633e-05 1.00000000
16138065 138.978842592593 0.0219960803277467 6.52496456620536e-05 1.00000000
16138066 138.990601851852 0.0212046713197647 5.92184083064463e-05 1.00000000
16139001 139.007060185185 0.0213037548758726 0.000100585723271427 1.00000000
16139002 139.011655092593 0.0214792136192586 4.83327085444014e-05 1.00000000
16139003 139.033194444444 0.0210163242816894 4.82277314064207e-05 1.00000000
16139004 139.054814814815 0.0206203761405825 4.9469039367189e-05 1.00000000
16139005 139.076493055556 0.0202936874646703 5.01132727328373e-05 1.00000000
16139006 139.097951388889 0.0194507963032325 0.000172912526880642 1.00000000
16139007 139.10162037037 0.020260987122554 6.86443200909151e-05 1.00000000
16139008 139.115949074074 0.0199138445306523 5.19385373140359e-05 1.00000000
16139009 139.137685185185 0.0195795782778973 5.27039154081203e-05 1.00000000
16139010 139.159131944444 0.0198360585238861 5.40984294695808e-05 1.00000000
16139011 139.18087962963 0.0197243276470944 5.53209045359707e-05 1.00000000
16139012 139.202361111111 0.0197899669843313 5.67201336098233e-05 1.00000000
16139013 139.223969907407 0.0199012443688064 8.5947630022007e-05 1.00000000
16139021 139.298703703704 0.0199305672936917 5.5815143103771e-05 1.00000000
16139022 139.308229166667 0.0200136029246698 3.88514117387261e-05 1.00000000
16139023 139.330185185185 0.0201594258327355 4.07454098459952e-05 1.00000000
16139024 139.352037037037 0.0203093080503688 4.19890107836985e-05 1.00000000
16139025 139.373020833333 0.0202457385910336 4.15777778543248e-05 1.00000000
16139026 139.394953703704 0.0200949290177853 4.6366100281764e-05 1.00000000
16139027 139.417465277778 0.0198413659274534 4.91363200826206e-05 1.00000000
16139028 139.435219907407 0.0200719599752452 4.51263449872525e-05 1.00000000
16139029 139.457048611111 0.0199342421352606 4.64236438005769e-05 1.00000000
16139030 139.478935185185 0.0196858990828697 4.48748747688907e-05 1.00000000
16139031 139.503043981481 0.0196642973739347 5.64586109896366e-05 1.00000000
16139032 139.519872685185 0.019237517597115 5.89132918905624e-05 1.00000000
16139033 139.537835648148 0.0192610603374393 5.098138613879e-05 1.00000000
16139034 139.559502314815 0.0192821986540772 8.2183820995557e-05 1.00000000
16139054 139.925590277778 0.0222134932441827 6.62561009783663e-05 1.00000000
16139055 139.942951388889 0.0215218149525091 5.12212267402535e-05 1.00000000
16139056 139.965798611111 0.0213228087227235 5.62752201304003e-05 1.00000000
16139057 139.987604166667 0.0209650504437252 4.96671026887128e-05 1.00000000
16140001 140.009247685185 0.0212493124745186 4.89166896788198e-05 1.00000000
16140002 140.030810185185 0.0209951454467078 4.85541930781539e-05 1.00000000
16140003 140.055196759259 0.0209269175557832 5.12105317904309e-05 1.00000000
16140004 140.076678240741 0.0210047031080596 6.49849098234677e-05 1.00000000
16140007 140.099375 0.0201631029209936 0.000107953165538508 1.00000000
16140008 140.106273148148 0.0200623438973474 5.20474288303923e-05 1.00000000
16140009 140.127673611111 0.0199822721294317 5.38868102311068e-05 1.00000000
16140010 140.14912037037 0.0201708082809835 5.0834709429007e-05 1.00000000
16140011 140.179074074074 0.0197660181562987 6.06788088920313e-05 1.00000000
16140012 140.198553240741 0.0196293366111374 5.74874420514828e-05 1.00000000
16140013 140.220520833333 0.0196855313800805 6.05477698916457e-05 1.00000000
16140014 140.241956018518 0.0197434234985925 0.000128860949235462 1.00000000
16140015 140.2578125 0.0198668545504994 0.000162169307760331 1.00000000
16140016 140.268425925926 0.0195004307834095 0.00011188941064775 1.00000000
16141003 141.047303240741 0.0210141126146257 5.98806221158393e-05 1.00000000
16141004 141.061354166667 0.0209045015116032 9.38973882162901e-05 1.00000000
16141005 141.070046296296 0.0214221110827413 3.85513535676535e-05 1.00000000
16141006 141.091863425926 0.0215873491991061 7.62134744808572e-05 1.00000000
16141007 141.100162037037 0.0219601068383683 4.67436313534152e-05 1.00000000
16141008 141.121886574074 0.0217710420566671 4.71561005796553e-05 1.00000000
16141009 141.143449074074 0.0217803662480174 4.2787602091596e-05 1.00000000
16141010 141.173460648148 0.0219978797762925 5.25626842244316e-05 1.00000000
16141011 141.214733796296 0.0216746880159494 7.17193506384443e-05 1.00000000
16141014 141.241574074074 0.0221400593173775 5.93225287427601e-05 1.00000000
16141016 141.265347222222 0.0210378029162659 5.6990361365701e-05 1.00000000
16141017 141.288425925926 0.02057879399892 9.56110492009751e-05 1.00000000
16141018 141.299571759259 0.055222910856485 0.000196290914050525 1.00000000
16141019 141.314988425926 0.0206642041350733 0.000129134539606294 1.00000000
16141021 141.321840277778 0.0200369563347091 5.97553607364136e-05 1.00000000
16141022 141.3434375 0.0200871847755529 8.52425105244216e-05 1.00000000
16141029 141.414050925926 0.0205149362107333 4.80218751529759e-05 1.00000000
16141031 141.429131944444 0.0206953488601125 6.72562022543219e-05 1.00000000
16141032 141.438344907407 0.0207669813717699 4.14750258485442e-05 1.00000000
16141033 141.459918981481 0.0210728837870573 4.29698056716153e-05 1.00000000
16141034 141.481458333333 0.0218160290921494 4.61708810212867e-05 1.00000000
16141035 141.50306712963 0.0230778830077884 5.40292503670909e-05 1.00000000
16141036 141.525150462963 0.0248354929820999 0.000130045515697924 1.00000000
16141037 141.534872685185 0.0237453080540327 7.87116247922392e-05 1.00000000
16141038 141.548900462963 0.0230185023975028 5.84972395945263e-05 1.00000000
16141040 141.57443287037 0.0234567487416915 6.52211253775859e-05 1.00000000
16141041 141.595266203704 0.0232330608805412 0.000192566975239159 1.00000000
16141049 141.9634375 0.0201581267483647 3.42904316630276e-05 1.00000000
16141050 141.985636574074 0.02039408810202 3.9260538654248e-05 1.00000000
16142001 142.007094907407 0.0205070493146025 4.05253073913128e-05 1.00000000
16142002 142.028877314815 0.020612521347006 6.15566972721955e-05 1.00000000
16142003 142.042395833333 0.0207288652897087 4.23235049833514e-05 1.00000000
16142004 142.063900462963 0.0509534449387591 0.000118659062787427 1.00000000
16142005 142.085983796296 0.0206750183289788 8.10453686199474e-05 1.00000000
16142006 142.096574074074 0.0204948580808491 4.56595239408781e-05 1.00000000
16142007 142.118460648148 0.0203659056932879 4.78147202308635e-05 1.00000000
16142008 142.140034722222 0.0202971919272818 4.9084963036831e-05 1.00000000
16142010 142.164085648148 0.0198823035669442 4.97086028658369e-05 1.00000000
16142012 142.188576388889 0.0198890102451601 5.17828850688843e-05 1.00000000
16142013 142.210011574074 0.0199055380604916 8.25492352562182e-05 1.00000000
16142014 142.221585648148 0.0198501446067395 5.36033051287382e-05 1.00000000
16142015 142.243587962963 0.0201993136535365 7.96804806899401e-05 1.00000000
16142022 142.322916666667 0.0200543402554748 3.88853225176197e-05 1.00000000
16142024 142.341689814815 0.020355640947256 3.88337412390181e-05 1.00000000
16142025 142.363425925926 0.0203815340779542 8.43138388265122e-05 1.00000000
16142027 142.372233796296 0.0204580681505153 4.01448929736797e-05 1.00000000
16142028 142.393854166667 0.0205725680966309 4.12513135966697e-05 1.00000000
16142032 142.423761574074 0.0205023693183896 3.9368228416243e-05 1.00000000
16142035 142.456493055556 0.0204097744970538 4.60920187659825e-05 1.00000000
16142036 142.47806712963 0.020342313363029 4.75065035508191e-05 1.00000000
16142037 142.499722222222 0.0200588552236194 4.93701687102242e-05 1.00000000
16142038 142.521319444444 0.0200400554636024 5.08811433763375e-05 1.00000000
16142039 142.542858796296 0.019950378360941 5.24972086862111e-05 1.00000000
16142041 142.566157407407 0.0198746927752708 9.19625759443264e-05 1.00000000
16142044 142.578634259259 0.0198800673872477 5.49954281052202e-05 1.00000000
16142046 142.600972222222 0.0197042936855648 0.000207950343548302 1.00000000
16142048 142.606099537037 0.0199358959695424 0.000226299375727589 1.00000000
16142061 142.672581018519 0.0201104270733214 3.50756411955868e-05 1.00000000
16142065 142.698831018519 0.0198294297678858 3.92543580481043e-05 1.00000000
16142066 142.720555555556 0.0199623862643766 4.03046233304269e-05 1.00000000
16142067 142.742164351852 0.0203603205337611 4.26615747707696e-05 1.00000000
16142068 142.763784722222 0.0202655041494911 4.13027665075845e-05 1.00000000
16142069 142.78744212963 0.0201712664989787 5.50311693263373e-05 1.00000000
16142070 142.803784722222 0.0199225175956157 4.49095375199629e-05 1.00000000
16142071 142.825613425926 0.0201899600555918 4.71070001247029e-05 1.00000000
16142072 142.847164351852 0.0197430307526849 5.05488983557718e-05 1.00000000
16142073 142.867939814815 0.0143737340067931 0.000296594863559988 1.00000000
16142074 142.871365740741 0.014141209837603 0.000296512208393365 1.00000000
16142075 142.873900462963 0.0196874416710782 0.000100022526850697 1.00000000
16142076 142.879282407407 0.0197051190531139 4.96506531102862e-05 1.00000000
16142077 142.9009375 4.74859422257548 0.0132317411120893 1.00000000
16142078 142.920474537037 0.0192108497338546 0.000275113713311902 1.00000000
16142079 142.924386574074 0.0197655972865599 5.4405951879115e-05 1.00000000
16142080 142.944664351852 0.0197456227464344 4.92521569222428e-05 1.00000000
16143002 143.03 0.0200461812267005 3.3467259075613e-05 1.00000000
16143003 143.052314814815 0.0200940835775465 3.88811407020314e-05 1.00000000
16143004 143.073761574074 0.0201562960992547 3.93150913694686e-05 1.00000000
16143005 143.095405092593 0.0203265031876054 4.08467993224108e-05 1.00000000
16143006 143.116886574074 0.0204669071321507 4.21398251784932e-05 1.00000000
16143007 143.138368055556 0.0204978249631217 8.54295007300812e-05 1.00000000
16143008 143.148854166667 0.0205264636656276 0.000154549566807377 1.00000000
16143009 143.157592592593 0.0206969023105289 4.59575191203808e-05 1.00000000
16143010 143.179560185185 0.0202808588575929 4.73787578917031e-05 1.00000000
16143011 143.201122685185 0.0201115267819972 4.93001106272679e-05 1.00000000
16143012 143.222615740741 0.0199887749242527 5.12038603852854e-05 1.00000000
16143013 143.244085648148 0.0199147509054014 5.3241365349098e-05 1.00000000
16143014 143.265555555556 0.019649792112893 7.86515860566593e-05 1.00000000
16143015 143.27837962963 0.0196362743003189 5.49934314806892e-05 1.00000000
16143016 143.300902777778 0.0198545188248547 6.57409457029385e-05 1.00000000
16143018 143.333275462963 0.0193774331052287 7.90327927407925e-05 1.00000000
16143019 143.344988425926 0.0195073924009757 5.48881167463849e-05 1.00000000
16143020 143.371770833333 0.0194104020763055 6.27794341365948e-05 1.00000000
16143021 143.393287037037 0.0194163235302273 6.48900973545008e-05 1.00000000
16143022 143.414872685185 0.0196051414606308 8.06182178233272e-05 1.00000000
16143031 143.482824074074 0.0200950958760988 4.47835777315411e-05 1.00000000
16143032 143.495520833333 0.0203461186680825 3.98370645921021e-05 1.00000000
16143033 143.51712962963 0.0202372850284269 4.00490090191134e-05 1.00000000
16143034 143.53837962963 0.0200572297320299 3.95075375908377e-05 1.00000000
16143035 143.560474537037 0.0200985263062974 4.1107162945124e-05 1.00000000
16143036 143.582430555556 0.0201784505668673 4.29178727922349e-05 1.00000000
16143038 143.609016203704 0.020149514993032 4.91006205231202e-05 1.00000000
16143039 143.626967592593 0.019860034090486 4.83475086402036e-05 1.00000000
16143040 143.64619212963 0.0199123426961315 4.47462108693973e-05 1.00000000
16143041 143.670231481481 0.0198608669631588 4.75277265272607e-05 1.00000000
16143042 143.69255787037 0.0199499722407154 5.04318297610478e-05 1.00000000
16143043 143.714027777778 0.0197018541397118 6.10932308225343e-05 1.00000000
16143044 143.731990740741 0.019810905207901 5.32324154871989e-05 1.00000000
16143045 143.753657407407 0.0199230350991139 5.70298632302567e-05 1.00000000
16143052 143.837789351852 0.0203960495162334 3.53566374421703e-05 1.00000000
16143053 143.860173611111 0.0203510409873851 4.12729102717205e-05 1.00000000
16143054 143.881724537037 0.02025546666399 4.25471105532361e-05 1.00000000
16143055 143.903275462963 0.0201702913441204 4.20283580694407e-05 1.00000000
16143056 143.924826388889 0.0202410024617647 4.42827395802394e-05 1.00000000
16143057 143.944513888889 0.0199763440651819 4.6341741886517e-05 1.00000000
16143058 143.964722222222 0.020037183407469 4.46800535032926e-05 1.00000000
16143059 143.986481481481 0.0199446630173014 4.56391516223059e-05 1.00000000
16144001 144.008310185185 0.0197725826300112 4.70763869184941e-05 1.00000000
16144002 144.029814814815 0.0198190392099813 4.86040870734625e-05 1.00000000
16144003 144.051331018519 0.019873681561516 5.06334969770185e-05 1.00000000
16144004 144.072824074074 0.0200015925713954 6.37117576618869e-05 1.00000000
16144005 144.090231481481 0.0198716907512127 5.30702862610998e-05 1.00000000
16144007 144.117835648148 0.0198495052382659 7.59675515620584e-05 1.00000000
16144012 144.177175925926 0.0206942387644887 3.42478815617408e-05 1.00000000
16144013 144.199988425926 0.0205749410663109 4.02936332161783e-05 1.00000000
16144014 144.221574074074 0.0208842336004208 4.10228718869578e-05 1.00000000
16144015 144.243136574074 0.0205151263627809 4.01974187704129e-05 1.00000000
16144016 144.264791666667 0.0204624439447436 4.06480344663981e-05 1.00000000
16144017 144.287638888889 0.0199231707091149 0.000194108189613641 1.00000000
16144018 144.29431712963 0.0205121483040488 8.17282800742653e-05 1.00000000
16144019 144.303425925926 0.0204646120667204 4.44391308132598e-05 1.00000000
16144020 144.325092592593 0.0203801149954907 4.76767679147182e-05 1.00000000
16144021 144.345648148148 0.0204010525172427 4.70864139571314e-05 1.00000000
16144022 144.36744212963 0.0201430521380909 6.64131717938843e-05 1.00000000
16144023 144.383055555556 0.0201419396086341 5.04523579811758e-05 1.00000000
16144024 144.404525462963 0.0200857695143023 5.25436969821678e-05 1.00000000
16144025 144.42875 0.0201045123564988 5.89840154753329e-05 1.00000000
16144026 144.450509259259 0.0199233839370686 6.29904159107943e-05 1.00000000
16144037 144.530532407407 0.0205009968089375 8.26587264386894e-05 1.00000000
16144038 144.53494212963 0.0207619777907803 5.44927913960472e-05 1.00000000
16144039 144.546354166667 0.0206667984686921 4.00301158550341e-05 1.00000000
16144040 144.567824074074 0.0202651384389166 3.89057403580319e-05 1.00000000
16144041 144.591238425926 0.0203890097201831 0.000105636632210495 1.00000000
16144042 144.599282407407 0.0204137851208598 4.32426559550305e-05 1.00000000
16144043 144.620798611111 0.020650533001982 7.24169254430882e-05 1.00000000
16144054 144.758784722222 0.0174676448529112 0.000714647693793349 1.00000000
16144055 144.760231481481 0.0200768817690015 3.28899730725913e-05 1.00000000
16144056 144.784155092593 0.0201547284579239 3.89248817945156e-05 1.00000000
16144057 144.8059375 0.0199839618939946 9.33035801866614e-05 1.00000000
16144059 144.812210648148 0.0200119286526126 0.000115414368341396 1.00000000
16144060 144.820960648148 0.0195578103409466 0.000264815791065069 1.00000000
16144061 144.82212962963 0.0200769377968226 4.22503925776238e-05 1.00000000
16144062 144.841747685185 0.0203473110827595 0.000157472952847881 1.00000000
16144064 144.847106481481 0.395963860253498 0.00828049953079978 1.00000000
16144065 144.850868055556 0.0196298619302711 4.10846238034673e-05 1.00000000
16144070 144.893981481481 0.0198180597806974 4.45227713826266e-05 1.00000000
16144071 144.9159375 0.0198205282880479 4.74063383575917e-05 1.00000000
16144072 144.93724537037 0.0197373294351461 8.34409976493016e-05 1.00000000
16144073 144.946805555556 0.0194122483023294 4.80917293879089e-05 1.00000000
16144074 144.968391203704 0.019365676178667 7.93510370599325e-05 1.00000000
16144075 144.977476851852 0.0194889835487488 5.07144734961572e-05 1.00000000
16144076 144.998993055556 0.019241253629108 7.84035585783164e-05 1.00000000
16145001 145.012962962963 0.0191888891035887 8.1657182026587e-05 1.00000000
16145002 145.022881944444 0.0194107395328633 0.000109245276638538 1.00000000
16145003 145.031157407407 0.0192176189573944 5.67994600365153e-05 1.00000000
16145008 145.115625 0.0201435185273475 0.000158770804455584 1.00000000
16145009 145.117905092593 0.0196425978738461 0.000106054394712791 1.00000000
16145010 145.121493055556 0.0197745492292922 3.77265439421601e-05 1.00000000
16145011 145.143287037037 0.0197881825982157 3.94388231298883e-05 1.00000000
16145012 145.164803240741 0.0199654216999447 3.99269125258279e-05 1.00000000
16145013 145.186342592593 0.0199788020727141 4.04446340457388e-05 1.00000000
16145014 145.207835648148 0.0198936320487433 4.2285745058079e-05 1.00000000
16145015 145.229409722222 0.0199425611088069 6.19802141847157e-05 1.00000000
16145016 145.241759259259 0.019645495798716 4.37285726624328e-05 1.00000000
16145017 145.263333333333 0.019584186659634 4.51220096372104e-05 1.00000000
16145018 145.28474537037 0.0194305734145314 4.64515208405314e-05 1.00000000
16145019 145.3065625 0.0195678788997564 4.77594078578305e-05 1.00000000
16145020 145.329305555556 0.0196757327694282 5.09383798531131e-05 1.00000000
16145021 145.350266203704 0.0194206690198436 5.53959194846874e-05 1.00000000
16145022 145.37193287037 0.0193893662151952 5.20097428162088e-05 1.00000000
16145023 145.394097222222 0.0194504705886198 5.06902653848393e-05 1.00000000
16145024 145.419456018519 0.0192507876274982 0.00010692440210176 1.00000000
16145035 145.510243055556 0.0193692044559329 4.08766607247573e-05 1.00000000
16145036 145.528321759259 0.0195289452343549 4.04394773253819e-05 1.00000000
16145037 145.549756944444 0.0196169090903968 7.43214849844749e-05 1.00000000
16145039 145.559178240741 0.0195850303684273 4.16337834803717e-05 1.00000000
16145040 145.580706018519 0.0199578153541749 4.3472513712304e-05 1.00000000
16145041 145.602222222222 0.0194507516384895 4.43600741186304e-05 1.00000000
16145042 145.622395833333 0.0194497811992967 4.64645133267577e-05 1.00000000
16145043 145.647719907407 0.01952467528185 4.67669229274385e-05 1.00000000
16145044 145.669293981481 0.0193336846248136 4.83267587289708e-05 1.00000000
16145045 145.690914351852 0.0191551088944696 4.91495789405063e-05 1.00000000
16145046 145.712488425926 0.0192630131078894 5.06606820713293e-05 1.00000000
16145048 145.739606481481 0.0191024474297322 5.25296288639774e-05 1.00000000
16145049 145.76537037037 0.0192149967005301 5.61799748524698e-05 1.00000000
16145050 145.786157407407 0.0193501708680358 6.73976899300598e-05 1.00000000
16145055 145.847256944444 0.0197796732742586 3.32153033804879e-05 1.00000000
16145056 145.870775462963 0.0194634812652802 3.844721825032e-05 1.00000000
16145057 145.892465277778 0.0194622166893232 3.88384760485192e-05 1.00000000
16145058 145.914085648148 0.0195916892670398 4.06221286121155e-05 1.00000000
16145059 145.935891203704 0.0194168502315453 4.57515796289078e-05 1.00000000
16145060 145.953784722222 0.019432656428803 4.70733912484391e-05 1.00000000
16145061 145.974201388889 0.0196859350590996 4.46889069023444e-05 1.00000000
16146002 146.009837962963 0.019504133834884 6.96492835018924e-05 1.00000000
16146003 146.021527777778 0.0193884625870675 4.80663836973625e-05 1.00000000
16146004 146.043611111111 0.0191252023619996 4.87114612839378e-05 1.00000000
16146005 146.065787037037 0.0190130244791152 4.90034780198228e-05 1.00000000
16146006 146.089699074074 0.0188593419131607 0.000100080447695842 1.00000000
16146007 146.098657407407 0.0193293127246853 5.40333079798742e-05 1.00000000
16146008 146.120439814815 0.0187940404271256 5.87323693962478e-05 1.00000000
16146014 146.2065625 0.0198670402671269 3.40272263781434e-05 1.00000000
16146015 146.228090277778 0.0196831075730203 4.06681424337204e-05 1.00000000
16146016 146.244988425926 0.0196985164076589 4.10283102832981e-05 1.00000000
16146051 146.531956018519 0.0200848875119702 4.5848921579993e-05 1.00000000
16146052 146.5478125 0.0198661644346065 6.84628515972726e-05 1.00000000
16146097 146.63380787037 0.0202222886635689 3.99472444534186e-05 1.00000000
16146098 146.652268518519 0.0197493667365566 4.01001920013794e-05 1.00000000
16146099 146.673981481481 0.0199862499492914 8.07239569294865e-05 1.00000000
16146100 146.684328703704 0.0199434740617191 4.66198796756073e-05 1.00000000
16146106 146.773125 0.0197960810505673 3.9639066239359e-05 1.00000000
16146107 146.790393518519 0.0200562779319024 4.13170684368122e-05 1.00000000
16146109 146.814340277778 0.019654121910928 4.06034532337909e-05 1.00000000
16146111 146.840034722222 0.0197385108350898 4.12974735175209e-05 1.00000000
16146112 146.861608796296 0.019880904399847 4.70670111789824e-05 1.00000000
16146114 146.880671296296 0.0197577765143377 5.90919284610899e-05 1.00000000
16146115 146.897291666667 0.0196496776112001 4.44174613388164e-05 1.00000000
16146116 146.920763888889 0.0194881080835214 4.63423544798845e-05 1.00000000
16146117 146.943425925926 0.0195784056115203 5.90625037074397e-05 1.00000000
16146118 146.958715277778 0.0192743096174447 4.9553371295421e-05 1.00000000
16146119 146.980266203704 0.0194914248859334 6.17480012487812e-05 1.00000000
16146120 146.996979166667 0.0194636870290362 0.000131781452999025 1.00000000
16147006 147.104965277778 0.0201192820026264 3.50334036149959e-05 1.00000000
16147007 147.126863425926 0.0201880802855198 4.27420019424045e-05 1.00000000
16147008 147.150590277778 0.0202328019555374 4.33855794651345e-05 1.00000000
16147009 147.172314814815 0.0197570616435585 4.21448327065944e-05 1.00000000
16147010 147.193993055556 0.0195665673067205 4.14651728755367e-05 1.00000000
16147011 147.215694444444 0.0195112044260783 0.000172861037424682 1.00000000
16147012 147.219548611111 0.0192981120593201 6.2664301880541e-05 1.00000000
16147013 147.232280092593 0.0195646266795164 4.99753160843272e-05 1.00000000
16147014 147.253553240741 0.0194593663951205 4.59903845701132e-05 1.00000000
16147056 147.698090277778 0.0203998517718454 4.17093191444061e-05 1.00000000
16147057 147.714756944444 0.0202006933277791 4.03434846439402e-05 1.00000000
16147058 147.736608796296 0.0200881782012286 6.61100953945413e-05 1.00000000
16147059 147.745347222222 0.0198636697424555 3.95560884360402e-05 1.00000000
16147060 147.766840277778 0.0202801841998574 4.36619949927993e-05 1.00000000
16147061 147.791053240741 0.0204208534699301 4.97061976050714e-05 1.00000000
16147062 147.80912037037 0.0205599523046453 7.60488781566165e-05 1.00000000
16147063 147.819513888889 0.0204656790712303 4.78497526744391e-05 1.00000000
16147064 147.841030092593 0.0203479900586106 4.94186175093934e-05 1.00000000
16147065 147.862569444444 0.0200015863208948 5.05197731608161e-05 1.00000000
16147066 147.8840625 0.0197408759423259 5.22864516579105e-05 1.00000000
16147067 147.905763888889 0.019757689199321 5.33253334369046e-05 1.00000000
16147068 147.927962962963 0.0196412687564325 7.48965605269943e-05 1.00000000
16147069 147.943240740741 0.0195219486842746 5.53501413056033e-05 1.00000000
16147070 147.964791666667 0.0194167867073893 5.8688527516431e-05 1.00000000
16148002 148.037106481481 0.0199000369610941 3.24222518517051e-05 1.00000000
16148003 148.059976851852 0.0197416789979808 4.18997794020283e-05 1.00000000
16148004 148.075231481481 0.019826930720537 3.84011529325824e-05 1.00000000
16148005 148.096990740741 0.0197429219232422 3.94836898935714e-05 1.00000000
16148006 148.118680555556 0.0198902766766508 4.09538945962588e-05 1.00000000
16148007 148.140428240741 0.0200859324194838 4.55829103216331e-05 1.00000000
16148008 148.162511574074 0.0201046978174289 4.65607315770557e-05 1.00000000
16148009 148.184166666667 0.0197827008768393 4.78459356549336e-05 1.00000000
16148010 148.205752314815 0.0197287657878119 4.84919738412332e-05 1.00000000
16148011 148.228738425926 0.0165616477257654 4.73565985714808e-05 1.00000000
16148012 148.250335648148 0.00856571023371231 5.55733971317038e-05 1.00000000
16148017 148.289039351852 0.0195088660416972 0.000491003195684827 1.00000000
16148018 148.294409722222 0.0183661116296991 0.000867859983989024 1.00000000
16148019 148.299618055556 0.0195361767918668 5.60215095583062e-05 1.00000000
16148020 148.323009259259 0.0194356755231722 6.07718247674793e-05 1.00000000
16148021 148.34474537037 0.0195130009378738 0.00017327137719887 1.00000000
16148022 148.35505787037 0.0194874731782925 7.85356349985041e-05 1.00000000
16149001 149.006377314815 0.0402398977512084 6.19461425615071e-05 1.00000000
16149002 149.035891203704 0.0375924961155811 6.3952640961207e-05 1.00000000
16149003 149.057615740741 8.64142532399658e-07 1.22207898521753e-06 1.00000000
16149004 149.061273148148 0.0397516980125866 7.5492834392132e-05 1.00000000
16149005 149.081157407407 0.0396154608945751 8.04892694036813e-05 1.00000000
16149006 149.102916666667 0.0408899826002176 0.000130369958853239 1.00000000
16149007 149.153946759259 0.0407050684254839 0.000308647331562519 1.00000000
16149008 149.159699074074 0.0406883684364346 0.000521025380509845 1.00000000
16149009 149.163252314815 0.0395811839168759 0.000292425834647755 1.00000000
16149010 149.171689814815 0.0411356926324893 0.000103542319642715 1.00000000
16149011 149.193784722222 0.0414944752278566 0.000129777440459776 1.00000000
16149013 149.215393518519 0.042050007658764 0.000113285398785097 1.00000000
16149014 149.240138888889 0.0446836497168941 0.00014281320017648 1.00000000
16149024 149.36505787037 0.0404704214548152 0.000162230248205222 1.00000000
16149025 149.370578703704 0.0397584442645653 0.000276165304995611 1.00000000
16149044 149.774722222222 0.0184140381310002 3.36002261666053e-05 1.00000000
16149048 149.828356481482 0.0180284047776974 5.44330383793788e-05 1.00000000
16149049 149.842118055556 0.0177627424649508 3.53057388983554e-05 1.00000000
16149050 149.863645833333 0.0174849649510381 3.50091444101822e-05 1.00000000
16149051 149.885023148148 0.0178831534355119 8.57435317002111e-05 1.00000000
16149052 149.891956018519 0.017796357681873 3.68592409597029e-05 1.00000000
16149053 149.913842592593 0.017655205628403 3.78360025394685e-05 1.00000000
16149054 149.935081018519 0.0176575959753461 3.75820353842522e-05 1.00000000
16149055 149.957071759259 0.0179139051379044 3.97044341216484e-05 1.00000000
16149056 149.97806712963 0.0174453210317253 3.90743067115907e-05 1.00000000
16149057 149.999618055556 0.0179330354350432 9.63668714087391e-05 1.00000000
16150001 150.008136574074 51.0018948955479 0.686221321006111 1.00000000
16150004 150.041516203704 0.0175159870515305 5.84090632054432e-05 1.00000000
16150010 150.105717592593 0.0181569965167597 3.18091943534425e-05 1.00000000
16150011 150.127511574074 0.0183271089638924 3.66763188004369e-05 1.00000000
16150012 150.149108796296 0.0186957983741278 3.73637593362451e-05 1.00000000
16150013 150.170671296296 0.018379896404495 5.44944995963132e-05 1.00000000
16150014 150.186319444444 0.0184958014594601 3.73433869726174e-05 1.00000000
16150015 150.208032407407 0.0187228100736098 4.04397655293042e-05 1.00000000
16150016 150.2303125 0.0185466163074757 5.33576363757368e-05 1.00000000
16150018 150.247662037037 0.01840228839521 5.05661694912079e-05 1.00000000
16150019 150.262175925926 0.0181915961620904 3.88683972111868e-05 1.00000000
16150020 150.287939814815 0.018446371263398 4.20871500607421e-05 1.00000000
16150021 150.310208333333 0.017903213955988 4.23333429489082e-05 1.00000000
16150022 150.332071759259 0.0178788723784026 4.34388461180301e-05 1.00000000
16150023 150.356018518519 0.018260526498251 4.43150827960963e-05 1.00000000
16150024 150.379502314815 0.0182622284680585 5.16862461733098e-05 1.00000000
16150042 150.632696759259 0.0184222746523383 9.61756203820644e-05 1.00000000
16150044 150.637465277778 0.0183285508199206 3.1929514705206e-05 1.00000000
16150045 150.659282407407 0.0181621296716833 3.21442104484191e-05 1.00000000
16150046 150.680752314815 0.0182060484700188 3.35573857313865e-05 1.00000000
16150047 150.702696759259 75.4227061625271 0.358108030400928 1.00000000
16150048 150.703784722222 0.0183133331637009 3.61715994275803e-05 1.00000000
16150049 150.7253125 0.0183949434755138 3.87661280427308e-05 1.00000000
16150050 150.745717592593 0.0182149578047674 8.40542037771244e-05 1.00000000
16150052 150.754363425926 0.0178013873946346 3.61760340104554e-05 1.00000000
16150053 150.775960648148 0.0182259991725344 8.21053839963498e-05 1.00000000
16150054 150.783391203704 0.0182483481824363 3.77096086376839e-05 1.00000000
16150055 150.804814814815 0.0179297568113954 3.8368782803551e-05 1.00000000
16150056 150.826087962963 0.017964210961039 3.95225755829386e-05 1.00000000
16150057 150.847604166667 0.0181647973813387 4.56779324639608e-05 1.00000000
16150058 150.865023148148 0.0183057955242775 6.00242367848498e-05 1.00000000
16150059 150.878645833333 0.0175227334568401 4.21254663135499e-05 1.00000000
16150060 150.899409722222 15.4203154618832 0.0804287226646819 1.00000000
16150061 150.904861111111 0.0179359865068058 6.71035017208149e-05 1.00000000
16150065 150.967777777778 0.018243733342603 3.02421981881328e-05 1.00000000
16150066 150.99162037037 0.0181876663121018 3.2905088200018e-05 1.00000000
16151001 151.013217592593 0.0180078286139051 3.17933131354041e-05 1.00000000
16151002 151.035393518519 0.0183012076370508 3.5500988990515e-05 1.00000000
16151003 151.057372685185 0.017865813169013 0.000161775126580985 1.00000000
16151004 151.05912037037 0.0178910488054835 0.000169871797123638 1.00000000
16151005 151.060902777778 0.0177133338827979 3.56884097812784e-05 1.00000000
16151006 151.083090277778 0.018018103647959 8.89061434384343e-05 1.00000000
16151010 151.094548611111 0.000352174784908291 1.49943888456398e-06 1.00000000
16151021 151.300972222222 0.0181286734203336 6.34682020305239e-05 1.00000000
16151022 151.325150462963 0.0182901214322362 4.4580807981939e-05 1.00000000
16151023 151.335543981481 0.0182444384393164 4.73083621537626e-05 1.00000000
16151024 151.345763888889 0.0177484909334371 4.11734555196538e-05 1.00000000
16151025 151.359756944444 0.0180338650488559 3.50938410303571e-05 1.00000000
16151026 151.381585648148 0.0181722195869136 4.53959472202583e-05 1.00000000
16151027 151.397696759259 0.0178337330835236 3.60459730545047e-05 1.00000000
16151028 151.419328703704 0.0183041781291153 3.56109933557704e-05 1.00000000
16151029 151.443055555556 0.0180455326151898 3.7171874649913e-05 1.00000000
16151030 151.465185185185 0.0180173378827572 5.91162423733782e-05 1.00000000
16151031 151.476875 0.0181090811514679 3.95333887210504e-05 1.00000000
16151032 151.499386574074 0.0179132579287577 3.99390240143703e-05 1.00000000
16151034 151.533344907407 0.0180731696391877 5.00402121819834e-05 1.00000000
16151035 151.548842592593 0.0179763821493714 5.36937888017753e-05 1.00000000
16151041 151.627766203704 0.0183750013625405 3.1831910488571e-05 1.00000000
16151042 151.649375 0.0182109570503721 3.30986933782525e-05 1.00000000
16151043 151.670659722222 0.0180064704557116 3.71223572934042e-05 1.00000000
16151044 151.691203703704 0.0178227412229079 3.68255928096002e-05 1.00000000
16151045 151.712418981481 0.0180730389338135 3.60031999534649e-05 1.00000000
16151046 151.733900462963 0.0178498388041466 3.99237051055091e-05 1.00000000
16151047 151.753958333333 70.1810777771682 0.845311364406137 1.00000000
16151048 151.754872685185 0.0178167366778252 3.67318845395034e-05 1.00000000
16151049 151.776122685185 0.0181200435148875 3.71429818145705e-05 1.00000000
16151050 151.797662037037 0.0179098330360488 4.15522714201123e-05 1.00000000
16151053 151.819085648148 0.0178891293812156 5.14997756900431e-05 1.00000000
16151054 151.831099537037 0.0177273265247593 0.000238954210164359 1.00000000
16151055 151.832372685185 0.0180085076370359 3.89384266812624e-05 1.00000000
16151056 151.854456018519 0.0176628991265138 3.8549386713589e-05 1.00000000
16151057 151.879837962963 0.0178350399009644 9.47153645491524e-05 1.00000000
16151062 151.903032407407 0.0175158430665829 5.21645999194145e-05 1.00000000
16152007 152.09 0.0180817086571928 3.10364972596152e-05 1.00000000
16152008 152.11244212963 0.0183410939347317 3.37563000100051e-05 1.00000000
16152009 152.134016203704 0.018350632588697 3.39621154218043e-05 1.00000000
16152019 152.290451388889 0.0175773047161336 3.11217179052889e-05 1.00000000
16152020 152.312164351852 79.0094060319549 0.350912223396153 1.00000000
16152021 152.313136574074 0.0178693984704583 3.47120695184785e-05 1.00000000
16152022 152.334861111111 0.0179716331763388 2.9600452163575e-05 1.00000000
16152023 152.361296296296 0.0176583562747117 8.24287934410714e-05 1.00000000
16152024 152.364965277778 0.0172728523098747 3.42313916202511e-05 1.00000000
16152025 152.386689814815 0.0176220309113712 3.54950940579648e-05 1.00000000
16152028 152.433217592593 0.0176467562451276 3.62060401307153e-05 1.00000000
16152029 152.454791666667 0.0175211772649281 3.65565554616075e-05 1.00000000
16152030 152.477372685185 0.0176209819231829 3.78454874330933e-05 1.00000000
16152031 152.499039351852 0.0170569287225562 3.6814257673939e-05 1.00000000
16152032 152.520706018519 0.0173119785776314 4.6294054281851e-05 1.00000000
16152033 152.537962962963 0.0172224581729288 6.81888767563711e-05 1.00000000
16152034 152.546840277778 0.0173650461293282 4.61296535501518e-05 1.00000000
16152035 152.564479166667 0.017211042172746 4.63568939424141e-05 1.00000000
16152045 152.744351851852 0.0185101899437467 3.27963920381196e-05 1.00000000
16152046 152.765162037037 0.019146904870633 3.48838119775495e-05 1.00000000
16152047 152.786157407407 0.0179508704324549 3.49945054188422e-05 1.00000000
16152048 152.80875 0.0174718858252659 7.92938457629554e-05 1.00000000
16152049 152.8153125 0.0177351245096755 3.77082445215449e-05 1.00000000
16152050 152.836759259259 0.0184968535205899 5.23468022934209e-05 1.00000000
16152051 152.862222222222 0.0176758409208477 5.00830150025669e-05 1.00000000
16152052 152.878553240741 0.0183650322913089 4.20082606851631e-05 1.00000000
16152053 152.899884259259 0.0179834400789303 0.000169239144663034 1.00000000
16152054 152.902037037037 0.017804125087643 4.1084831835361e-05 1.00000000
16152055 152.923460648148 0.0180718644779659 5.24701741626723e-05 1.00000000
16152056 152.937800925926 0.0181734476932647 0.000210769034554552 1.00000000
16152057 152.943900462963 0.0176387691509465 4.03469329776285e-05 1.00000000
16152058 152.9653125 0.0174274493502214 3.5840888894199e-05 1.00000000
16152059 152.994699074074 0.0173438485957395 4.16717110288662e-05 1.00000000
16153001 153.016238425926 0.0170490767743065 6.03759090217165e-05 1.00000000
16153007 153.087638888889 0.0172975017150163 2.94539237176568e-05 1.00000000
16153009 153.111469907407 0.0171387277184734 2.9233047361047e-05 1.00000000
16153010 153.133321759259 0.0174341245728641 2.75485255809678e-05 1.00000000
16153011 153.159097222222 0.0175991608058105 3.26170541604097e-05 1.00000000
16153012 153.181921296296 0.0174746039472486 5.21852299548245e-05 1.00000000
16153013 153.191469907407 0.017404813619877 3.96397429923709e-05 1.00000000
16153014 153.207928240741 0.0176487382482391 4.00488819800357e-05 1.00000000
16153015 153.227847222222 0.0173372944780967 3.53846490794421e-05 1.00000000
16153016 153.249641203704 0.0171770033592373 3.60901070245911e-05 1.00000000
16153017 153.271712962963 0.016985322871304 0.000143374990788446 1.00000000
16153019 153.287800925926 0.0174945940281658 3.76242586714464e-05 1.00000000
16153020 153.309768518519 0.0175889157994688 0.00014361978933018 1.00000000
16153021 153.312488425926 0.0173567524948754 3.79938917190454e-05 1.00000000
16153022 153.334224537037 0.0174095175781154 4.35490607459697e-05 1.00000000
16153032 153.616319444444 0.0179841524903479 3.07888317936286e-05 1.00000000
16153033 153.640034722222 0.0181494941181351 6.23594281526912e-05 1.00000000
16153034 153.647743055556 0.0184632496213416 3.65751719452087e-05 1.00000000
16153035 153.668877314815 0.0144742616300797 0.00021825500936324 1.00000000
16153036 153.672152777778 0.0183690249344471 3.94123292236925e-05 1.00000000
16153037 153.688634259259 0.0181171901250314 4.580668536921e-05 1.00000000
16153038 153.700324074074 0.0181894006925616 0.000249536057962802 1.00000000
16153039 153.722002314815 0.0185321010677115 3.32267085616859e-05 1.00000000
16153040 153.748888888889 0.0181701061429641 3.56885782299667e-05 1.00000000
16153041 153.771342592593 0.0177356627904606 3.60089210646102e-05 1.00000000
16153042 153.792951388889 0.0178329596220863 3.69331708783116e-05 1.00000000
16153043 153.814583333333 0.0176699136981131 3.72157709101928e-05 1.00000000
16153044 153.837002314815 0.017413294812081 3.84092171710432e-05 1.00000000
16153046 153.860520833333 0.0173995558585782 8.04246942377603e-05 1.00000000
16153047 153.871261574074 0.0177333488641542 4.01898856947045e-05 1.00000000
16153048 153.89369212963 0.0178685873966456 4.93953204897303e-05 1.00000000
16154003 154.153854166667 0.0181101597813717 3.32641532814001e-05 1.00000000
16154004 154.174212962963 0.0177588725639586 3.34255609664117e-05 1.00000000
16154005 154.192546296296 0.0177690638418301 3.11167916714051e-05 1.00000000
16154006 154.2159375 0.0173582827459931 2.97758968606786e-05 1.00000000
16154007 154.238113425926 0.0179040557210606 8.89641042342322e-05 1.00000000
16154008 154.241481481481 0.0174129987019572 4.09295442000031e-05 1.00000000
16154009 154.256875 0.0173571661147799 4.27581722961242e-05 1.00000000
16154010 154.271701388889 76.8938229526045 0.136308638731065 1.00000000
16154011 154.275497685185 0.0175491321164554 5.03460952882613e-05 1.00000000
16154021 154.983564814815 81.4710464221562 0.209696643068434 1.00000000
16154022 154.985810185185 0.0173588525230138 2.92098566112413e-05 1.00000000
16155001 155.007685185185 0.0173778764174401 2.95887638243806e-05 1.00000000
16155002 155.029143518519 0.0170210034040787 2.81162394906039e-05 1.00000000
16155003 155.052048611111 0.0170223135474892 3.11461229600583e-05 1.00000000
16155004 155.07443287037 0.0171552327405006 3.76382245902052e-05 1.00000000
16155005 155.088738425926 0.0177488778450621 0.000171962944287085 1.00000000
16155006 155.090069444444 0.0172565795096069 4.12242085606292e-05 1.00000000
16155007 155.108252314815 0.0174557993667513 3.43376862450553e-05 1.00000000
16155008 155.12974537037 0.0169801906877982 3.42979441594549e-05 1.00000000
16155011 155.154351851852 0.0173278881209732 5.49337102652136e-05 1.00000000
16155012 155.164664351852 0.0173764838363028 3.60659684748617e-05 1.00000000
16155013 155.187395833333 0.0176476311555042 3.76124254106464e-05 1.00000000
16155014 155.20900462963 0.0172293822233038 3.524170246777e-05 1.00000000
16155015 155.236099537037 0.0174596425235822 4.00202599915312e-05 1.00000000
16155016 155.257465277778 0.0173294156665723 4.04266417641686e-05 1.00000000
16155017 155.279293981481 65.3421270480302 1.01601154954316 1.00000000
16155018 155.281006944444 0.0169917899194902 0.000148760999047477 1.00000000
16155019 155.283159722222 0.0168014897208205 4.08121988436822e-05 1.00000000
16155028 155.6796875 0.0176902095104055 2.99923572730933e-05 1.00000000
16155029 155.70130787037 0.0133435407384672 5.36202938413822e-05 1.00000000
16155030 155.706990740741 0.0177461338932458 3.26208476747778e-05 1.00000000
16155031 155.728726851852 75.4581050361851 0.0418875531027429 1.00000000
16155032 155.749988425926 0.0175957161452896 3.40300070198943e-05 1.00000000
16155034 155.775046296296 0.0175145809492874 3.62536880357876e-05 1.00000000
16155035 155.795590277778 0.0174061577803769 7.45773118037718e-05 1.00000000
16155036 155.802789351852 0.0175483062435657 7.09429694523153e-05 1.00000000
16155037 155.810046296296 0.0176170109360021 3.64350772979026e-05 1.00000000
16155038 155.834270833333 0.0172764018910623 3.5390508988537e-05 1.00000000
16155039 155.855821759259 65.3533270658507 0.805529582648451 1.00000000
16155040 155.85806712963 0.017200801479177 4.94546179063893e-05 1.00000000
16155041 155.874456018519 0.0175873238316813 3.67949001429883e-05 1.00000000
16155042 155.896400462963 0.0173084721508543 3.76121941903091e-05 1.00000000
16155044 155.919155092593 0.0164714704571422 0.000650250768864016 1.00000000
16155045 155.920462962963 0.0172070263849826 7.13473628867414e-05 1.00000000
16155047 155.930127314815 0.0171937093192111 3.91414052551247e-05 1.00000000
16155048 155.95162037037 0.0173552513591714 4.44729975870487e-05 1.00000000
16156005 156.1228125 0.0181553621364723 3.10961080036097e-05 1.00000000
16156006 156.144386574074 0.0185131601693559 6.73068292724361e-05 1.00000000
16156007 156.150555555556 0.0180202549658833 3.0506453313688e-05 1.00000000
16156008 156.172581018519 0.0183599653592829 3.19962418312247e-05 1.00000000
16156009 156.194201388889 0.0178770010177094 3.45281329999471e-05 1.00000000
16156010 156.216747685185 73.0782598061712 0.118305783592319 1.00000000
16156011 156.220729166667 0.0179487803723486 4.66720523416874e-05 1.00000000
16156012 156.235671296296 0.0179014872597368 6.13760034165461e-05 1.00000000
16156013 156.245069444444 0.0179520607677921 3.52337341598341e-05 1.00000000
16156014 156.266481481481 0.0178840446375466 3.6420750388951e-05 1.00000000
16156015 156.287951388889 0.0178613654946379 3.64736449438396e-05 1.00000000
16156017 156.311157407407 0.0177398776802256 3.67259758775711e-05 1.00000000
16156019 156.333726851852 0.0179859609314849 3.8304781874492e-05 1.00000000
16156020 156.355277777778 0.0177720876495424 3.92861120771338e-05 1.00000000
16156021 156.380405092593 0.0179881507395085 4.09587915869677e-05 1.00000000
16156022 156.402349537037 0.0178777967558487 5.26621617645562e-05 1.00000000
16156028 156.490219907407 0.0206733533239955 0.000162242307547248 1.00000000
16156030 156.501388888889 0.0190634659351547 0.000124575632079217 1.00000000
16156031 156.514652777778 0.0197467592542962 0.000149023469860883 1.00000000
16156032 156.524826388889 0.0204812094919482 0.000224185731602113 1.00000000
16156033 156.531076388889 0.018993695595216 9.09214535259621e-05 1.00000000
16156034 156.559166666667 0.0196197713477713 0.000545703803532043 1.00000000
16156043 156.70380787037 0.0177019313282458 3.26382527592764e-05 1.00000000
16156045 156.72412037037 0.01730676965483 5.13840540283718e-05 1.00000000
16156048 156.764756944444 0.0173958953746816 3.04911374403191e-05 1.00000000
16156049 156.786481481481 0.0173257316770402 3.36292458355706e-05 1.00000000
16156050 156.808576388889 0.0174605491244167 3.96069526791007e-05 1.00000000
16156051 156.827685185185 0.0174745382554872 3.50979020205586e-05 1.00000000
16156052 156.849583333333 0.0169058641872165 3.52081227615274e-05 1.00000000
16156053 156.871157407407 0.0168806985490002 3.49920934734848e-05 1.00000000
16156054 156.893217592593 0.0170710191764594 3.68302724673052e-05 1.00000000
16156055 156.914722222222 0.0161469655768977 0.000171609703883373 1.00000000
16156056 156.919652777778 0.0170357605431949 3.29941201614707e-05 1.00000000
16156057 156.951018518519 0.0168318811339556 3.88176165112373e-05 1.00000000
16156059 156.973344907407 0.0168095241911399 7.31640948829771e-05 1.00000000
16157004 157.072962962963 0.0180144038028478 3.09701802181228e-05 1.00000000
16157005 157.09474537037 0.0178358075085859 3.10167222053909e-05 1.00000000
16157006 157.116296296296 0.0179926295436651 3.11406467999366e-05 1.00000000
16157007 157.137939814815 0.0179121245511231 4.14705042391591e-05 1.00000000
16157010 157.155844907407 0.0178956315408949 0.000234328468493383 1.00000000
16157011 157.157685185185 0.0173830014264712 0.000210731674352097 1.00000000
16157013 157.162164351852 0.0181100749528627 3.41154984816227e-05 1.00000000
16157015 157.185439814815 0.0175681119680107 6.43802384915445e-05 1.00000000
16157016 157.193819444444 0.0177299438141885 4.51090222303732e-05 1.00000000
16157017 157.209282407407 0.0180101410541664 6.50091554916991e-05 1.00000000
16157018 157.216412037037 0.0179942793731388 4.32230688288562e-05 1.00000000
16157019 157.231655092593 0.0177196789042373 5.25738471161061e-05 1.00000000
16157020 157.245092592593 0.0178186032794786 3.63830558720153e-05 1.00000000
16157021 157.267233796296 0.0177095174007538 3.78146662911284e-05 1.00000000
16157022 157.28875 0.0177145188373459 0.00018313929666913 1.00000000
16157024 157.297592592593 0.017540214498031 3.96364799901606e-05 1.00000000
16157025 157.324178240741 0.0178381257328957 4.23550072819581e-05 1.00000000
16157026 157.3459375 0.017873382333066 4.33421084443444e-05 1.00000000
16157027 157.3678125 0.0176671294766872 7.2620004408328e-05 1.00000000
16157034 157.4365625 0.0177471317840255 0.000118999178847498 1.00000000
16157035 157.439467592593 0.0180653543864387 3.36894072281845e-05 1.00000000
16157036 157.458113425926 0.0176392863718596 3.0767589978142e-05 1.00000000
16157037 157.479722222222 0.0180334907125833 3.16514728672901e-05 1.00000000
16157038 157.501365740741 0.017740458574496 3.08780678938727e-05 1.00000000
16157039 157.523993055556 0.0178545108883298 3.29509545782577e-05 1.00000000
16157040 157.550150462963 0.0178409458179903 3.82042664541467e-05 1.00000000
16157042 157.586134259259 0.0180229602942845 3.83326301505289e-05 1.00000000
16157043 157.607731481481 0.0179052752290301 3.86260707103536e-05 1.00000000
16157044 157.629560185185 0.0178598740911292 4.36142431706068e-05 1.00000000
16157045 157.652222222222 0.0178071867328103 4.15801143048716e-05 1.00000000
16157046 157.675208333333 0.0178772453382734 4.4971390896689e-05 1.00000000
16157047 157.694965277778 0.0177185395959853 0.0250577413777098 1.00000000
16157048 157.699710648148 0.0177157087743655 0.00055852516877088 1.00000000
16157049 157.701388888889 0.0176767328469361 7.95215080803344e-05 1.00000000
16157050 157.708136574074 0.0181873744805384 0.000117617973441667 1.00000000
16157059 157.812291666667 0.0181362989082696 3.60972547494756e-05 1.00000000
16157062 157.833900462963 0.0179098832773887 3.08718789154251e-05 1.00000000
16157063 157.855405092593 0.0180435912255072 3.08349245744539e-05 1.00000000
16157064 157.877199074074 0.0177279617995067 3.07435258994466e-05 1.00000000
16157065 157.898888888889 0.0178628622206445 3.40464420756854e-05 1.00000000
16157066 157.92056712963 0.0178423782435867 7.20983222238706e-05 1.00000000
16157067 157.930289351852 0.0177302280425795 0.000127404826742266 1.00000000
16157068 157.937615740741 0.0180283946241855 3.52422780518469e-05 1.00000000
16157069 157.959328703704 0.0175805414225115 5.20519126879682e-05 1.00000000
16157071 157.98 0.0176484913703886 0.000407342173925301 1.00000000
16157072 157.985706018519 0.0176895094722385 6.28664316482032e-05 1.00000000
16157073 157.997349537037 0.0174644720108374 3.65420444324755e-05 1.00000000
16158001 158.019930555556 0.0177522934828316 5.01636235003167e-05 1.00000000
16158002 158.03412037037 0.0180328556655516 5.4022717490032e-05 1.00000000
16158003 158.047893518519 0.0176055368959888 0.000117148024672715 1.00000000
16158004 158.052581018519 0.017814439598182 9.24192614694941e-05 1.00000000
16158005 158.058564814815 0.017704684964959 3.96398888997153e-05 1.00000000
16158006 158.08224537037 0.0182134367428766 6.12655199313463e-05 1.00000000
16158015 158.219386574074 0.0177269001395417 7.33859204538019e-05 1.00000000
16158016 158.225590277778 0.0182094434940955 3.27857703744305e-05 1.00000000
16158017 158.245381944444 0.017514903543154 3.04709831553693e-05 1.00000000
16158018 158.266851851852 0.0176066676521339 2.90348419102718e-05 1.00000000
16158019 158.290810185185 0.0176619138343566 3.0750983431847e-05 1.00000000
16158020 158.313414351852 0.0177853401654153 3.42863476010631e-05 1.00000000
16158021 158.334421296296 73.6716340528613 0.135012384175233 1.00000000
16158022 158.337037037037 0.0173193379307862 9.96833585515998e-05 1.00000000
16158023 158.341574074074 0.017769510884317 3.44979063735189e-05 1.00000000
16158024 158.362986111111 0.0179956724800787 3.79379159585757e-05 1.00000000
16158025 158.385115740741 0.0178452903308014 8.28924522356166e-05 1.00000000
16158026 158.391331018519 0.0176158607372411 0.00030196908045389 1.00000000
16158027 158.392465277778 0.0178579104385572 6.20876628639306e-05 1.00000000
16158028 158.401145833333 0.0175309205079924 7.28300311582503e-05 1.00000000
16158029 158.410532407407 0.0177560074793815 6.39095963927244e-05 1.00000000
16158030 158.418055555556 0.0179491224905333 3.78947301740784e-05 1.00000000
16158031 158.439814814815 0.0178263171400599 3.88456834673569e-05 1.00000000
16158032 158.474259259259 0.0176396889621505 0.000114145592688103 1.00000000
16158033 158.478009259259 0.0176971903867311 4.20519380259276e-05 1.00000000
16158034 158.499965277778 0.0179891870737661 0.000120510654261352 1.00000000
16158039 158.569699074074 81.4919810764128 0.343774206981127 1.00000000
16158042 158.57337962963 0.0179306564613184 6.95415073782176e-05 1.00000000
16158043 158.578321759259 0.0175222794553765 0.000101095394885953 1.00000000
16158044 158.585289351852 0.0173751545895054 0.000131090805909873 1.00000000
16158045 158.588171296296 0.0174940392857334 3.92257991853032e-05 1.00000000
16158046 158.60099537037 0.0179093492596365 4.82141061032637e-05 1.00000000
16158047 158.610405092593 0.0174939249379683 3.20597057188401e-05 1.00000000
16158048 158.630439814815 0.0176435354719637 3.35410184403094e-05 1.00000000
16158049 158.652395833333 0.0174548985052217 3.38405598063546e-05 1.00000000
16158051 158.675162037037 0.017518906858442 4.20550806685261e-05 1.00000000
16158052 158.692048611111 0.0175281362305203 4.16338621759448e-05 1.00000000
16158060 158.821076388889 0.016346868768249 2.85293105096164e-05 1.00000000
16158062 158.868587962963 0.0173918087471114 3.43664264305649e-05 1.00000000
16158064 158.891030092593 0.0176006984834958 3.4792389219081e-05 1.00000000
16158066 158.917071759259 0.0174644168839713 3.4936586624476e-05 1.00000000
16158069 158.959097222222 0.0176720456333423 3.65517013212359e-05 1.00000000
16158070 158.980671296296 0.0172922428366788 3.63334445339099e-05 1.00000000
16159002 159.004386574074 0.0175015425417581 3.74912292945209e-05 1.00000000
16159003 159.025902777778 0.0174829164462618 3.83554883210954e-05 1.00000000
16159004 159.047476851852 0.0174201639087914 5.15243360683464e-05 1.00000000
16159009 159.126006944444 0.0181106336021649 0.000240640299087836 1.00000000
16159010 159.128310185185 0.0184779367672621 3.47805939028631e-05 1.00000000
16159011 159.146944444444 0.0182237510765832 3.08255613465099e-05 1.00000000
16159012 159.168888888889 0.0179854039855868 3.10787190002584e-05 1.00000000
16159013 159.19037037037 0.0181422578669353 2.99296996262517e-05 1.00000000
16159014 159.214363425926 0.0179978555961771 3.44868461278495e-05 1.00000000
16159015 159.235763888889 0.0174728062638208 6.34113708744226e-05 1.00000000
16159017 159.25130787037 0.0183153891123263 3.67583097360371e-05 1.00000000
16159018 159.272523148148 0.0180882868452442 3.43994820068882e-05 1.00000000
16159019 159.298657407407 69.559348367031 0.950917827470003 1.00000000
16159020 159.299930555556 0.018333394723722 4.57938387393208e-05 1.00000000
16159023 159.323287037037 0.0179910728353051 4.42825058595067e-05 1.00000000
16159024 159.345266203704 0.0177354911499239 6.62863489609953e-05 1.00000000
