16125024 125.401331018519 0.0248694059608057 0.000132383770820543 1.00000000
16125035 125.63181712963 0.0234400171440696 9.44199386150334e-05 1.00000000
16125039 125.665798611111 0.0225130501488102 7.25892146242727e-05 1.00000000
16125042 125.689236111111 0.0219999247731614 0.000134624627223253 1.00000000
16125043 125.695972222222 0.0215606086198011 7.88636147869096e-05 1.00000000
16125050 125.73931712963 0.0220104253285257 8.27708052075691e-05 1.00000000
16125052 125.765763888889 0.0191135939382504 0.000291017639723326 1.00000000
16125053 125.771423611111 0.0209121858216275 8.35183055534254e-05 1.00000000
16125054 125.792789351852 0.0211467081671055 8.72833263989012e-05 1.00000000
16125056 125.817395833333 0.0211598130644783 8.72968404649635e-05 1.00000000
16125057 125.840347222222 0.0207162273680533 9.17189145317435e-05 1.00000000
16125058 125.861909722222 0.0206576700381225 9.45451264712688e-05 1.00000000
16125060 125.886180555556 0.0210715846798245 0.000102220353679268 1.00000000
16125061 125.909027777778 0.0208920835762707 0.000101948537167822 1.00000000
16125062 125.930798611111 0.0208615763799578 0.000104897019386164 1.00000000
16125063 125.952222222222 0.0204253793075999 0.0003065432025697 1.00000000
16126006 126.083321759259 0.0216475444072696 6.52815472033579e-05 1.00000000
16126007 126.105902777778 0.0211021199301057 6.59810794902779e-05 1.00000000
16126008 126.129351851852 0.0211049515326339 8.12857459091883e-05 1.00000000
16126009 126.149525462963 0.0208862851370199 7.2273136002693e-05 1.00000000
16126010 126.172048611111 0.0207783482802437 7.24612488497578e-05 1.00000000
16126011 126.197060185185 0.0202493804970426 7.78197359869936e-05 1.00000000
16126012 126.219652777778 0.0200533057067053 7.97228157358251e-05 1.00000000
16126013 126.241331018519 0.0202706372564843 7.29988412097106e-05 1.00000000
16126014 126.268240740741 0.0200033836611314 0.000268045316587194 1.00000000
16126015 126.27369212963 0.0220715771653373 9.02504983627705e-05 1.00000000
16126016 126.295925925926 0.0219747930275543 9.23478410032175e-05 1.00000000
16126017 126.318703703704 0.0202888647165099 8.55696880167064e-05 1.00000000
16126018 126.340729166667 0.0202805664129845 0.000112111664036718 1.00000000
16126030 126.496377314815 0.0224177289339603 5.14765749956543e-05 1.00000000
16126031 126.517546296296 0.0218968224829447 5.85960933914935e-05 1.00000000
16126032 126.538715277778 0.0213632277846868 6.14092055403012e-05 1.00000000
16126033 126.560555555556 0.0208795546558941 6.03228055327787e-05 1.00000000
16126034 126.582164351852 0.0215530952014394 5.72422489376702e-05 1.00000000
16126035 126.606944444444 0.0220276158159003 9.2946898729762e-05 1.00000000
16126036 126.619386574074 0.0216758526218397 6.26222787280662e-05 1.00000000
16126037 126.639965277778 0.0210612188618638 6.12569228044625e-05 1.00000000
16126038 126.66150462963 0.0206171258231366 6.2154325304733e-05 1.00000000
16126039 126.683078703704 0.0204210748450716 6.40997448621108e-05 1.00000000
16126040 126.704571759259 0.0202937099557151 6.59454187569563e-05 1.00000000
16126041 126.726168981481 0.0205364623568413 7.05561540454471e-05 1.00000000
16126042 126.750497685185 0.0208551938617728 7.37071202253672e-05 1.00000000
16126043 126.772083333333 0.0212042334234921 8.7209994241079e-05 1.00000000
16126044 126.793449074074 0.0210679215049837 9.08149737149908e-05 1.00000000
16126050 126.914409722222 0.0230047922640595 5.25128205470045e-05 1.00000000
16126051 126.932546296296 0.0231782071373456 5.03038969304089e-05 1.00000000
16126052 126.954178240741 0.0236131772535007 5.30878069835521e-05 1.00000000
16126053 126.975694444444 3.42488542660249 0.0088603975803761 1.00000000
16127006 127.026979166667 0.0223078303373221 0.000130068475030891 1.00000000
16127007 127.034502314815 0.0224869497658579 6.34747299908093e-05 1.00000000
16127008 127.053819444444 0.0213169589175512 6.11075299864386e-05 1.00000000
16127009 127.075439814815 0.0210911669494047 6.36054948200997e-05 1.00000000
16127010 127.097280092593 0.0214134118516242 6.36662008117146e-05 1.00000000
16127011 127.122222222222 0.0219272216330447 7.28660791690931e-05 1.00000000
16127012 127.144108796296 0.0212397693815899 9.57823489208262e-05 1.00000000
16127013 127.160486111111 0.0212172670020549 7.36139558305059e-05 1.00000000
16127014 127.184560185185 0.0211719676076016 8.21410617938123e-05 1.00000000
16127015 127.206076388889 0.0210493046037227 8.40379699405056e-05 1.00000000
16127016 127.228368055556 0.0210827418307218 0.000129587668136131 1.00000000
16127017 127.340150462963 0.0210716380915343 4.14052662920479e-05 1.00000000
16127018 127.363981481481 0.0206858543087897 4.54000507171092e-05 1.00000000
16127019 127.385358796296 0.0197146074608902 4.48193133600458e-05 1.00000000
16127020 127.407118055556 0.0198602299517299 4.65294568009662e-05 1.00000000
16127021 127.428738425926 0.0195492570962128 4.7437700236542e-05 1.00000000
16127022 127.450173611111 0.0194047449251173 0.000228454939071452 1.00000000
16127023 127.453530092593 0.0197395789230603 8.27761643355748e-05 1.00000000
16127024 127.463518518519 0.0196883976595231 0.000107311825385652 1.00000000
16127025 127.469756944444 0.0199214608014875 5.23237127888746e-05 1.00000000
16127026 127.49150462963 0.019631900300402 5.38310631487373e-05 1.00000000
16127027 127.512951388889 0.019132630826151 9.11399686824683e-05 1.00000000
16127028 127.528761574074 0.0197546680987793 5.6569138938271e-05 1.00000000
16127029 127.550162037037 0.019498605526864 5.84430230746013e-05 1.00000000
16127030 127.571458333333 0.0199101844001343 7.23263265861939e-05 1.00000000
16127031 127.588923611111 0.0199758474706056 6.38186099952331e-05 1.00000000
16127032 127.609803240741 0.0197928753701176 6.78298267203984e-05 1.00000000
16127033 127.629305555556 0.0201030179389498 0.000112223905690546 1.00000000
