16125024 125.401331018519 3.12716787972523 4.80594262980896e-05 306.10058594
16125035 125.63181712963 2.80917031134449 4.52815177161842e-05 610.08386230
16125039 125.665798611111 2.7177434589867 3.45250155549612e-05 385.04568481
16125042 125.689236111111 2.67383626787448 6.17108244681795e-05 317.34643555
16125043 125.695972222222 2.64770071278258 3.73105194767317e-05 304.55285645
16125050 125.73931712963 2.70460208453264 3.71330315082148e-05 254.92410278
16125052 125.765763888889 2.52836981105672 0.000133964191717521 218.31863403
16125053 125.771423611111 2.54211454217092 3.56098342417446e-05 222.30227661
16125054 125.792789351852 2.56442798908484 3.66119876960244e-05 197.27275085
16125056 125.817395833333 2.57799618724471 3.70447916337156e-05 187.85751343
16125057 125.840347222222 2.51811350965822 4.08079001769967e-05 176.36474609
16125058 125.861909722222 2.49320467803105 4.27586785473236e-05 164.22198486
16125060 125.886180555556 2.56189311828114 4.3228675156666e-05 147.99375916
16125061 125.909027777778 2.58009303325042 4.2370297438947e-05 138.88308716
16125062 125.930798611111 2.58632635155396 4.47373653014942e-05 133.83392334
16125063 125.952222222222 2.56963898696049 0.000129101921285647 118.29859924
16126006 126.083321759259 2.59005424420205 2.96746254783884e-05 406.79867554
16126007 126.105902777778 2.52750283944245 3.03640393776883e-05 343.95074463
16126008 126.129351851852 2.50834262257007 3.7093627986381e-05 304.46694946
16126009 126.149525462963 2.50089022410952 3.23386473557551e-05 287.33541870
16126010 126.172048611111 2.47279383106391 3.28240338201919e-05 270.13674927
16126011 126.197060185185 2.44657358268232 3.51268505143285e-05 228.22331238
16126012 126.219652777778 2.40331868844902 3.72696983219071e-05 222.70138550
16126013 126.241331018519 2.42965739003019 3.29754889640661e-05 213.95231628
16126014 126.268240740741 2.42922031794029 0.000121078844438769 197.03839111
16126015 126.27369212963 2.61797008648484 4.38347299427683e-05 194.30781555
16126016 126.295925925926 2.61566819892799 4.5579334382507e-05 190.34024048
16126017 126.318703703704 2.42070347034773 3.84658292279771e-05 188.78793335
16126018 126.340729166667 2.40114381161322 5.14066887738039e-05 174.37033081
16126030 126.496377314815 2.65263395241164 2.88290879586793e-05 1093.48156738
16126031 126.517546296296 2.60413073452805 3.56051386060756e-05 718.91491699
16126032 126.538715277778 2.55842296526326 3.46432764195074e-05 529.99578857
16126033 126.560555555556 2.49232060747141 3.53926374194759e-05 453.15405273
16126034 126.582164351852 2.57131347781918 3.31406124809293e-05 502.98159790
16126035 126.606944444444 2.61951818313837 5.39413037869177e-05 518.10778809
16126036 126.619386574074 2.60372866248902 3.5655764062535e-05 497.75863647
16126037 126.639965277778 2.51580050429524 3.48860977637059e-05 484.80206299
16126038 126.66150462963 2.47570108452215 3.53077548102586e-05 445.65219116
16126039 126.683078703704 2.45874204503933 3.72682778810473e-05 428.69253540
16126040 126.704571759259 2.43899424607169 3.76079211636048e-05 369.25979614
16126041 126.726168981481 2.49007483129316 4.12228846479826e-05 354.53912354
16126042 126.750497685185 2.55752981050139 3.78162829807463e-05 311.70855713
16126043 126.772083333333 2.57393874117676 4.57048480081462e-05 270.22000122
16126044 126.793449074074 2.5609610496421 4.43032278303127e-05 244.86837769
16126050 126.914409722222 2.75991663545186 3.01809576322655e-05 1164.87561035
16126051 126.932546296296 2.8057777186916 3.2276055956223e-05 1060.75256348
16126052 126.954178240741 2.83516822116221 3.35032110388387e-05 985.66845703
16126053 126.975694444444 6.86516884302901 9.63838271412095e-05 887.80249023
16127006 127.026979166667 2.68695118928079 9.69978116518512e-05 660.04522705
16127007 127.034502314815 2.70611469592225 4.00348547084911e-05 627.56976318
16127008 127.053819444444 2.54870563210977 4.19757518141118e-05 520.62591553
16127009 127.075439814815 2.5211197184088 4.15540009537389e-05 465.09490967
16127010 127.097280092593 2.56927756238779 4.12106326379737e-05 419.75457764
16127011 127.122222222222 2.65171846518794 4.47502344129729e-05 340.83181763
16127012 127.144108796296 2.5346731424015 5.78563709613808e-05 315.60845947
16127013 127.160486111111 2.54698873978945 4.32147525095259e-05 298.46969604
16127014 127.184560185185 2.57438446393647 4.67876865237664e-05 260.27450562
16127015 127.206076388889 2.52763636854656 4.80711569071415e-05 234.98143005
16127016 127.228368055556 2.52380754175455 7.12913198576837e-05 209.91809082
16127017 127.340150462963 2.50933883119211 3.2500732331839e-05 1491.04211426
16127018 127.363981481481 2.44065669351082 3.2382411293437e-05 1194.07495117
16127019 127.385358796296 2.33170285448516 3.27166217638174e-05 722.62634277
16127020 127.407118055556 2.35167234260745 3.71034175287944e-05 705.29138184
16127021 127.428738425926 2.32690757729354 4.19405659831608e-05 686.70843506
16127022 127.450173611111 2.30754743514032 0.000354918168658489 659.57775879
16127023 127.453530092593 2.33339837173177 7.25263562828458e-05 643.01812744
16127024 127.463518518519 2.3386027057175 9.74288385898105e-05 626.95056152
16127025 127.469756944444 2.34802564760809 4.58369499046744e-05 608.27307129
16127026 127.49150462963 2.34104449497707 4.54439947849835e-05 570.82385254
16127027 127.512951388889 2.33934522227059 7.14259643256488e-05 547.76873779
16127028 127.528761574074 2.3513912833307 4.38076489710942e-05 508.18173218
16127029 127.550162037037 2.32438475647326 4.51550738202666e-05 476.86337280
16127030 127.571458333333 2.35931817421641 5.49487193844027e-05 430.05810547
16127031 127.588923611111 2.37498299381781 4.57314198207711e-05 409.39212036
16127032 127.609803240741 2.371995121279 5.0123369139483e-05 383.88638306
16127033 127.629305555556 2.3787023691024 7.86395162806956e-05 366.61898804
