16127022 127.450173611111 0.00484616342393165 3.47867140907085e-05 1.00000000
16127023 127.453530092593 0.00480765293947962 1.23323529346499e-05 1.00000000
16127024 127.463518518519 0.00478347386193511 1.59610633990343e-05 1.00000000
16127025 127.469756944444 0.00477544420147099 7.7993383413594e-06 1.00000000
16127026 127.49150462963 0.00475862709919693 8.09585832666835e-06 1.00000000
16127027 127.512951388889 0.00472651549008865 1.38829336848773e-05 1.00000000
16127028 127.528761574074 0.00473149131963198 8.48636252100471e-06 1.00000000
16127029 127.550162037037 0.00469244104331985 8.8489316833533e-06 1.00000000
16127030 127.571458333333 0.00470378401442527 1.07405016971731e-05 1.00000000
16127031 127.588923611111 0.00468744974516228 9.45509637393395e-06 1.00000000
16127032 127.609803240741 0.00467018651953952 1.00709736323741e-05 1.00000000
16127033 127.629305555556 0.00465521772382452 1.65637283905914e-05 1.00000000
16127047 127.8553125 0.00514023682253347 6.41458803895972e-06 1.00000000
16127048 127.881018518519 0.00565559228785502 1.29353205237861e-05 1.00000000
16127049 127.896261574074 0.00574919169130514 1.11417953449939e-05 1.00000000
16127052 127.939178240741 0.00494868470037999 8.99493674716932e-06 1.00000000
16127053 127.960590277778 0.00487772610350809 1.03626198447448e-05 1.00000000
16127054 127.978402777778 0.00492330074528657 4.61426430112457e-05 1.00000000
16127055 127.982974537037 0.00486403429150774 9.20606819098323e-06 1.00000000
16128001 128.006435185185 0.00483904504761212 9.42910436024105e-06 1.00000000
16128002 128.030810185185 0.0048324219596228 9.80020776001898e-06 1.00000000
16128003 128.052395833333 0.00480784574083616 1.11906806345843e-05 1.00000000
16128005 128.124953703704 0.00534701306205745 4.01761778990622e-05 1.00000000
16128006 128.126724537037 0.00534309891453686 3.95985224647231e-05 1.00000000
16128007 128.127928240741 0.00531268180156562 5.53598121810197e-06 1.00000000
16128008 128.154849537037 0.182724840385614 0.000316242567387905 1.00000000
16128009 128.168078703704 0.00541299363250177 8.99712988414192e-06 1.00000000
16128010 128.181342592593 0.0053810496878528 7.9875219432003e-06 1.00000000
16128011 128.202939814815 0.00536007107903651 8.4732914068465e-06 1.00000000
16128012 128.224537037037 0.0052755103418207 9.17163443428078e-06 1.00000000
16128013 128.246296296296 0.0050397892063089 0.00016208002591648 1.00000000
16128014 128.2490625 0.00502472651313764 6.70377275522148e-05 1.00000000
16128015 128.263414351852 0.00493364644947352 9.46992928989285e-06 1.00000000
16128016 128.286180555556 0.00497186569898156 1.24712729272868e-05 1.00000000
16128020 128.310694444444 0.00495457727695944 2.95962034860297e-05 1.00000000
16128021 128.314305555556 0.00487064483479795 9.9057772906025e-06 1.00000000
16128022 128.337175925926 0.0048551460825533 1.06273286085754e-05 1.00000000
16128028 128.439525462963 0.00525572353843424 8.15354324142964e-06 1.00000000
16128029 128.454548611111 0.0052386383984789 8.07139145763653e-06 1.00000000
16128030 128.46568287037 0.00520641762069939 6.32378278217722e-06 1.00000000
16128031 128.485844907407 0.00519490445115525 2.59200259100923e-05 1.00000000
16128032 128.490081018519 0.00518247530771359 2.03136921144545e-05 1.00000000
16128034 128.498078703704 0.00512613023089714 1.02154861092395e-05 1.00000000
16128035 128.508159722222 0.00508884871383237 1.12975207476879e-05 1.00000000
16128036 128.517476851852 0.00503743006020032 6.79362638172656e-06 1.00000000
16128037 128.539363425926 0.00499796569482547 6.8113835361766e-06 1.00000000
16128038 128.562638888889 0.00495737888210938 2.23269981134839e-05 1.00000000
16128039 128.56787037037 0.00493920687634331 7.4369067058275e-06 1.00000000
16128040 128.588344907407 0.0049222945948266 7.46357645272245e-06 1.00000000
16128041 128.60962962963 0.00488101038690796 7.75459905003019e-06 1.00000000
16128042 128.630775462963 0.00485037397438385 1.99226943476852e-05 1.00000000
16128043 128.636030092593 0.00488992710683863 7.80966980305333e-06 1.00000000
16128044 128.657511574074 0.004928162485386 2.27476757867433e-05 1.00000000
16128047 128.718344907407 0.00526780632478816 6.50700939817356e-06 1.00000000
16128048 128.739837962963 0.00531945022589387 6.1416245956668e-06 1.00000000
16128049 128.761284722222 0.00523826231147939 6.82540658035527e-06 1.00000000
16128050 128.782673611111 0.00517149511640571 6.79997471434571e-06 1.00000000
16128051 128.804293981481 0.00513845551969398 7.99181954598292e-06 1.00000000
16128052 128.825833333333 0.00507919790010729 1.11121303369682e-05 1.00000000
16128053 128.838981481481 0.00510056326671726 5.48716798807135e-05 1.00000000
16128054 128.844398148148 0.00506093754879176 1.4960628892125e-05 1.00000000
16128055 128.856574074074 0.00506791364677334 7.5327437939099e-06 1.00000000
16128056 128.880335648148 0.0050003869643602 0.000163746149108093 1.00000000
16128057 128.884652777778 0.00501131510350914 1.27945407490543e-05 1.00000000
16128058 128.897106481481 0.00493819645770378 8.21444847714202e-06 1.00000000
16128059 128.919050925926 0.00491303206074381 8.62973761416777e-06 1.00000000
16128060 128.939780092593 0.00491093240826651 8.8997114024265e-06 1.00000000
16128061 128.9603125 0.00489670870420684 3.64901070060771e-05 1.00000000
16128062 128.963541666667 0.00489366934832202 3.02625208087226e-05 1.00000000
16128064 128.971203703704 0.00490375950780913 8.69725154550647e-06 1.00000000
16128065 128.993796296296 0.00485869327818906 1.10326439566826e-05 1.00000000
16129001 129.063159722222 0.00535718389198313 5.79460989172546e-06 1.00000000
16129002 129.088032407407 0.00527598239654125 5.88577660890929e-06 1.00000000
16129003 129.110914351852 0.00522734261980778 6.91142585796988e-06 1.00000000
16129004 129.132569444444 0.00517034215341043 6.90120102494923e-06 1.00000000
16129005 129.154571759259 0.00510888522311508 7.10472567994772e-06 1.00000000
16129006 129.176840277778 0.00505941218278159 7.70087729085448e-06 1.00000000
16129007 129.197858796296 0.00504296238408314 7.86954797219806e-06 1.00000000
16129008 129.220636574074 0.00500519066881638 7.06296831803506e-06 1.00000000
16129009 129.244826388889 0.00494647313956516 7.37182356320923e-06 1.00000000
16129010 129.267083333333 0.00492460725090456 7.7276387591664e-06 1.00000000
16129011 129.289444444444 0.00493357409822523 7.76476322880833e-06 1.00000000
16129012 129.311041666667 0.00496231469082412 6.3721693811338e-05 1.00000000
16129013 129.317638888889 0.00492332208778393 1.37086016194679e-05 1.00000000
16129014 129.326284722222 0.00492096417603103 9.80797456766785e-06 1.00000000
16129015 129.342534722222 0.0049373520689551 7.69541266157744e-05 1.00000000
16129016 129.344895833333 0.00495775526870127 4.18227234808636e-05 1.00000000
16129017 129.347696759259 0.00496627016508641 3.37057519726492e-05 1.00000000
16129018 129.350648148148 0.00495996207846552 4.28284818025128e-05 1.00000000
16129019 129.353229166667 0.00491934421601452 6.67822000291321e-05 1.00000000
16129022 129.415891203704 0.00542197123360154 6.72898211321574e-06 1.00000000
16129023 129.439918981481 0.00533236331957714 7.24328690496475e-06 1.00000000
16129025 129.462280092593 0.00528849215867727 8.3244475105949e-06 1.00000000
16129029 129.499409722222 0.00506687328605961 7.24464124405269e-06 1.00000000
16129030 129.520740740741 0.00502918508292694 8.01844938302928e-06 1.00000000
16129031 129.541909722222 0.00501377971518442 7.7763222948612e-06 1.00000000
16129032 129.562546296296 0.00498233166031368 7.54946329334368e-06 1.00000000
16129033 129.584525462963 0.00491839009732218 7.70802648494739e-06 1.00000000
16129034 129.605949074074 0.0048958218502652 7.8629338581044e-06 1.00000000
16129035 129.627418981481 0.00486378456757896 8.02368169976556e-06 1.00000000
16129036 129.648935185185 0.00485417954178871 1.12394744653111e-05 1.00000000
16129037 129.690659722222 0.00482180842131142 8.44025289235075e-06 1.00000000
16129038 129.7121875 0.00478648082751623 8.59844954869684e-06 1.00000000
16129039 129.733680555556 0.00478603663183002 9.19514607797336e-06 1.00000000
16129043 129.809664351852 0.00532828001051573 6.82382069935085e-06 1.00000000
16129044 129.828958333333 0.00523715245838977 5.75927882580408e-06 1.00000000
16129045 129.850393518519 0.0052316216406637 5.92252727779202e-06 1.00000000
16129046 129.871886574074 0.00522263009905814 7.36831991454135e-06 1.00000000
16129047 129.893587962963 0.00514178754312881 7.1458607966224e-06 1.00000000
16129048 129.915081018519 0.00505592687461589 7.11775625941854e-06 1.00000000
16129049 129.938344907407 0.00500134076258828 7.04445641978787e-06 1.00000000
16129050 129.959826388889 0.00497331218368014 7.13844130134751e-06 1.00000000
16129051 129.98193287037 0.00492913061626258 7.27368725756097e-06 1.00000000
16130001 130.003831018519 0.00490490644425756 7.41749649868629e-06 1.00000000
16130002 130.025358796296 0.00485837465825082 7.51166848045581e-06 1.00000000
16130003 130.04712962963 0.00483031145179559 8.72309575775363e-06 1.00000000
16130004 130.066944444444 0.00483388823324919 7.92065862631372e-06 1.00000000
16130005 130.088668981481 0.00486204443886936 9.88833263514068e-06 1.00000000
16130012 130.341747685185 0.100969169692007 0.000419918476344927 1.00000000
16130015 130.350231481481 0.00536806861279094 5.29272518809918e-05 1.00000000
16130016 130.353287037037 0.00528313042078129 2.02725312083533e-05 1.00000000
16130017 130.357002314815 0.00528713682633601 1.17421570467826e-05 1.00000000
16130032 130.697534722222 0.00535452961096034 4.39445443757554e-05 1.00000000
16130033 130.698854166667 0.00526191683934011 5.62383656390208e-06 1.00000000
16130034 130.719467592593 0.00521295297602969 6.5891298337773e-06 1.00000000
16130035 130.740914351852 0.00516422462879525 6.88405179244461e-06 1.00000000
16130036 130.762465277778 0.00521403260756424 0.000141635599311296 1.00000000
16130037 130.764305555556 0.00510335909177279 0.000137345164737171 1.00000000
16130038 130.767789351852 0.00505385912950081 6.79063351312787e-06 1.00000000
16130039 130.78931712963 0.00501235905004808 0.000124027401305032 1.00000000
16130040 130.79318287037 0.00497692908796301 6.81892023424663e-06 1.00000000
16130041 130.8146875 0.00487936178421608 0.000133379955220623 1.00000000
16130043 130.826840277778 0.00493651072170876 0.000137516158983042 1.00000000
16130044 130.829594907407 0.00493079483331433 7.03175712628212e-06 1.00000000
16130045 130.850810185185 0.00490052575432096 8.40520278306609e-06 1.00000000
16130046 130.868229166667 0.00488893227905385 7.42938456655042e-06 1.00000000
16130047 130.889351851852 0.0048125731437759 1.16266605783786e-05 1.00000000
16130048 130.905405092593 0.00484919122332052 7.60770045822534e-06 1.00000000
16130049 130.926944444444 0.0048303119337434 7.75407277936463e-06 1.00000000
16130051 130.951134259259 0.00482235596793357 8.10259654301966e-06 1.00000000
16130052 130.972569444444 0.00481192279782935 7.23022272464864e-06 1.00000000
16130053 130.999918981481 0.00487084410042828 3.79248313035804e-05 1.00000000
16131004 131.068298611111 0.00529503228556191 5.54674490409571e-06 1.00000000
16131005 131.089918981481 0.00522134426073387 6.56053106007596e-06 1.00000000
16131006 131.111736111111 0.0052033658816441 6.89142572938305e-06 1.00000000
16131007 131.133518518519 0.00518250627617825 7.19785736581561e-06 1.00000000
16131008 131.155092592593 0.00511144691816087 7.50300544066684e-06 1.00000000
16131009 131.1771875 0.00502292115000944 7.04506868971905e-06 1.00000000
16131010 131.20212962963 0.00498036495072955 7.2221013009722e-06 1.00000000
16131011 131.223726851852 0.00492167749911257 7.2875330525901e-06 1.00000000
16131012 131.24556712963 0.00487617958559263 7.08358693750776e-06 1.00000000
16131013 131.269479166667 0.00482802726299868 7.56421256265686e-06 1.00000000
16131014 131.291365740741 0.00480526863758474 7.85723143807188e-06 1.00000000
16131026 131.608009259259 0.00489088394425456 0.000216256612039653 1.00000000
16131028 131.645891203704 0.00533632683926151 8.35604338220108e-06 1.00000000
16131029 131.661666666667 0.00526850143415026 1.57283501444554e-05 1.00000000
16131030 131.666412037037 0.00525064698453158 8.15236444307953e-06 1.00000000
16131032 131.682152777778 0.00524672453776996 1.56779622936746e-05 1.00000000
16131034 131.68849537037 0.00526563022304282 2.2024449056616e-05 1.00000000
16131036 131.693460648148 0.00522477862578441 2.84950326186765e-05 1.00000000
16131037 131.695335648148 0.00521041538230265 1.24826201696963e-05 1.00000000
16131039 131.704305555556 0.00517688082477285 6.89331821511844e-06 1.00000000
16131040 131.725902777778 0.00518383249078755 2.6372428952122e-05 1.00000000
16131041 131.729560185185 0.00510372412982003 6.63352632804444e-06 1.00000000
16131042 131.75375 0.00503702280185454 7.22035140553279e-06 1.00000000
16131043 131.775104166667 0.00500535719836166 7.329052325964e-06 1.00000000
16131044 131.796666666667 0.00499175065623832 7.5864591338993e-06 1.00000000
16131045 131.818101851852 0.128893539919257 0.000462288621683436 1.00000000
16131046 131.823020833333 0.00496753201193638 1.9656266530989e-05 1.00000000
16131047 131.830520833333 0.00496275132825982 7.82667260913701e-06 1.00000000
16131048 131.852013888889 0.00492134966001317 5.08561525816825e-05 1.00000000
16131049 131.854930555556 0.00492897962405885 8.07255382615226e-06 1.00000000
16131050 131.87630787037 0.00493657876211889 8.89655739691912e-06 1.00000000
16131054 131.959074074074 0.00546189775970897 5.83433586593802e-06 1.00000000
16131055 131.984259259259 0.00546680946326534 1.09472750958278e-05 1.00000000
16132001 132.016585648148 0.005305014557551 7.70688231578273e-06 1.00000000
16132002 132.039814814815 0.00526466864394393 8.06741668886307e-06 1.00000000
16132003 132.061770833333 0.0051816742939766 9.0811598838385e-06 1.00000000
16132021 132.432164351852 0.00537894742886791 5.5379041643727e-06 1.00000000
16132022 132.45255787037 0.00534905726023754 7.42654837018262e-06 1.00000000
16132023 132.466956018519 0.00535059885254407 6.6706489414571e-06 1.00000000
16132024 132.488923611111 0.00529984510233109 6.58744351406185e-06 1.00000000
16132025 132.513587962963 0.0051273910823613 6.41541338213314e-06 1.00000000
16132026 132.536168981481 0.0051439379623856 7.0984423831463e-06 1.00000000
16132027 132.559803240741 0.0050700155484246 7.28386012998067e-06 1.00000000
16132028 132.584016203704 0.00506938268636636 1.42629380351212e-05 1.00000000
16132029 132.604131944444 0.00498322288008373 1.11280632724018e-05 1.00000000
16132030 132.622361111111 0.00491135956763624 7.63902224246759e-06 1.00000000
16132032 132.645925925926 0.00489514190774339 8.34311815097685e-06 1.00000000
16132033 132.667766203704 0.00487361961194833 1.82459755989897e-05 1.00000000
16132046 132.834699074074 0.00547249137343069 5.70757897340926e-06 1.00000000
16132047 132.861134259259 0.0054004287385607 7.43870560260303e-06 1.00000000
16132048 132.877951388889 0.00530855915753446 1.0159203489638e-05 1.00000000
16132049 132.885798611111 0.00521568088455255 6.38560319455457e-06 1.00000000
16132050 132.907569444444 0.00510807447623987 6.30950193492845e-06 1.00000000
16132051 132.930081018519 0.00507448505805485 6.57944377369574e-06 1.00000000
16132052 132.951782407407 0.00507691344698334 1.30890672777387e-05 1.00000000
16132053 132.961423611111 0.00501327683580579 6.85077053726819e-06 1.00000000
16132054 132.983287037037 0.00495173383263135 7.03540549320472e-06 1.00000000
16133001 133.005173611111 0.00493194057860989 6.46398863818594e-06 1.00000000
16133002 133.032569444444 0.00490806626805941 7.55741318170286e-06 1.00000000
16133003 133.054328703704 0.00489879995706433 7.66877878610061e-06 1.00000000
16133004 133.076296296296 0.00483086223564571 7.85618163389256e-06 1.00000000
16133005 133.098043981481 0.00483052200654688 1.50187245162453e-05 1.00000000
16133006 133.107592592593 0.00482353656293643 8.13905735325718e-06 1.00000000
16133007 133.129178240741 0.00479761910750968 8.33385767379432e-06 1.00000000
16133008 133.150960648148 0.00478600381620357 8.51228574742773e-06 1.00000000
16133009 133.172615740741 0.00477674501271712 8.69964499794997e-06 1.00000000
16133010 133.194502314815 0.00475692704276973 8.98404545959924e-06 1.00000000
16133011 133.216122685185 0.00473970320049606 9.18191433626105e-06 1.00000000
16133012 133.23787037037 0.00476889450268635 3.8419712007053e-05 1.00000000
16133013 133.244166666667 0.00476508238456287 9.55372673372396e-06 1.00000000
16133014 133.265983796296 0.00477483290542679 1.87082542429079e-05 1.00000000
16133085 133.816550925926 0.00562264096526909 5.48104165058439e-06 1.00000000
16133086 133.842673611111 0.00545965093590269 5.72660905410767e-06 1.00000000
16133087 133.868865740741 0.00531270090460435 6.5792715601183e-06 1.00000000
16133088 133.890659722222 0.0052428465594014 6.6026663438573e-06 1.00000000
16133089 133.912939814815 0.00518207190196985 6.6506110651281e-06 1.00000000
16133090 133.935590277778 0.00516556398732025 2.06650094981864e-05 1.00000000
16133091 133.940462962963 0.00512247383568278 6.88606770214376e-06 1.00000000
16133092 133.963553240741 0.00509695622730847 7.19690149438991e-06 1.00000000
16133093 133.985833333333 0.00504818969730472 7.35573546466664e-06 1.00000000
16134001 134.007627314815 0.00502217812101527 7.53437934283192e-06 1.00000000
16134002 134.029340277778 0.00496266255550832 7.72877191018766e-06 1.00000000
16134003 134.051215277778 0.00497858994215944 9.69841276771055e-06 1.00000000
16134004 134.06931712963 0.00495614063060313 8.08936440715341e-06 1.00000000
16134005 134.0909375 0.00489736512399899 1.06161419176535e-05 1.00000000
16134010 134.211747685185 0.00517599535096773 5.48135378959326e-06 1.00000000
16134013 134.248310185185 0.00490377374886782 6.63988588055166e-06 1.00000000
16134014 134.26994212963 0.0048041026607367 6.09226549527994e-06 1.00000000
16134015 134.293657407407 0.00472013450068777 6.29042814144161e-06 1.00000000
16134016 134.315590277778 0.00468655273230443 7.43049290243061e-06 1.00000000
16134017 134.334259259259 0.00464936829578993 6.33625792031185e-06 1.00000000
16134018 134.358738425926 0.00457432449849643 6.75375117680549e-06 1.00000000
16134019 134.381273148148 0.00453774403496703 6.49989852768962e-06 1.00000000
16134028 134.430810185185 0.00445320878615774 6.44718816039061e-06 1.00000000
16134029 134.461527777778 0.00443308133566807 7.6656803110601e-06 1.00000000
16134030 134.483541666667 0.00442357241855378 8.77200161450877e-06 1.00000000
16134042 134.736979166667 0.00493204431290806 2.16774995129284e-05 1.00000000
16134043 134.740729166667 0.00475897055414531 6.44714349819655e-06 1.00000000
16134044 134.755844907407 0.00471881648192249 8.05922034724955e-06 1.00000000
16134045 134.777905092593 0.00470557077432555 5.78614117855623e-06 1.00000000
16134046 134.80025462963 0.00465390176905706 5.90712462094556e-06 1.00000000
16134047 134.823969907407 0.00461313121829994 6.31598843486756e-06 1.00000000
16134048 134.845763888889 0.00458816248293601 9.72976885107113e-06 1.00000000
16134049 134.865393518519 0.00456197849539555 0.00645160900223146 1.00000000
16134050 134.867627314815 8.17273285424055e-07 1.15579565830727e-06 1.00000000
16134051 134.869768518519 0.00114056341092736 0.00161299927121654 1.00000000
16134052 134.873287037037 0.00228233483673424 0.00322770629406874 1.00000000
16134053 134.874733796296 0.00453721947792879 1.42302272954594e-05 1.00000000
16134054 134.879560185185 0.00453749986066936 6.6589660563311e-06 1.00000000
16134055 134.901863425926 0.00451247768448991 7.00764148603725e-06 1.00000000
16134056 134.923460648148 0.0044754976552585 1.17680389181019e-05 1.00000000
16135001 135.001261574074 0.004823178252145 5.08456858715273e-06 1.00000000
16135002 135.022766203704 0.00477006618124324 5.83999886223461e-06 1.00000000
16135003 135.044178240741 0.00475035345333247 6.55312428539576e-06 1.00000000
16135004 135.065775462963 0.00471731757877319 6.46753642593006e-06 1.00000000
16135005 135.087488425926 0.00460393765027539 6.18101387256844e-06 1.00000000
16135006 135.109155092593 0.00455498079528407 7.24551777736991e-06 1.00000000
16135007 135.129236111111 0.00454917697795158 6.50798389837924e-06 1.00000000
16135008 135.151724537037 0.00452144110692756 6.83804310014659e-06 1.00000000
16135009 135.173587962963 0.00450283898066355 6.83141543078676e-06 1.00000000
16135010 135.195358796296 0.00447426968735833 6.79847063406012e-06 1.00000000
16135011 135.219108796296 0.00446909135747852 6.74872873533764e-06 1.00000000
16135012 135.243993055556 0.00443721576257587 1.36782510235158e-05 1.00000000
16135013 135.25494212963 0.00443264445812224 7.57391306809235e-06 1.00000000
16135014 135.27724537037 0.00439903568375608 1.00627342211567e-05 1.00000000
16135024 135.524131944444 0.00480510293583691 7.27295397597931e-06 1.00000000
16135025 135.544155092593 0.00474766406301943 7.84548513268635e-06 1.00000000
16135026 135.557361111111 0.00474800030413119 1.08519704588343e-05 1.00000000
16135031 135.576863425926 0.00467250291034681 1.22036624767463e-05 1.00000000
16135032 135.582696759259 0.0046768887445858 6.11031975438878e-06 1.00000000
16135033 135.604375 0.00460059994624136 6.2771862498119e-06 1.00000000
16135034 135.626041666667 0.00456255340002549 7.64088809644587e-06 1.00000000
16135035 135.643599537037 0.00456563666944133 6.58425818009035e-06 1.00000000
16135036 135.665856481481 0.00452570325635969 6.95048240723459e-06 1.00000000
16135037 135.686782407407 0.00449483976134776 6.90311894326198e-06 1.00000000
16135038 135.708611111111 0.00447237199755155 7.06404675727414e-06 1.00000000
16135039 135.730300925926 0.0044414272489393 7.08005512601602e-06 1.00000000
16135040 135.752881944444 0.00442430263380962 9.41399270785304e-06 1.00000000
16135041 135.769340277778 0.00441300081183353 7.62007169078545e-06 1.00000000
16135042 135.791412037037 0.00439836393153332 1.86383036522629e-05 1.00000000
16135043 135.796979166667 0.00436829764702159 8.94927564478285e-06 1.00000000
16135047 135.899548611111 0.00479367451925129 4.48826333753156e-05 1.00000000
16135048 135.900659722222 0.0047704085654104 4.90669334785152e-06 1.00000000
16135049 135.923599537037 0.00474461724160899 8.12048349453466e-06 1.00000000
16135050 135.93625 0.0047297885311037 1.01644648210533e-05 1.00000000
16135051 135.943368055556 0.00470836200612391 3.2031918926876e-05 1.00000000
16135053 135.945613425926 0.00475532581888222 9.27403234676297e-06 1.00000000
16135054 135.953796296296 0.00472906170999051 1.13437105291957e-05 1.00000000
16135055 135.960416666667 0.0046986612651974 1.38713267408433e-05 1.00000000
16135056 135.964618055556 0.0047058425112542 5.88296517404102e-06 1.00000000
16135057 135.985648148148 0.00464866248833542 2.54265383541317e-05 1.00000000
16135061 135.990497685185 0.00459839788168734 6.10243150753882e-06 1.00000000
16136001 136.012106481481 0.00455146327633503 7.63690440478707e-06 1.00000000
16136002 136.029398148148 0.00453917175237086 6.41146239193836e-06 1.00000000
16136003 136.050972222222 0.00449286022766876 6.59772947505478e-06 1.00000000
16136004 136.072615740741 0.00447859044166094 9.33732933547052e-06 1.00000000
16136011 136.207268518519 0.00481730162820246 4.83587181467052e-06 1.00000000
16136013 136.231759259259 0.00479215675322176 5.31696959410296e-06 1.00000000
16136014 136.253472222222 0.00474259259324662 5.47515998640723e-06 1.00000000
16136015 136.275081018519 0.00465793667692225 1.18073837993889e-05 1.00000000
16136016 136.284085648148 0.00461746656753141 5.70032283084272e-06 1.00000000
16136017 136.305949074074 0.00458165410534268 5.40269144411445e-06 1.00000000
16136018 136.334421296296 0.00453749963267832 3.16459733327728e-05 1.00000000
16136019 136.336203703704 0.00453123885595103 6.25580232184491e-06 1.00000000
16136020 136.35818287037 0.00448412810950358 6.439853563545e-06 1.00000000
16136021 136.380648148148 0.00444334502184213 6.17117965435493e-06 1.00000000
16136022 136.406145833333 0.00441447381182791 6.27483661012085e-06 1.00000000
16136023 136.431990740741 0.00439334082020127 6.7437913404267e-06 1.00000000
16136024 136.458229166667 0.00438261963293028 7.23025219895299e-06 1.00000000
16136025 136.480266203704 0.00436201423513945 8.74044543649427e-06 1.00000000
16136035 136.618043981481 0.00477515325432451 5.54117636453183e-06 1.00000000
16136036 136.634965277778 0.00468207367769438 5.12827275318695e-06 1.00000000
16136037 136.659884259259 0.00444975224758116 1.74735504877267e-05 1.00000000
16136038 136.663252314815 0.00380047403117415 3.44325759393998e-05 1.00000000
16136039 136.664861111111 0.0037830145781232 3.89261398445873e-05 1.00000000
16136040 136.66619212963 0.00462746733686897 1.23396654545486e-05 1.00000000
16136041 136.672349537037 0.00383774662763796 3.49916607444201e-05 1.00000000
16136042 136.674166666667 0.00461908126028612 1.26218023835353e-05 1.00000000
16136043 136.678784722222 0.00462420753289959 5.8396605293248e-06 1.00000000
16136044 136.701041666667 0.00462524557773255 5.96565802337338e-06 1.00000000
16136045 136.723090277778 0.00459903931236055 7.20432418682144e-06 1.00000000
16136046 136.741516203704 0.00456653233983354 6.28693401834689e-06 1.00000000
16136047 136.763275462963 0.00450958539902976 6.71745446046204e-06 1.00000000
16136048 136.783958333333 0.00445447967680114 6.60257326903952e-06 1.00000000
16136049 136.805555555556 0.00443128477858688 6.63694643408206e-06 1.00000000
16136050 136.82775462963 0.00440368434358207 6.89418931242434e-06 1.00000000
16136051 136.849571759259 0.00438415632160782 7.53424795104848e-06 1.00000000
16136052 136.871226851852 0.00438195872592675 7.12871208123628e-06 1.00000000
16136053 136.893553240741 0.00437653471823639 6.57925329186133e-06 1.00000000
16136057 136.986851851852 0.00477066145188839 4.79968969698507e-06 1.00000000
16137001 137.008530092593 0.00471086612201455 5.6073271995519e-06 1.00000000
16137002 137.030543981481 0.0046678348528357 5.82822487260123e-06 1.00000000
16137003 137.052523148148 0.00463841775488797 5.85557586656473e-06 1.00000000
16137004 137.075162037037 0.00462093714440883 6.17083485367616e-06 1.00000000
16137005 137.096701388889 0.00459341472091592 7.15840032945496e-06 1.00000000
16137006 137.116666666667 0.00454109468166499 6.56355234044631e-06 1.00000000
16137007 137.138333333333 0.00446685467867411 6.63746936655858e-06 1.00000000
16137008 137.160034722222 0.00445015274909603 9.59074670721672e-06 1.00000000
16137009 137.1746875 0.00203640263122016 3.05916257942293e-06 1.00000000
16137010 137.192106481481 0.00439819393616794 7.15974851692136e-06 1.00000000
16137011 137.21369212963 0.00436638474587661 6.970704872078e-06 1.00000000
16137012 137.241157407407 0.00433667439483891 7.33541366508769e-06 1.00000000
16137013 137.263935185185 0.00430426497247837 7.26044906273995e-06 1.00000000
16137017 137.344016203704 0.00475527249390726 4.69007377477852e-06 1.00000000
16137018 137.367407407407 0.00470991609441702 5.27841759058841e-06 1.00000000
16137019 137.391944444444 0.00468002543747778 5.73135774701803e-06 1.00000000
16137020 137.414814814815 0.00463341050482501 6.0503541484352e-06 1.00000000
16137021 137.436631944444 0.00456528422543005 4.96037893979419e-06 1.00000000
16137022 137.472488425926 0.00449007553903317 9.24638626531401e-06 1.00000000
16137028 137.508865740741 0.00444889185948081 6.55181666417215e-06 1.00000000
16137029 137.531365740741 0.00442446685602359 6.15511671319963e-06 1.00000000
16137030 137.557835648148 0.00437551096779946 6.94644489410554e-06 1.00000000
16137031 137.580081018519 0.00436560094619455 8.79472327185518e-06 1.00000000
16137032 137.597303240741 0.00434861868407084 7.25804940026643e-06 1.00000000
16137033 137.619108796296 0.00433015820116347 9.07223418134692e-06 1.00000000
16137038 137.715891203704 0.00476395278220564 4.90763802483047e-06 1.00000000
16137039 137.737638888889 0.00470341048533564 5.62958680045306e-06 1.00000000
16137040 137.760439814815 0.00471161992339318 6.02761546490513e-06 1.00000000
16137041 137.782766203704 0.00466384325059952 6.14732313246381e-06 1.00000000
16137042 137.805509259259 0.00461282734186336 6.3312863393242e-06 1.00000000
16137043 137.82755787037 0.00454135803513964 6.27271695003362e-06 1.00000000
16137044 137.851226851852 0.00453558603437253 2.14878013947109e-05 1.00000000
16137045 137.856030092593 0.00449274706618329 6.80830700358507e-06 1.00000000
16137046 137.877928240741 0.00446071993755722 6.90907286296335e-06 1.00000000
16137047 137.899872685185 0.00444054889604004 6.97920553433383e-06 1.00000000
16137048 137.922210648148 0.00440175817842418 7.20436693684304e-06 1.00000000
16137049 137.944305555556 0.00435549078221449 6.90002916440315e-06 1.00000000
16137051 137.980659722222 0.00432028843477116 1.62451789079371e-05 1.00000000
16137052 137.988449074074 0.00435668065023531 9.59331337845271e-06 1.00000000
16138013 138.094270833333 0.00467001241595188 1.27380338222694e-05 1.00000000
16138014 138.100081018519 0.00464344746277687 5.59127753327199e-06 1.00000000
16138015 138.122060185185 0.00461604394039753 5.81143417524813e-06 1.00000000
16138016 138.143703703704 0.00461362631648397 6.02598615378481e-06 1.00000000
16138017 138.165439814815 0.00460493882987995 6.21671133634192e-06 1.00000000
16138018 138.188078703704 0.00456357953210689 1.55339626242223e-05 1.00000000
16138019 138.192847222222 0.00454237119592078 1.18993130565599e-05 1.00000000
16138020 138.199791666667 0.00449926583620839 1.54657865390058e-05 1.00000000
16138021 138.206030092593 0.00447030228942384 6.65615569695541e-06 1.00000000
16138022 138.227662037037 0.00442469246220323 6.50679153048101e-06 1.00000000
16138023 138.251064814815 0.00437494918163361 6.85903654136907e-06 1.00000000
16138024 138.274143518519 0.00437147323507351 7.14289208463414e-06 1.00000000
16138025 138.296134259259 0.00433731344616025 7.18433718280331e-06 1.00000000
16138026 138.318240740741 0.00432876816584558 1.08713434470434e-05 1.00000000
16138027 138.331678240741 0.00429717413342516 7.44674945746515e-06 1.00000000
16138028 138.354027777778 0.00427516961995708 7.32902323466485e-06 1.00000000
16138029 138.37818287037 0.00426822486906237 9.50228170518403e-06 1.00000000
16138040 138.515289351852 0.00466854918934999 5.35306322052108e-06 1.00000000
16138042 138.541782407407 0.00462204726575513 5.62039921330298e-06 1.00000000
16138043 138.564293981481 0.00463136755046264 1.27248126186553e-05 1.00000000
16138044 138.570752314815 0.00459749583595492 5.80185437623752e-06 1.00000000
16138045 138.593136574074 0.00454314336847266 6.02853741240846e-06 1.00000000
16138046 138.614930555556 0.00451102273167954 6.01650683664899e-06 1.00000000
16138047 138.642326388889 0.00447036361562764 6.50468187177971e-06 1.00000000
16138048 138.663993055556 0.00445795527765678 6.63194396685975e-06 1.00000000
16138049 138.685729166667 0.00443741619191733 6.74348531006569e-06 1.00000000
16138050 138.708356481481 0.00442101575566349 6.83668980631696e-06 1.00000000
16138051 138.731550925926 0.00439072466097105 7.15833058090167e-06 1.00000000
16138052 138.754224537037 0.00436071964652376 7.33567449861365e-06 1.00000000
16138053 138.776076388889 0.00437628318830734 0.000104565186057672 1.00000000
16138054 138.779895833333 0.00434100679000615 7.842247753778e-06 1.00000000
16138055 138.8015625 0.00432994273750443 1.77316435828987e-05 1.00000000
16138059 138.868923611111 0.00480277373354006 5.20532030636808e-06 1.00000000
16138060 138.889224537037 0.00475982429787098 3.61018562245863e-05 1.00000000
16138061 138.890428240741 0.00475506223556812 5.08246430493539e-06 1.00000000
16138062 138.911898148148 0.00472524279465896 5.2644549185347e-06 1.00000000
16138063 138.933877314815 0.00472662617683155 5.45561290722335e-06 1.00000000
16138064 138.955810185185 0.00467777565416166 5.48600819555683e-06 1.00000000
16138065 138.978842592593 0.00464514315465686 8.87282193395699e-06 1.00000000
16138066 138.990601851852 0.00457479521200328 8.26800750171473e-06 1.00000000
16139001 139.007060185185 0.00453654256884778 1.39752152644713e-05 1.00000000
16139002 139.011655092593 0.00454553748065861 6.69828319136668e-06 1.00000000
16139003 139.033194444444 0.00446882515775825 6.75921005715602e-06 1.00000000
16139004 139.054814814815 0.0044163583712696 6.99193087688031e-06 1.00000000
16139005 139.076493055556 0.00436461413259499 7.13993601260504e-06 1.00000000
16139006 139.097951388889 0.00433684544864709 2.53260690901141e-05 1.00000000
16139007 139.10162037037 0.00433510811407531 9.78481735602079e-06 1.00000000
16139008 139.115949074074 0.00431634558833395 7.48844895879223e-06 1.00000000
16139009 139.137685185185 0.00428028269351347 7.66587589729071e-06 1.00000000
16139010 139.159131944444 0.00426204787139698 7.78010047983733e-06 1.00000000
16139011 139.18087962963 0.00426952368050875 7.9777823477275e-06 1.00000000
16139012 139.202361111111 0.00425713252967101 8.12930983912385e-06 1.00000000
16139013 139.223969907407 0.00421158225202464 1.22000161256082e-05 1.00000000
16139021 139.298703703704 0.00469049641623203 7.59432579669014e-06 1.00000000
16139022 139.308229166667 0.00464572505602079 5.34385020323841e-06 1.00000000
16139023 139.330185185185 0.00461487531236236 5.66083761380469e-06 1.00000000
16139024 139.352037037037 0.00456305484685916 5.85903989024686e-06 1.00000000
16139025 139.373020833333 0.00453645887962972 5.86734406793912e-06 1.00000000
16139026 139.394953703704 0.00447683666087183 6.60042654118859e-06 1.00000000
16139027 139.417465277778 0.00440029975016802 7.02987585050984e-06 1.00000000
16139028 139.435219907407 0.00438342898248484 6.38145397376577e-06 1.00000000
16139029 139.457048611111 0.00435289269675152 6.59422471389073e-06 1.00000000
16139030 139.478935185185 0.00431467490173624 6.40847227308327e-06 1.00000000
16139031 139.503043981481 0.00428906977537412 8.05498606668742e-06 1.00000000
16139032 139.519872685185 0.00423398332064204 8.49179941493464e-06 1.00000000
16139033 139.537835648148 0.00422288189630232 7.32906153707471e-06 1.00000000
16139034 139.559502314815 0.00420686296364417 1.17755828266629e-05 1.00000000
16139054 139.925590277778 0.00468207282590612 8.44090083653343e-06 1.00000000
16139055 139.942951388889 0.00459951728150211 6.79610437349603e-06 1.00000000
16139056 139.965798611111 0.00456160758302879 7.62188043218619e-06 1.00000000
16139057 139.987604166667 0.00454543589183786 6.90958292076392e-06 1.00000000
16140001 140.009247685185 0.00452424156590643 6.7889573764009e-06 1.00000000
16140002 140.030810185185 0.00447123589273735 6.78829765148731e-06 1.00000000
16140003 140.055196759259 0.00441398414568214 7.14191078815139e-06 1.00000000
16140004 140.076678240741 0.00441128941991796 9.06724099407466e-06 1.00000000
16140007 140.099375 0.00433048594453488 1.54683048831619e-05 1.00000000
16140008 140.106273148148 0.00430768573720595 7.43460304857567e-06 1.00000000
16140009 140.127673611111 0.00426780609674742 7.70009030656568e-06 1.00000000
16140010 140.14912037037 0.00426442552523087 7.23801396110642e-06 1.00000000
16140011 140.179074074074 0.00423896902555178 8.740491941706e-06 1.00000000
16140012 140.198553240741 0.0042269330413607 8.31523629125099e-06 1.00000000
16140013 140.220520833333 0.00419869346621407 8.72280691538369e-06 1.00000000
16140014 140.241956018518 0.00421042594629232 1.86450853131364e-05 1.00000000
16140015 140.2578125 0.00416237905510316 2.31822841690683e-05 1.00000000
16140016 140.268425925926 0.00420421849424861 1.63450206130874e-05 1.00000000
16141003 141.047303240741 0.00475313019304075 7.76245913573394e-06 1.00000000
16141004 141.061354166667 0.00472554520418146 1.24810739913189e-05 1.00000000
16141005 141.070046296296 0.00470683286488028 5.13097026768389e-06 1.00000000
16141006 141.091863425926 0.0046908253145077 1.0195961343226e-05 1.00000000
16141007 141.100162037037 0.00469625268410652 6.23653418736999e-06 1.00000000
16141008 141.121886574074 0.00465515846782568 6.37695293344849e-06 1.00000000
16141009 141.143449074074 0.00460352822142042 5.81780349007271e-06 1.00000000
16141010 141.173460648148 0.00455511610692775 7.10628463039104e-06 1.00000000
16141011 141.214733796296 0.00446279381307731 9.74972505833693e-06 1.00000000
16141014 141.241574074074 0.00446440559669763 7.94542293963634e-06 1.00000000
16141016 141.265347222222 0.00437610816809175 7.88076465637177e-06 1.00000000
16141017 141.288425925926 0.00432656467440804 1.34014363378076e-05 1.00000000
16141018 141.299571759259 0.00681858855346325 1.61134507406975e-05 1.00000000
16141019 141.314988425926 0.004334685494361 1.80436090387352e-05 1.00000000
16141021 141.321840277778 0.00427771322613116 8.46788326815446e-06 1.00000000
16141022 141.3434375 0.00426706375409053 1.21057222357056e-05 1.00000000
16141029 141.414050925926 0.00472830634630176 6.37709463496264e-06 1.00000000
16141031 141.429131944444 0.00468894564872095 8.98536963491736e-06 1.00000000
16141032 141.438344907407 0.00467579423297954 5.62768541581047e-06 1.00000000
16141033 141.459918981481 0.00464894410491107 5.87511238699095e-06 1.00000000
16141034 141.481458333333 0.00463237561117071 6.19144658420703e-06 1.00000000
16141035 141.50306712963 0.00469678729266287 7.06038749177958e-06 1.00000000
16141036 141.525150462963 0.00475057127167434 1.62493438192439e-05 1.00000000
16141037 141.534872685185 0.00463546108894513 1.0025392076571e-05 1.00000000
16141038 141.548900462963 0.00458899289427211 7.63407675678179e-06 1.00000000
16141040 141.57443287037 0.00454235151631043 8.34539751140658e-06 1.00000000
16141041 141.595266203704 0.00457765862769481 2.50626573701154e-05 1.00000000
16141049 141.9634375 0.00482505213981322 4.59246570937472e-06 1.00000000
16141050 141.985636574074 0.00474422404448109 5.38355100459993e-06 1.00000000
16142001 142.007094907407 0.00470193558028621 5.66094574787127e-06 1.00000000
16142002 142.028877314815 0.00465568274749168 8.61674057170912e-06 1.00000000
16142003 142.042395833333 0.00464193508845976 5.964616428722e-06 1.00000000
16142004 142.063900462963 0.00586507030017476 8.68183800180766e-06 1.00000000
16142005 142.085983796296 0.00456138701327205 1.15485977101425e-05 1.00000000
16142006 142.096574074074 0.00453026694374739 6.54424008711208e-06 1.00000000
16142007 142.118460648148 0.00448385359940821 6.86214042926426e-06 1.00000000
16142008 142.140034722222 0.00443421153541085 7.04705824959668e-06 1.00000000
16142010 142.164085648148 0.00440226640906125 7.25450457768561e-06 1.00000000
16142012 142.188576388889 0.00438718816801141 7.52250865652169e-06 1.00000000
16142013 142.210011574074 0.00437779530211693 1.19810638179206e-05 1.00000000
16142014 142.221585648148 0.00434233625251996 7.79596626410389e-06 1.00000000
16142015 142.243587962963 0.00433524614374454 1.14179256539622e-05 1.00000000
16142022 142.322916666667 0.00479846092060483 5.2747533498808e-06 1.00000000
16142024 142.341689814815 0.00472339594226947 5.34746842449266e-06 1.00000000
16142025 142.363425925926 0.0047015592620033 1.17560530057136e-05 1.00000000
16142027 142.372233796296 0.00465315010395181 5.64185371252011e-06 1.00000000
16142028 142.393854166667 0.00463069004794862 5.84513765033397e-06 1.00000000
16142032 142.423761574074 0.00454439987591535 5.61635027766247e-06 1.00000000
16142035 142.456493055556 0.00449205879287069 6.59232786279754e-06 1.00000000
16142036 142.47806712963 0.00446546927340959 6.79791704508786e-06 1.00000000
16142037 142.499722222222 0.00443654264731882 7.13119893755536e-06 1.00000000
16142038 142.521319444444 0.00439714391940309 7.2919431105097e-06 1.00000000
16142039 142.542858796296 0.00438340510646667 7.5388823484264e-06 1.00000000
16142041 142.566157407407 0.00436397602846827 1.32286133369704e-05 1.00000000
16142044 142.578634259259 0.00433645311324651 7.88582263971312e-06 1.00000000
16142046 142.600972222222 0.00435043246340358 2.98663998844273e-05 1.00000000
16142048 142.606099537037 0.00433122862470382 3.21991268710613e-05 1.00000000
16142061 142.672581018519 0.00473669807416495 4.67864970997256e-06 1.00000000
16142065 142.698831018519 0.00463443087356406 5.45900797761985e-06 1.00000000
16142066 142.720555555556 0.00461571829392539 5.6855408548634e-06 1.00000000
16142067 142.742164351852 0.00459108967542165 6.01741554043547e-06 1.00000000
16142068 142.763784722222 0.00454498664914374 5.88675546339462e-06 1.00000000
16142069 142.78744212963 0.00449334545140838 7.85426154856967e-06 1.00000000
16142070 142.803784722222 0.00447723243198818 6.4946433716175e-06 1.00000000
16142071 142.825613425926 0.00442077241171519 6.72721199433237e-06 1.00000000
16142072 142.847164351852 0.00435480992059523 7.27575941772419e-06 1.00000000
16142073 142.867939814815 0.00317695264948935 4.27004631847653e-05 1.00000000
16142074 142.871365740741 0.00319094165901122 4.35691963633337e-05 1.00000000
16142075 142.873900462963 0.00432929115757907 1.44643970484008e-05 1.00000000
16142076 142.879282407407 0.00434954795289128 7.21439213297203e-06 1.00000000
16142077 142.9009375 0.064111116942075 0.000119851000026536 1.00000000
16142078 142.920474537037 0.00431845135223133 4.05750639152596e-05 1.00000000
16142079 142.924386574074 0.00429876133159437 7.81996033560407e-06 1.00000000
16142080 142.944664351852 0.00429164297299782 7.0906839906093e-06 1.00000000
16143002 143.03 0.00477964115490027 4.50517320144164e-06 1.00000000
16143003 143.052314814815 0.0047005976224616 5.38042108359721e-06 1.00000000
16143004 143.073761574074 0.00465971329113512 5.54462944800144e-06 1.00000000
16143005 143.095405092593 0.00463116838646284 5.79307299429561e-06 1.00000000
16143006 143.116886574074 0.00460038935268498 6.01292078621688e-06 1.00000000
16143007 143.138368055556 0.00455825830454039 1.21844808479396e-05 1.00000000
16143008 143.148854166667 0.00455224564869407 2.21423755117964e-05 1.00000000
16143009 143.157592592593 0.00450568944117562 6.52136217327607e-06 1.00000000
16143010 143.179560185185 0.00446102086952284 6.80617508387813e-06 1.00000000
16143011 143.201122685185 0.00440665740212124 7.07565757735565e-06 1.00000000
16143012 143.222615740741 0.00437722270102297 7.36486296268628e-06 1.00000000
16143013 143.244085648148 0.00433677791290497 7.62651232272543e-06 1.00000000
16143014 143.265555555556 0.00433108230943602 1.14257715896032e-05 1.00000000
16143015 143.27837962963 0.00430343291059446 7.96448504250014e-06 1.00000000
16143016 143.300902777778 0.00431177260278951 9.41830167416389e-06 1.00000000
16143018 143.333275462963 0.00427263805682043 1.14610104704972e-05 1.00000000
16143019 143.344988425926 0.0042656975348261 7.9128885979495e-06 1.00000000
16143020 143.371770833333 0.00426054912960715 9.10062875771022e-06 1.00000000
16143021 143.393287037037 0.00425367224257427 9.39756897351597e-06 1.00000000
16143022 143.414872685185 0.00428235471557027 1.16658780372203e-05 1.00000000
16143031 143.482824074074 0.00477295988318371 5.97474156596909e-06 1.00000000
16143032 143.495520833333 0.00471332877774425 5.38784348323849e-06 1.00000000
16143033 143.51712962963 0.00465777082404617 5.55884581254148e-06 1.00000000
16143034 143.53837962963 0.00459944373176864 5.6077989522037e-06 1.00000000
16143035 143.560474537037 0.00456112705937743 5.8723892729833e-06 1.00000000
16143036 143.582430555556 0.00450080102826608 6.11296224858529e-06 1.00000000
16143038 143.609016203704 0.0044591617054638 7.00173475731977e-06 1.00000000
16143039 143.626967592593 0.00440821685584439 6.95763314570267e-06 1.00000000
16143040 143.64619212963 0.00438824664903878 6.45234368560253e-06 1.00000000
16143041 143.670231481481 0.00435266283231978 6.83411396757633e-06 1.00000000
16143042 143.69255787037 0.00432810139112203 7.22924712423375e-06 1.00000000
16143043 143.714027777778 0.00431218809135322 8.78309431843914e-06 1.00000000
16143044 143.731990740741 0.00429089478363065 7.64066077083583e-06 1.00000000
16143045 143.753657407407 0.00429791052981787 8.14195391792759e-06 1.00000000
16143052 143.837789351852 0.0047617971934732 4.67434801145056e-06 1.00000000
16143053 143.860173611111 0.00468353708732807 5.59694990339283e-06 1.00000000
16143054 143.881724537037 0.00463832487232841 5.90288529982523e-06 1.00000000
16143055 143.903275462963 0.0045951095579456 5.92196281153549e-06 1.00000000
16143056 143.924826388889 0.00455260306528669 6.27106587439941e-06 1.00000000
16143057 143.944513888889 0.00450289489255517 6.65192703062071e-06 1.00000000
16143058 143.964722222222 0.00445121149045239 6.39301216741636e-06 1.00000000
16143059 143.986481481481 0.00442401378931333 6.56947781971655e-06 1.00000000
16144001 144.008310185185 0.00439111626995235 6.82453385862354e-06 1.00000000
16144002 144.029814814815 0.00438642191174649 7.05656038395643e-06 1.00000000
16144003 144.051331018519 0.00434488980229496 7.33066273748385e-06 1.00000000
16144004 144.072824074074 0.00433829162252539 9.1594452732465e-06 1.00000000
16144005 144.090231481481 0.00430390806421486 7.6521299744521e-06 1.00000000
16144007 144.117835648148 0.00430586156432617 1.09651628703683e-05 1.00000000
16144012 144.177175925926 0.0048731459207059 4.53241785353517e-06 1.00000000
16144013 144.199988425926 0.00473626037991247 5.50799156178957e-06 1.00000000
16144014 144.221574074074 0.00470008146411635 5.67848992919288e-06 1.00000000
16144015 144.243136574074 0.00463887980754785 5.70943998600243e-06 1.00000000
16144016 144.264791666667 0.00459272051797402 5.81319066907541e-06 1.00000000
16144017 144.287638888889 0.00451759613725804 2.78450128856502e-05 1.00000000
16144018 144.29431712963 0.00453753550658846 1.16268153582157e-05 1.00000000
16144019 144.303425925926 0.00448235525438234 6.30851707305282e-06 1.00000000
16144020 144.325092592593 0.00444460963345081 6.79327610167893e-06 1.00000000
16144021 144.345648148148 0.00440686498443703 6.7089508473577e-06 1.00000000
16144022 144.36744212963 0.00435832255372391 9.47113026523639e-06 1.00000000
16144023 144.383055555556 0.00435003557731037 7.23276385195481e-06 1.00000000
16144024 144.404525462963 0.00434165368591298 7.56348162511391e-06 1.00000000
16144025 144.42875 0.0043051523204668 8.41112450420651e-06 1.00000000
16144026 144.450509259259 0.00427772326487065 9.03988489749204e-06 1.00000000
16144037 144.530532407407 0.00477320488952427 1.08548495010001e-05 1.00000000
16144038 144.53494212963 0.0047097699435017 7.13976341717411e-06 1.00000000
16144039 144.546354166667 0.00465317588384051 5.33366502113296e-06 1.00000000
16144040 144.567824074074 0.00460492780141625 5.37117340098506e-06 1.00000000
16144041 144.591238425926 0.00456621779192129 1.46311510302397e-05 1.00000000
16144042 144.599282407407 0.00454768995893916 6.04048374905859e-06 1.00000000
16144043 144.620798611111 0.00452305949887287 1.00531572906839e-05 1.00000000
16144054 144.758784722222 0.00487370621274989 0.000107831954321033 1.00000000
16144055 144.760231481481 0.00470676944307833 4.38636916488712e-06 1.00000000
16144056 144.784155092593 0.00461596871585349 5.30703917193372e-06 1.00000000
16144057 144.8059375 0.00459287592510788 1.29847590689407e-05 1.00000000
16144059 144.812210648148 0.00458767624980609 1.61787582395843e-05 1.00000000
16144060 144.820960648148 0.00453644508743156 3.76874034201796e-05 1.00000000
16144061 144.82212962963 0.00453924463404795 5.96080885760382e-06 1.00000000
16144062 144.841747685185 0.00454382267729641 2.22278282394513e-05 1.00000000
16144064 144.847106481481 0.797228288068289 0.00185576490675893 1.00000000
16144065 144.850868055556 0.00437333990708364 5.84641478418467e-06 1.00000000
16144070 144.893981481481 0.00440856016235719 6.40778191695145e-06 1.00000000
16144071 144.9159375 0.0043602681338119 6.83050449318822e-06 1.00000000
16144072 144.93724537037 0.00433287982835605 1.20060334663481e-05 1.00000000
16144073 144.946805555556 0.00429039209232637 6.99214779499072e-06 1.00000000
16144074 144.968391203704 0.00424104372116486 1.1531970030153e-05 1.00000000
16144075 144.977476851852 0.00425742378915266 7.31334321288064e-06 1.00000000
16144076 144.998993055556 0.00422810224334816 1.14516960397569e-05 1.00000000
16145001 145.012962962963 0.00425096360990149 1.19323780909517e-05 1.00000000
16145002 145.022881944444 0.00422663976574165 1.56885918341072e-05 1.00000000
16145003 145.031157407407 0.00422091283452737 8.23680920867118e-06 1.00000000
16145008 145.115625 0.00473863598238975 2.05491293677801e-05 1.00000000
16145009 145.117905092593 0.00472900567411436 1.39907760337291e-05 1.00000000
16145010 145.121493055556 0.00464656814668972 5.05677567714352e-06 1.00000000
16145011 145.143287037037 0.00458693518258624 5.41256757325709e-06 1.00000000
16145012 145.164803240741 0.00456438959314086 5.5836105589613e-06 1.00000000
16145013 145.186342592593 0.00450953467610697 5.70683099388906e-06 1.00000000
16145014 145.207835648148 0.00446289763586578 6.03658539952063e-06 1.00000000
16145015 145.229409722222 0.00444946213965765 8.87339941605379e-06 1.00000000
16145016 145.241759259259 0.00440281341058874 6.3187270695313e-06 1.00000000
16145017 145.263333333333 0.00436257985096715 6.50878918876711e-06 1.00000000
16145018 145.28474537037 0.00430914421574216 6.69931433049204e-06 1.00000000
16145019 145.3065625 0.0042748720401846 6.83224761580862e-06 1.00000000
16145020 145.329305555556 0.00427871928714729 7.28135274297319e-06 1.00000000
16145021 145.350266203704 0.0042571774441012 7.95351307539834e-06 1.00000000
16145022 145.37193287037 0.00422333884829164 7.47806660976894e-06 1.00000000
16145023 145.394097222222 0.00419984244120096 7.24890565434453e-06 1.00000000
16145024 145.419456018519 0.0042018462137839 1.53983178712313e-05 1.00000000
16145035 145.510243055556 0.00459235981218845 5.45245218206938e-06 1.00000000
16145036 145.528321759259 0.00452807833351516 5.49241232038927e-06 1.00000000
16145037 145.549756944444 0.00451127745903154 1.02483996473972e-05 1.00000000
16145039 145.559178240741 0.00444259811912804 5.77156888816626e-06 1.00000000
16145040 145.580706018519 0.00445405158296624 6.05897802115921e-06 1.00000000
16145041 145.602222222222 0.00439903692441144 6.32569893000591e-06 1.00000000
16145042 145.622395833333 0.00436394812320536 6.64218568475968e-06 1.00000000
16145043 145.647719907407 0.00431008342180671 6.68226608574139e-06 1.00000000
16145044 145.669293981481 0.00426896350045707 6.90080970345511e-06 1.00000000
16145045 145.690914351852 0.00425604762989599 7.11343338153309e-06 1.00000000
16145046 145.712488425926 0.00421554084825197 7.26632241617741e-06 1.00000000
16145048 145.739606481481 0.00420065016297058 7.56178524538959e-06 1.00000000
16145049 145.76537037037 0.004178319553133 8.03724556042643e-06 1.00000000
16145050 145.786157407407 0.00418643730036731 9.63681337675552e-06 1.00000000
16145055 145.847256944444 0.00464155117545233 4.37715094496355e-06 1.00000000
16145056 145.870775462963 0.0045452169333377 5.28409977090156e-06 1.00000000
16145057 145.892465277778 0.00450620982091508 5.47025330192597e-06 1.00000000
16145058 145.914085648148 0.00445475272728158 5.74218462466162e-06 1.00000000
16145059 145.935891203704 0.0044141130882685 6.57565565862858e-06 1.00000000
16145060 145.953784722222 0.00436312542265977 6.73752547148593e-06 1.00000000
16145061 145.974201388889 0.00436489888648805 6.36719634103107e-06 1.00000000
16146002 146.009837962963 0.00428708306222742 9.9452603764043e-06 1.00000000
16146003 146.021527777778 0.00426690894170398 6.89950851196319e-06 1.00000000
16146004 146.043611111111 0.00425331998780188 7.09388403557391e-06 1.00000000
16146005 146.065787037037 0.00420095668143905 7.12111728032033e-06 1.00000000
16146006 146.089699074074 0.00419377054091612 1.46508401733136e-05 1.00000000
16146007 146.098657407407 0.00420052163201001 7.78195451269106e-06 1.00000000
16146008 146.120439814815 0.0041774105895928 8.6077764649823e-06 1.00000000
16146014 146.2065625 0.00470164577129232 4.56661928302278e-06 1.00000000
16146015 146.228090277778 0.00460694594674154 5.60762975631634e-06 1.00000000
16146016 146.244988425926 0.00458221857934991 5.76425391663728e-06 1.00000000
16146051 146.531956018519 0.00464873174060389 6.06457997958634e-06 1.00000000
16146052 146.5478125 0.0045923491294789 9.28814591267528e-06 1.00000000
16146097 146.63380787037 0.0046295935021001 5.24493084746492e-06 1.00000000
16146098 146.652268518519 0.004552622245283 5.47362139906266e-06 1.00000000
16146099 146.673981481481 0.00452553293274731 1.10302528591517e-05 1.00000000
16146100 146.684328703704 0.00449957320256185 6.4465011722776e-06 1.00000000
16146106 146.773125 0.00463628096980723 5.38184248817256e-06 1.00000000
16146107 146.790393518519 0.00457762243529998 5.63738497963299e-06 1.00000000
16146109 146.814340277778 0.00450443816272021 5.71912592057936e-06 1.00000000
16146111 146.840034722222 0.00445790831667977 5.87971174261309e-06 1.00000000
16146112 146.861608796296 0.00444515904296607 6.73439445752725e-06 1.00000000
16146114 146.880671296296 0.00440103498147689 8.51558133310135e-06 1.00000000
16146115 146.897291666667 0.00436724771745326 6.41549475199059e-06 1.00000000
16146116 146.920763888889 0.00431396112578746 6.68892168381974e-06 1.00000000
16146117 146.943425925926 0.00427265575498858 8.426296133369e-06 1.00000000
16146118 146.958715277778 0.00425656605436728 7.18804618349963e-06 1.00000000
16146119 146.980266203704 0.00423103316561017 8.85074155145094e-06 1.00000000
16146120 146.996979166667 0.00425959036401772 1.90059873501067e-05 1.00000000
16147006 147.104965277778 0.00466204290762417 4.58056005580505e-06 1.00000000
16147007 147.126863425926 0.00458625032939856 5.71311181675312e-06 1.00000000
16147008 147.150590277778 0.00453966420199004 5.90990870878264e-06 1.00000000
16147009 147.172314814815 0.00446909403782541 5.88870395044383e-06 1.00000000
16147010 147.193993055556 0.00441734760806565 5.88469095744478e-06 1.00000000
16147011 147.215694444444 0.00438149081470114 2.45253058543084e-05 1.00000000
16147012 147.219548611111 0.00437217915917249 9.02385314041087e-06 1.00000000
16147013 147.232280092593 0.0043423043247212 7.14365637941339e-06 1.00000000
16147014 147.253553240741 0.00432802263066159 6.63792513176764e-06 1.00000000
16147056 147.698090277778 0.00476356193309993 5.52088428641157e-06 1.00000000
16147057 147.714756944444 0.00468319844750802 5.50853672592784e-06 1.00000000
16147058 147.736608796296 0.00462492928104808 9.23316995277567e-06 1.00000000
16147059 147.745347222222 0.00458675211571793 5.62235396207959e-06 1.00000000
16147060 147.766840277778 0.00457122952017675 6.17160867199848e-06 1.00000000
16147061 147.791053240741 0.00452759293639802 7.00582898896804e-06 1.00000000
16147062 147.80912037037 0.00451834788747598 1.07918041533729e-05 1.00000000
16147063 147.819513888889 0.00446012100514658 6.77144173700421e-06 1.00000000
16147064 147.841030092593 0.00443670174416198 6.99414958393137e-06 1.00000000
16147065 147.862569444444 0.0043698286664598 7.21793772406079e-06 1.00000000
16147066 147.8840625 0.00433176648985585 7.53848108990327e-06 1.00000000
16147067 147.905763888889 0.00432701834593442 7.64842297772634e-06 1.00000000
16147068 147.927962962963 0.00429775597879028 1.07968601712444e-05 1.00000000
16147069 147.943240740741 0.00425133231752252 7.99074125599212e-06 1.00000000
16147070 147.964791666667 0.00424385796924588 8.46495011098913e-06 1.00000000
16148002 148.037106481481 0.00477114934712016 4.37445085364606e-06 1.00000000
16148003 148.059976851852 0.00466131618180095 5.805615033199e-06 1.00000000
16148004 148.075231481481 0.00461301708469949 5.39796732001985e-06 1.00000000
16148005 148.096990740741 0.00456131006065525 5.65136208074754e-06 1.00000000
16148006 148.118680555556 0.00452793646402809 5.8751691414755e-06 1.00000000
16148007 148.140428240741 0.00447589546272711 6.51675817127386e-06 1.00000000
16148008 148.162511574074 0.00441531313517834 6.62033468680237e-06 1.00000000
16148009 148.184166666667 0.0043233524366001 6.83895866096062e-06 1.00000000
16148010 148.205752314815 0.0042845372629446 6.91714104011808e-06 1.00000000
16148011 148.228738425926 0.00362091023692263 6.76101848398236e-06 1.00000000
16148012 148.250335648148 0.00188003138789841 7.9415472788378e-06 1.00000000
16148017 148.289039351852 0.004259893429251 6.98505981546121e-05 1.00000000
16148018 148.294409722222 0.00429362065134352 0.000130920055889768 1.00000000
16148019 148.299618055556 0.00426758472884177 8.06326199297623e-06 1.00000000
16148020 148.323009259259 0.004227765904881 8.70650832502489e-06 1.00000000
16148021 148.34474537037 0.00421260842773903 2.48362641006794e-05 1.00000000
16148022 148.35505787037 0.00424096495179088 1.12423696926775e-05 1.00000000
16149001 149.006377314815 0.00491644360704032 4.54056824555891e-06 1.00000000
16149002 149.035891203704 0.00475272353240505 5.0791590593191e-06 1.00000000
16149003 149.057615740741 0.00156227615060177 0.00220939179581526 1.00000000
16149004 149.061273148148 0.0046718712826964 5.74792376500811e-06 1.00000000
16149005 149.081157407407 0.00461192557073533 6.22270086241095e-06 1.00000000
16149006 149.102916666667 0.00459170404747434 9.84098850794723e-06 1.00000000
16149007 149.153946759259 0.00445136767503601 2.32920821456959e-05 1.00000000
16149008 149.159699074074 0.00443951191824111 3.91444270912293e-05 1.00000000
16149009 149.163252314815 0.00440872471599978 2.24537139619711e-05 1.00000000
16149010 149.171689814815 0.0043878202606529 7.73902684111945e-06 1.00000000
16149011 149.193784722222 0.00433248808217582 9.44488495895961e-06 1.00000000
16149013 149.215393518519 0.00436357296876345 8.37261761163009e-06 1.00000000
16149014 149.240138888889 0.00441182189676554 1.03449467074969e-05 1.00000000
16149024 149.36505787037 0.00470934419206682 1.18398342893032e-05 1.00000000
16149025 149.370578703704 0.00467995484820459 2.06058181559297e-05 1.00000000
16149044 149.774722222222 0.00483615399008904 5.09677305795741e-06 1.00000000
16149048 149.828356481482 0.00469336978842837 8.73882862159769e-06 1.00000000
16149049 149.842118055556 0.00464985945854437 5.78357398170176e-06 1.00000000
16149050 149.863645833333 0.00461485339519897 5.86343713649704e-06 1.00000000
16149051 149.885023148148 0.00458054162886674 1.40515243650228e-05 1.00000000
16149052 149.891956018519 0.00456805534474723 6.09066031740114e-06 1.00000000
16149053 149.913842592593 0.00452883526115227 6.30487389957704e-06 1.00000000
16149054 149.935081018519 0.00448736933178645 6.24603582390115e-06 1.00000000
16149055 149.957071759259 0.00446972239479884 6.54538251080979e-06 1.00000000
16149056 149.97806712963 0.00445400661080406 6.60247540388753e-06 1.00000000
16149057 149.999618055556 0.0044209289782937 1.58492631802792e-05 1.00000000
16150001 150.008136574074 0.410567169509055 0.0128690873421246 1.00000000
16150004 150.041516203704 0.00438405930200782 9.75444302488185e-06 1.00000000
16150010 150.105717592593 0.00370703731986762 3.35704663760245e-06 1.00000000
16150011 150.127511574074 0.00471290539203931 5.61575329167873e-06 1.00000000
16150012 150.149108796296 0.00467673910576266 5.73728035101624e-06 1.00000000
16150013 150.170671296296 0.00463100487170175 8.537699769142e-06 1.00000000
16150014 150.186319444444 0.0046122609852289 5.93237834830011e-06 1.00000000
16150015 150.208032407407 0.0045647576607076 6.38896124341143e-06 1.00000000
16150016 150.2303125 0.00452608771183567 8.45604295831863e-06 1.00000000
16150018 150.247662037037 0.00449281948073673 8.06087923426104e-06 1.00000000
16150019 150.262175925926 0.00444213934931896 6.22974089778276e-06 1.00000000
16150020 150.287939814815 0.00441868656780156 6.64278528464983e-06 1.00000000
16150021 150.310208333333 0.00438881870438647 6.86777473166674e-06 1.00000000
16150022 150.332071759259 0.00437919545969954 7.05079430935393e-06 1.00000000
16150023 150.356018518519 0.00437563977874821 7.0760407666211e-06 1.00000000
16150024 150.379502314815 0.0043462895159745 8.22699535643763e-06 1.00000000
16150042 150.632696759259 0.00485726909184488 1.40901438209422e-05 1.00000000
16150044 150.637465277778 0.00481215045044098 4.82374675213622e-06 1.00000000
16150045 150.659282407407 0.0047385225761059 5.0120851105774e-06 1.00000000
16150046 150.680752314815 0.00469354592446255 5.31391019212088e-06 1.00000000
16150047 150.702696759259 0.66017573340228 0.00601432766543798 1.00000000
16150048 150.703784722222 0.00464828713340547 5.75711717984592e-06 1.00000000
16150049 150.7253125 0.00459987532583442 6.16078116258663e-06 1.00000000
16150050 150.745717592593 0.00458358824616427 1.35290678569504e-05 1.00000000
16150052 150.754363425926 0.00452243920964628 5.97156608682776e-06 1.00000000
16150053 150.775960648148 0.00450172896784701 1.3213469609541e-05 1.00000000
16150054 150.783391203704 0.00447541835262728 6.0704404737293e-06 1.00000000
16150055 150.804814814815 0.0044397406291769 6.2753683536508e-06 1.00000000
16150056 150.826087962963 0.00441794103777127 6.46560899705484e-06 1.00000000
16150057 150.847604166667 0.00439495434948924 7.36232648698304e-06 1.00000000
16150058 150.865023148148 0.00437176844622866 9.61649773630717e-06 1.00000000
16150059 150.878645833333 0.00433723583473291 6.98865039352996e-06 1.00000000
16150060 150.899409722222 0.222000014545199 0.000837617375402834 1.00000000
16150061 150.904861111111 0.00428564441825609 1.07971668824139e-05 1.00000000
16150065 150.967777777778 0.0048129158731511 4.54991037992324e-06 1.00000000
16150066 150.99162037037 0.00474090491665571 5.1131653491954e-06 1.00000000
16151001 151.013217592593 0.00467572721383116 5.07474286134091e-06 1.00000000
16151002 151.035393518519 0.00463054396642291 5.62125261604808e-06 1.00000000
16151003 151.057372685185 0.00460594297628231 2.6731446724206e-05 1.00000000
16151004 151.05912037037 0.00459917362893339 2.74640303677783e-05 1.00000000
16151005 151.060902777778 0.00459580518281208 5.89173762446188e-06 1.00000000
16151006 151.083090277778 0.0045498588299239 1.44855575435165e-05 1.00000000
16151010 151.094548611111 0.000644778307373673 1.79174926623942e-06 1.00000000
16151021 151.300972222222 0.00474607461773367 9.96257504382705e-06 1.00000000
16151022 151.325150462963 0.00468323088908614 7.01394650356059e-06 1.00000000
16151023 151.335543981481 0.00466643174696098 7.51357457908586e-06 1.00000000
16151024 151.345763888889 0.00463846336784904 6.76458803301541e-06 1.00000000
16151025 151.359756944444 0.00460280161237514 5.67340408446622e-06 1.00000000
16151026 151.381585648148 0.00456629205560899 7.30120308234683e-06 1.00000000
16151027 151.397696759259 0.00451960475059173 5.91974982993914e-06 1.00000000
16151028 151.419328703704 0.00449282974757861 5.69278703884905e-06 1.00000000
16151029 151.443055555556 0.00444789676166589 6.04155077783042e-06 1.00000000
16151030 151.465185185185 0.00439167135579967 9.51870592151139e-06 1.00000000
16151031 151.476875 0.00437501766659732 6.34558497463427e-06 1.00000000
16151032 151.499386574074 0.00433770161372356 6.43332600327047e-06 1.00000000
16151034 151.533344907407 0.00430859327824412 7.96780166018627e-06 1.00000000
16151035 151.548842592593 0.00429904688204599 8.56334727530355e-06 1.00000000
16151041 151.627766203704 0.00480192128171921 4.74513766926169e-06 1.00000000
16151042 151.649375 0.00468801655399933 5.06608915950976e-06 1.00000000
16151043 151.670659722222 0.00463719132573583 5.83797634318497e-06 1.00000000
16151044 151.691203703704 0.00457686341694108 5.86432266817485e-06 1.00000000
16151045 151.712418981481 0.00454109424268894 5.70334026888929e-06 1.00000000
16151046 151.733900462963 0.00450589492701184 6.43697783813842e-06 1.00000000
16151047 151.753958333333 0.330428565150245 0.00946165643208392 1.00000000
16151048 151.754872685185 0.00446754221474891 5.93918562123862e-06 1.00000000
16151049 151.776122685185 0.00445321649400128 5.95315153358476e-06 1.00000000
16151050 151.797662037037 0.00440075430780393 6.70732945998455e-06 1.00000000
16151053 151.819085648148 0.00439642610892994 8.34646810578311e-06 1.00000000
16151054 151.831099537037 0.00434611303296426 3.89100394021834e-05 1.00000000
16151055 151.832372685185 0.00435008054296054 6.24518641401436e-06 1.00000000
16151056 151.854456018519 0.00432116151614768 6.26870398482144e-06 1.00000000
16151057 151.879837962963 0.00430444172261623 1.52172533565328e-05 1.00000000
16151062 151.903032407407 0.0042624523637819 8.49201791105296e-06 1.00000000
16152007 152.09 0.00483125259965479 4.68949098231719e-06 1.00000000
16152008 152.11244212963 0.00475059847428604 5.19226574613868e-06 1.00000000
16152009 152.134016203704 0.00468337989601403 5.31155160905206e-06 1.00000000
16152019 152.290451388889 0.00485225401245179 4.90412913924466e-06 1.00000000
16152020 152.312164351852 0.550308737672233 0.00434286305748973 1.00000000
16152021 152.313136574074 0.00477445459863234 5.53275320372444e-06 1.00000000
16152022 152.334861111111 0.00468326619106728 4.76330827822278e-06 1.00000000
16152023 152.361296296296 0.00462652719780445 1.35248457008876e-05 1.00000000
16152024 152.364965277778 0.00460257737413429 5.74843867410651e-06 1.00000000
16152025 152.386689814815 0.00456587996594128 5.88028309174945e-06 1.00000000
16152028 152.433217592593 0.00446371182128914 5.9916474743002e-06 1.00000000
16152029 152.454791666667 0.00442301123175316 6.0870847756662e-06 1.00000000
16152030 152.477372685185 0.00439161550833101 6.26720050029427e-06 1.00000000
16152031 152.499039351852 0.00437324142616908 6.28271398096544e-06 1.00000000
16152032 152.520706018519 0.00435018659458069 7.76862059302935e-06 1.00000000
16152033 152.537962962963 0.00433629999831105 1.14823377023135e-05 1.00000000
16152034 152.546840277778 0.00429580743196049 7.65111922246821e-06 1.00000000
16152035 152.564479166667 0.00427022355070535 7.69399192758906e-06 1.00000000
16152045 152.744351851852 0.00473279652532359 4.86087910452055e-06 1.00000000
16152046 152.765162037037 0.0045964959289815 5.04198297758077e-06 1.00000000
16152047 152.786157407407 0.00458659207530996 5.46063455435352e-06 1.00000000
16152048 152.80875 0.00459405641491621 1.28274251458421e-05 1.00000000
16152049 152.8153125 0.00459024585818623 6.07512712098191e-06 1.00000000
16152050 152.836759259259 0.00457807435398925 8.15555037204628e-06 1.00000000
16152051 152.862222222222 0.00453226767257081 8.14680049173806e-06 1.00000000
16152052 152.878553240741 0.00449280114847216 6.62363784147575e-06 1.00000000
16152053 152.899884259259 0.004444899312159 2.72873618184204e-05 1.00000000
16152054 152.902037037037 0.0044410900400097 6.66927277003793e-06 1.00000000
16152055 152.923460648148 0.00441376409988984 8.40465052611795e-06 1.00000000
16152056 152.937800925926 0.00442767163110901 3.34158910918026e-05 1.00000000
16152057 152.943900462963 0.00434352190150911 6.56216545225675e-06 1.00000000
16152058 152.9653125 0.00429858799131846 5.85450586992752e-06 1.00000000
16152059 152.994699074074 0.00427583946912402 6.84685366756781e-06 1.00000000
16153001 153.016238425926 0.00425006542893972 1.00847420694936e-05 1.00000000
16153007 153.087638888889 0.00478536359151645 4.61973309873822e-06 1.00000000
16153009 153.111469907407 0.00467813622037273 4.74925484735094e-06 1.00000000
16153010 153.133321759259 0.00461875093880035 4.48323261691862e-06 1.00000000
16153011 153.159097222222 0.00456479097502014 5.30305254024784e-06 1.00000000
16153012 153.181921296296 0.0045225048223699 8.54398142470459e-06 1.00000000
16153013 153.191469907407 0.00448441450477299 6.51777584109482e-06 1.00000000
16153014 153.207928240741 0.00445708339275842 6.50622337379419e-06 1.00000000
16153015 153.227847222222 0.004417205961742 5.85090242164135e-06 1.00000000
16153016 153.249641203704 0.00437006325436553 5.99167853936811e-06 1.00000000
16153017 153.271712962963 0.00434179769701449 2.39769054589122e-05 1.00000000
16153019 153.287800925926 0.00434324499990536 6.1465662808796e-06 1.00000000
16153020 153.309768518519 0.00432890976717815 2.34979095496064e-05 1.00000000
16153021 153.312488425926 0.00431850577682364 6.2797498615657e-06 1.00000000
16153022 153.334224537037 0.00429979464177086 7.16527185096838e-06 1.00000000
16153032 153.616319444444 0.00465977095491885 4.66235328185094e-06 1.00000000
16153033 153.640034722222 0.00464087240635493 9.54862569138895e-06 1.00000000
16153034 153.647743055556 0.00462623969750295 5.56919937796039e-06 1.00000000
16153035 153.668877314815 0.00365552600546222 3.3920090209408e-05 1.00000000
16153036 153.672152777778 0.00457990724246974 6.09057807011043e-06 1.00000000
16153037 153.688634259259 0.00454652648558593 7.1907165912868e-06 1.00000000
16153038 153.700324074074 0.999612138959952 1.14720054126695e-05 1.00000000
16153039 153.722002314815 0.00447073010243822 5.15489295629093e-06 1.00000000
16153040 153.748888888889 0.00442879071153642 5.6422909185567e-06 1.00000000
16153041 153.771342592593 0.00437524319101568 5.80489276487203e-06 1.00000000
16153042 153.792951388889 0.00434147771920088 5.92270267383222e-06 1.00000000
16153043 153.814583333333 0.00429771072037623 5.97849230901367e-06 1.00000000
16153044 153.837002314815 0.00425776273104284 6.24320992479541e-06 1.00000000
16153046 153.860520833333 0.00424670106273669 1.30798823272096e-05 1.00000000
16153047 153.871261574074 0.00423416686382425 6.4150402799963e-06 1.00000000
16153048 153.89369212963 0.00421588405724668 7.81066250102932e-06 1.00000000
16154003 154.153854166667 0.00480262317080796 5.04524681776162e-06 1.00000000
16154004 154.174212962963 0.0047097664345589 5.27395254467132e-06 1.00000000
16154005 154.192546296296 0.00464282320070637 4.96596197017745e-06 1.00000000
16154006 154.2159375 0.0045921875287213 4.92369725365036e-06 1.00000000
16154007 154.238113425926 0.00455122148222065 1.4421734197081e-05 1.00000000
16154008 154.241481481481 0.00455453568491013 6.8030612771586e-06 1.00000000
16154009 154.256875 0.00434816147864206 6.89002272520607e-06 1.00000000
16154010 154.271701388889 0.957719983254702 0.00272516586902101 1.00000000
16154011 154.275497685185 0.00436748289246219 8.13435311288578e-06 1.00000000
16154021 154.983564814815 0.828142519375453 0.002236479876771 1.00000000
16154022 154.985810185185 0.00481239949569184 4.62261087860955e-06 1.00000000
16155001 155.007685185185 0.00473297277546021 4.80615673216582e-06 1.00000000
16155002 155.029143518519 0.00467258960203246 4.72313806520101e-06 1.00000000
16155003 155.052048611111 0.00462137126019884 5.28196308666958e-06 1.00000000
16155004 155.07443287037 0.0045882747949498 6.36366549160511e-06 1.00000000
16155005 155.088738425926 0.004589304824186 2.8535970518613e-05 1.00000000
16155006 155.090069444444 0.00454214357359009 6.96082893515794e-06 1.00000000
16155007 155.108252314815 0.00449252104346898 5.75517678340239e-06 1.00000000
16155008 155.12974537037 0.00444302318374012 5.86304491159318e-06 1.00000000
16155011 155.154351851852 0.00441403809632354 9.23284188086735e-06 1.00000000
16155012 155.164664351852 0.00439276232543326 6.03049540811246e-06 1.00000000
16155013 155.187395833333 0.00440358919065651 6.2269187256993e-06 1.00000000
16155014 155.20900462963 0.00433431498981152 5.90996888842013e-06 1.00000000
16155015 155.236099537037 0.00432076061091384 6.60308049578164e-06 1.00000000
16155016 155.257465277778 0.00428540191504948 6.70685021872814e-06 1.00000000
16155017 155.279293981481 0.421840532459775 0.0161944982606812 1.00000000
16155018 155.281006944444 0.00428315423366781 2.51513571127435e-05 1.00000000
16155019 155.283159722222 0.00425769940251016 6.94222080168857e-06 1.00000000
16155028 155.6796875 0.00481541535505603 4.66332687219701e-06 1.00000000
16155029 155.70130787037 0.00476256724787872 1.12619586173768e-05 1.00000000
16155030 155.706990740741 0.00470773662384123 5.18708791486663e-06 1.00000000
16155031 155.728726851852 0.99025751189596 0.000147486665480521 1.00000000
16155032 155.749988425926 0.00459681175332647 5.55504836772537e-06 1.00000000
16155034 155.775046296296 0.00455268403416875 5.97350776568489e-06 1.00000000
16155035 155.795590277778 0.00452742217146738 1.24052648637413e-05 1.00000000
16155036 155.802789351852 0.00450886252304842 1.17088508165622e-05 1.00000000
16155037 155.810046296296 0.00447027522142662 6.00801114325667e-06 1.00000000
16155038 155.834270833333 0.00445080295681457 5.94195146123818e-06 1.00000000
16155039 155.855821759259 0.312134223522655 0.00978298325633926 1.00000000
16155040 155.85806712963 0.00442080923370222 8.31731702315563e-06 1.00000000
16155041 155.874456018519 0.0043888147545346 6.06905965965125e-06 1.00000000
16155042 155.896400462963 0.00436361995708046 6.31820954055026e-06 1.00000000
16155044 155.919155092593 0.00428346774875634 0.000112606093257014 1.00000000
16155045 155.920462962963 0.00433202085384911 1.20288813309985e-05 1.00000000
16155047 155.930127314815 0.00432251066925361 6.58970762476954e-06 1.00000000
16155048 155.95162037037 0.00432453369966163 7.46108753915536e-06 1.00000000
16156005 156.1228125 0.00483435040174081 4.77358838453567e-06 1.00000000
16156006 156.144386574074 0.00478082808501856 1.02525035736853e-05 1.00000000
16156007 156.150555555556 0.00481299359570133 4.9718788049258e-06 1.00000000
16156008 156.172581018519 0.00464851903141709 4.99845987497294e-06 1.00000000
16156009 156.194201388889 0.00461133771261118 5.57535318714727e-06 1.00000000
16156010 156.216747685185 0.949975190523381 0.00246269637790928 1.00000000
16156011 156.220729166667 0.00455955760625686 7.52139422920691e-06 1.00000000
16156012 156.235671296296 0.00453486902710141 9.93206564776896e-06 1.00000000
16156013 156.245069444444 0.00449834848719256 5.68377742304189e-06 1.00000000
16156014 156.266481481481 0.0044667475659027 5.88208940276429e-06 1.00000000
16156015 156.287951388889 0.00444155770633882 5.91203417026521e-06 1.00000000
16156017 156.311157407407 0.00440863445282129 5.99981173378559e-06 1.00000000
16156019 156.333726851852 0.00437917580434047 6.18436584474616e-06 1.00000000
16156020 156.355277777778 0.00435032838868133 6.40775609499377e-06 1.00000000
16156021 156.380405092593 0.00433470963757497 6.59041490729941e-06 1.00000000
16156022 156.402349537037 0.00433138022682514 8.55496331105135e-06 1.00000000
16156028 156.490219907407 0.00492328177523903 2.1380165878465e-05 1.00000000
16156030 156.501388888889 0.00481324230781265 1.79489687627019e-05 1.00000000
16156031 156.514652777778 0.00483501299786686 2.16061094727861e-05 1.00000000
16156032 156.524826388889 0.0047792354936213 3.15059358707826e-05 1.00000000
16156033 156.531076388889 0.00472860587871506 1.38857164366165e-05 1.00000000
16156034 156.559166666667 0.00476855594790166 8.3244377183903e-05 1.00000000
16156043 156.70380787037 0.00476282672453398 5.04868017463179e-06 1.00000000
16156045 156.72412037037 0.00469182115012896 8.25019704905526e-06 1.00000000
16156048 156.764756944444 0.00459103457484736 5.01862929298487e-06 1.00000000
16156049 156.786481481481 0.00455596404817083 5.57685348838442e-06 1.00000000
16156050 156.808576388889 0.00450666423932097 6.53428565469008e-06 1.00000000
16156051 156.827685185185 0.0044466248293022 5.79532692237295e-06 1.00000000
16156052 156.849583333333 0.00441329388953971 5.98221262734241e-06 1.00000000
16156053 156.871157407407 0.00436607456752199 5.94715030443932e-06 1.00000000
16156054 156.893217592593 0.00434721857135025 6.19768415185412e-06 1.00000000
16156055 156.914722222222 0.00429684457390644 2.95807804975928e-05 1.00000000
16156056 156.919652777778 0.00432292261882274 5.54567480591146e-06 1.00000000
16156057 156.951018518519 0.00430364237122951 6.60456725560127e-06 1.00000000
16156059 156.973344907407 0.00429001133775123 1.24317656558353e-05 1.00000000
16157004 157.072962962963 0.00480265476797526 4.64330378485967e-06 1.00000000
16157005 157.09474537037 0.00469417247674182 4.81163631107365e-06 1.00000000
16157006 157.116296296296 0.00464202469687558 4.87726938949624e-06 1.00000000
16157007 157.137939814815 0.00459856085630898 6.5893046606657e-06 1.00000000
16157010 157.155844907407 0.00457215181809155 3.75717100880023e-05 1.00000000
16157011 157.157685185185 0.00453391643021345 3.47372610419203e-05 1.00000000
16157013 157.162164351852 0.00455377714935552 5.42665777312613e-06 1.00000000
16157015 157.185439814815 0.00448378970839699 1.05104812379654e-05 1.00000000
16157016 157.193819444444 0.00449252570606715 7.37061156721521e-06 1.00000000
16157017 157.209282407407 0.00446364614619055 1.04643419764163e-05 1.00000000
16157018 157.216412037037 0.00444736988240346 6.96920702065835e-06 1.00000000
16157019 157.231655092593 0.00444552435235165 8.63043646806491e-06 1.00000000
16157020 157.245092592593 0.00441618212155666 5.95484069004633e-06 1.00000000
16157021 157.267233796296 0.00436164715886776 6.20190214533812e-06 1.00000000
16157022 157.28875 0.00436524956988796 3.01246287265813e-05 1.00000000
16157024 157.297592592593 0.00434161013115678 6.58553554552295e-06 1.00000000
16157025 157.324178240741 0.00428537168537241 6.84113062362491e-06 1.00000000
16157026 157.3459375 0.00427099154730856 6.97483439469212e-06 1.00000000
16157027 157.3678125 0.00425428382662012 1.17424520452054e-05 1.00000000
16157034 157.4365625 0.00480139386917443 1.79565634088781e-05 1.00000000
16157035 157.439467592593 0.00474696344748736 5.12767492460259e-06 1.00000000
16157036 157.458113425926 0.00466231039237197 4.86480855280783e-06 1.00000000
16157037 157.479722222222 0.00459228294707957 4.94542177741671e-06 1.00000000
16157038 157.501365740741 0.00454153381273457 4.95894936358153e-06 1.00000000
16157039 157.523993055556 0.00450391142367194 5.27718334840036e-06 1.00000000
16157040 157.550150462963 0.00446345637459824 6.16018549454044e-06 1.00000000
16157042 157.586134259259 0.00441993154816189 6.1830611739045e-06 1.00000000
16157043 157.607731481481 0.00439214143331501 6.25466610811065e-06 1.00000000
16157044 157.629560185185 0.00434670908316034 7.04382447065254e-06 1.00000000
16157045 157.652222222222 0.00431577268752557 6.7407103070566e-06 1.00000000
16157046 157.675208333333 0.00429238767231635 7.2494651260921e-06 1.00000000
16157047 157.694965277778 0.00426716443552996 0.0060346801152273 1.00000000
16157048 157.699710648148 0.00425091149142747 8.76822092725357e-05 1.00000000
16157049 157.701388888889 0.00425267154507992 1.28086971717454e-05 1.00000000
16157050 157.708136574074 0.00425666609509493 1.85742878113346e-05 1.00000000
16157059 157.812291666667 0.00482900069383795 5.41576459371794e-06 1.00000000
16157062 157.833900462963 0.00470649808797268 4.80399072670538e-06 1.00000000
16157063 157.855405092593 0.00464530707925218 4.83065174358607e-06 1.00000000
16157064 157.877199074074 0.00458767371241428 4.95731205015586e-06 1.00000000
16157065 157.898888888889 0.00456259363277285 5.50921641504863e-06 1.00000000
16157066 157.92056712963 0.00452382730593581 1.17121640044232e-05 1.00000000
16157067 157.930289351852 0.00452236031047663 2.07818598048031e-05 1.00000000
16157068 157.937615740741 0.00449572947656619 5.69905617572626e-06 1.00000000
16157069 157.959328703704 0.00445405497125387 8.61776951610719e-06 1.00000000
16157071 157.98 0.00438124257207218 6.68777319409986e-05 1.00000000
16157072 157.985706018519 0.00439076435783542 1.02945878739169e-05 1.00000000
16157073 157.997349537037 0.00437613069676718 6.07390523619195e-06 1.00000000
16158001 158.019930555556 0.00436022409606101 8.16045154020995e-06 1.00000000
16158002 158.03412037037 0.00433622176574101 8.68621741469424e-06 1.00000000
16158003 158.047893518519 0.00432692140763443 1.91131527081884e-05 1.00000000
16158004 158.052581018519 0.00433448480517469 1.495677923728e-05 1.00000000
16158005 158.058564814815 0.004313858023352 6.44734311389081e-06 1.00000000
16158006 158.08224537037 0.00430329188782347 9.76341689414249e-06 1.00000000
16158015 158.219386574074 0.00489102291922933 1.12009753133956e-05 1.00000000
16158016 158.225590277778 0.00480903742072822 4.95576714816098e-06 1.00000000
16158017 158.245381944444 0.00468682270184568 4.85227994255861e-06 1.00000000
16158018 158.266851851852 0.00462561261339803 4.65568622120907e-06 1.00000000
16158019 158.290810185185 0.00457451303578793 4.97571869779782e-06 1.00000000
16158020 158.313414351852 0.00453442329587752 5.53343969619885e-06 1.00000000
16158021 158.334421296296 0.905169869563185 0.00201535069142798 1.00000000
16158022 158.337037037037 0.004483958344119 1.64553390777003e-05 1.00000000
16158023 158.341574074074 0.00446994547043772 5.61163143240635e-06 1.00000000
16158024 158.362986111111 0.00443894044617068 6.09894896232412e-06 1.00000000
16158025 158.385115740741 0.00442114245136033 1.35155874872342e-05 1.00000000
16158026 158.391331018519 0.00434458859867421 4.88765184730301e-05 1.00000000
16158027 158.392465277778 0.0043885176958267 9.99775628622321e-06 1.00000000
16158028 158.401145833333 0.00440158066059395 1.20275648526869e-05 1.00000000
16158029 158.410532407407 0.00437809322704797 1.04104302669121e-05 1.00000000
16158030 158.418055555556 0.00434914962232769 6.09135212050001e-06 1.00000000
16158031 158.439814814815 0.00432649463237333 6.29933400397443e-06 1.00000000
16158032 158.474259259259 0.00431302980889969 1.87595025849094e-05 1.00000000
16158033 158.478009259259 0.00424565122137216 6.81991316447329e-06 1.00000000
16158034 158.499965277778 0.00425056702459362 1.93743630645568e-05 1.00000000
16158039 158.569699074074 0.626353613399379 0.00394569477023474 1.00000000
16158042 158.57337962963 0.00465995233610353 1.01896613699572e-05 1.00000000
16158043 158.578321759259 0.00461771475816752 1.50882987563365e-05 1.00000000
16158044 158.585289351852 0.00460186577544296 1.99188934808842e-05 1.00000000
16158045 158.588171296296 0.00460968462325573 6.04529333533641e-06 1.00000000
16158046 158.60099537037 0.00455119993924589 7.29048526063356e-06 1.00000000
16158047 158.610405092593 0.00450807353000915 5.01073113460154e-06 1.00000000
16158048 158.630439814815 0.00449129810512191 5.29546107414309e-06 1.00000000
16158049 158.652395833333 0.00444923716442386 5.45406746919492e-06 1.00000000
16158051 158.675162037037 0.00440924926385949 6.75791250246221e-06 1.00000000
16158052 158.692048611111 0.00436857381625343 6.73968315034211e-06 1.00000000
16158060 158.821076388889 0.00434383512113158 4.31265756158426e-06 1.00000000
16158062 158.868587962963 0.00461868057123455 5.53962570473622e-06 1.00000000
16158064 158.891030092593 0.00456138038882593 5.59265009760923e-06 1.00000000
16158066 158.917071759259 0.0045288032875568 5.73582825421169e-06 1.00000000
16158069 158.959097222222 0.00443153530271474 5.94091520668573e-06 1.00000000
16158070 158.980671296296 0.0044101009177619 6.04082315006946e-06 1.00000000
16159002 159.004386574074 0.00439313842298784 6.18855779516426e-06 1.00000000
16159003 159.025902777778 0.00435794944944383 6.35392528239346e-06 1.00000000
16159004 159.047476851852 0.00434786344515134 8.53820278646462e-06 1.00000000
16159009 159.126006944444 0.00490919998598019 3.54238872549568e-05 1.00000000
16159010 159.128310185185 0.00484178456866657 5.11894870991797e-06 1.00000000
16159011 159.146944444444 0.00475123956397434 4.72353150661371e-06 1.00000000
16159012 159.168888888889 0.00468400953661503 4.89656489092275e-06 1.00000000
16159013 159.19037037037 0.00461764863220865 4.72050183804428e-06 1.00000000
16159014 159.214363425926 0.00457887709234476 5.52987310969286e-06 1.00000000
16159015 159.235763888889 0.00452708135520784 1.04488179443884e-05 1.00000000
16159017 159.25130787037 0.00449790175065369 5.8422784006581e-06 1.00000000
16159018 159.272523148148 0.00446355687273874 5.53674279011078e-06 1.00000000
16159019 159.298657407407 0.274661585805242 0.00983504577787557 1.00000000
16159020 159.299930555556 0.00439600675193593 7.20850367849526e-06 1.00000000
16159023 159.323287037037 0.00431428761471848 6.97107914835496e-06 1.00000000
16159024 159.345266203704 0.00429770099804106 1.05240564639884e-05 1.00000000
