16127047 127.8553125 2.42037401605397 3.17043602121786e-05 753.67266846
16127048 127.881018518519 3.17885382666513 0.000527719217055773 765.74005127
16127049 127.896261574074 3.41622623653712 0.000222062040794737 695.11358643
16127052 127.939178240741 2.35292300638485 6.65935906647081e-05 534.35577393
16127053 127.960590277778 2.30036745031916 6.23624625655565e-05 429.53921509
16127054 127.978402777778 2.27778524466291 0.000248395808930279 380.34194946
16127055 127.982974537037 2.28994636623646 4.61027417200471e-05 370.97076416
16128001 128.006435185185 2.28492774124629 4.99813679934225e-05 367.94650269
16128002 128.030810185185 2.29365923831718 4.60589602236736e-05 354.45681763
16128003 128.052395833333 2.26237241653559 5.23969564496215e-05 346.35525513
16128005 128.124953703704 2.553160480143 0.000454514842805135 1156.81872559
16128006 128.126724537037 2.53441989412906 0.000418378329692891 1121.23095703
16128007 128.127928240741 2.50524352633837 4.68259323439718e-05 1097.09313965
16128008 128.154849537037 23.9004783600908 0.00115134042968158 920.15997314
16128009 128.168078703704 2.65199627797878 7.94418017525047e-05 843.33691406
16128010 128.181342592593 2.68595395876455 9.8268343053809e-05 736.08599854
16128011 128.202939814815 2.70682315743753 8.80384040031027e-05 636.34436035
16128012 128.224537037037 2.76623267112525 8.65482259395195e-05 540.94598389
16128013 128.246296296296 2.37991501277505 0.00187519927061664 427.39117432
16128014 128.2490625 2.44980842254177 0.00044074373911312 429.61334229
16128015 128.263414351852 2.37068920158732 5.75522052347857e-05 394.08239746
16128016 128.286180555556 2.39748261234025 7.48727643165537e-05 388.76174927
16128020 128.310694444444 2.37635504042137 0.000147336399822968 356.37258911
16128021 128.314305555556 2.33228443196912 4.82586055952434e-05 353.64642334
16128022 128.337175925926 2.31491996276007 4.93619102398133e-05 325.24111938
16128028 128.439525462963 2.39556339132354 6.18573671260696e-05 1134.69250488
16128029 128.454548611111 2.41597714719801 5.64716020649973e-05 1061.27331543
16128030 128.46568287037 2.40220636993616 5.16220756739805e-05 1019.26428223
16128031 128.485844907407 2.41251289790922 0.00116611230478407 958.22351074
16128032 128.490081018519 2.4011119288675 0.000188856013339801 944.83941650
16128034 128.498078703704 2.39503296220608 8.70928623490553e-05 900.66406250
16128035 128.508159722222 2.35578218421613 0.000108305833590583 857.88146973
16128036 128.517476851852 2.35126942981211 4.25535919727867e-05 837.14764404
16128037 128.539363425926 2.31930813489093 4.39976874199257e-05 759.39617920
16128038 128.562638888889 2.3055888185909 0.000117342165994196 724.39349365
16128039 128.56787037037 2.31471716847555 4.37860297201358e-05 686.70843506
16128040 128.588344907407 2.30914072014232 4.26556420143173e-05 2667.22607422
16128041 128.60962962963 2.30208212980912 4.8701960731695e-05 2528.70507812
16128042 128.630775462963 2.23556720245594 0.000218867917439795 2350.11962891
16128043 128.636030092593 2.31851880973106 4.55636443400618e-05 2324.81689453
16128044 128.657511574074 2.32138225548825 0.000124550615068876 2292.01879883
16128047 128.718344907407 2.71366009682272 8.10948806342272e-05 3944.60888672
16128048 128.739837962963 2.61259136256082 7.03793434482606e-05 4453.35888672
16128049 128.761284722222 2.60040722985868 7.70912568900504e-05 4016.71289062
16128050 128.782673611111 2.56748184708898 5.01946710894849e-05 3414.50537109
16128051 128.804293981481 2.56946206642944 9.85082286091173e-05 3108.45068359
16128052 128.825833333333 2.55305625690785 0.000117500282471646 2810.44555664
16128053 128.838981481481 2.57037031812211 0.000659942480109931 2617.32885742
16128054 128.844398148148 2.58554569012654 8.58022140441728e-05 2649.56909180
16128055 128.856574074074 2.59204750168079 4.30749385994809e-05 2446.99267578
16128056 128.880335648148 2.83855014092938 0.00948897201101673 2241.51147461
16128057 128.884652777778 2.50413416933664 6.18449998138341e-05 2242.71337891
16128058 128.897106481481 2.45782524891551 4.31312334344603e-05 2130.23486328
16128059 128.919050925926 2.27274965373276 4.13443525661452e-05 1974.51672363
16128060 128.939780092593 2.10333674769582 3.80411082011851e-05 8353.47070312
16128061 128.9603125 2.14046882133627 0.000323057093986963 2346.50415039
16128062 128.963541666667 2.11467544334442 0.000122411383353913 2346.50415039
16128064 128.971203703704 2.11727471794574 3.73999160374675e-05 2346.50415039
16128065 128.993796296296 2.13641045424083 4.42679663313304e-05 2046.47106934
16129001 129.063159722222 2.50871877498147 3.95433797762555e-05 5243.40820312
16129002 129.088032407407 2.4850211029815 3.97406905445945e-05 4915.07226562
16129003 129.110914351852 2.4883579858825 7.85112831191669e-05 4756.62939453
16129004 129.132569444444 2.47365571857012 8.78900790062644e-05 4440.98095703
16129005 129.154571759259 2.4683033821705 8.35436952587405e-05 4077.67602539
16129006 129.176840277778 2.44933541035266 7.25616255067169e-05 3710.96728516
16129007 129.197858796296 2.45187896197572 6.67688617859938e-05 3294.43554688
16129008 129.220636574074 2.47586194551842 5.02052575177326e-05 3060.48437500
16129009 129.244826388889 2.4356645552752 4.57904471199183e-05 2845.99365234
16129010 129.267083333333 2.41255623122253 4.56176489326814e-05 2679.10498047
16129011 129.289444444444 2.44110011990421 4.65069081079669e-05 2564.78955078
16129012 129.311041666667 2.44383433961835 0.000624236802657825 2521.43286133
16129013 129.317638888889 2.45193768110487 8.10187947693689e-05 2351.92773438
16129014 129.326284722222 2.45899162511841 5.76235897561993e-05 2296.53198242
16129015 129.342534722222 2.46454464555409 0.000418962027853629 2211.48144531
16129016 129.344895833333 2.49298047102159 0.000259571278590493 2231.59887695
16129017 129.347696759259 2.48961988319533 0.000202179263129916 2222.89013672
16129018 129.350648148148 2.52046556932575 0.00023841433537995 2185.37524414
16129019 129.353229166667 2.51982766772701 0.00084706330214973 2212.98217773
16129022 129.415891203704 2.61795424121115 4.8117233504313e-05 5326.03417969
16129023 129.439918981481 2.61824270084882 5.61315204590607e-05 4675.55078125
16129025 129.462280092593 2.65826018165364 0.000139795700063388 4116.66796875
16129029 129.499409722222 2.45628120459818 6.22955487033529e-05 3341.47314453
16129030 129.520740740741 2.48041430271302 5.5774302111298e-05 3222.64086914
16129031 129.541909722222 2.45810820445919 5.58977565426447e-05 2904.64477539
16129032 129.562546296296 2.46431384988645 4.91395241306525e-05 2744.08471680
16129033 129.584525462963 2.42784339577429 4.36404129143172e-05 2619.45678711
16129034 129.605949074074 2.4223484326177 4.28923987609383e-05 2451.52661133
16129035 129.627418981481 2.41971400151044 4.27423563674378e-05 2306.16162109
16129036 129.648935185185 2.40855030571131 6.15614785948877e-05 2158.98779297
16129037 129.690659722222 2.3827510939682 4.16204269849286e-05 1995.70153809
16129038 129.7121875 2.38234588425616 4.28320746101547e-05 1915.49536133
16129039 129.733680555556 2.38903887116996 4.5700572857134e-05 1827.71240234
16129043 129.809664351852 2.45709024981377 5.03933476442773e-05 5738.23339844
16129044 129.828958333333 2.42832554332624 3.76021328554484e-05 5328.19970703
16129045 129.850393518519 2.46191283533706 5.03947280748026e-05 5096.41503906
16129046 129.871886574074 2.50291334975977 7.78727174138086e-05 4661.93457031
16129047 129.893587962963 2.48372782889678 8.85139586969663e-05 4253.44873047
16129048 129.915081018519 2.46470241916568 7.16028534802757e-05 3838.46435547
16129049 129.938344907407 2.43114872282855 5.38177455725653e-05 3468.66040039
16129050 129.959826388889 2.43496638785177 5.16775691942369e-05 3225.11669922
16129051 129.98193287037 2.40133645249026 4.90295846830842e-05 3043.15087891
16130001 130.003831018519 2.39460725582393 4.37817338528325e-05 2820.85961914
16130002 130.025358796296 2.39063352127143 4.21448440018432e-05 2644.39599609
16130003 130.04712962963 2.36391119108178 4.57608643955745e-05 2535.37280273
16130004 130.066944444444 2.38113712724549 4.53174431572234e-05 2402.29248047
16130005 130.088668981481 2.4427188772526 5.64532904240882e-05 2311.27880859
16130012 130.341747685185 12.6035035712074 0.000545291045873291 4553.31494141
16130015 130.350231481481 2.15493684039299 0.00237686806228036 4302.65283203
16130016 130.353287037037 2.5832884870886 0.000153725928025692 4262.11376953
16130017 130.357002314815 2.60825628572192 0.000115746294486919 4194.96093750
16130032 130.697534722222 2.48034897756053 0.000254514102595779 4797.47753906
16130033 130.698854166667 2.48999906702913 3.5831793570983e-05 4697.21289062
16130034 130.719467592593 2.47793514876939 8.63315310496279e-05 4207.03027344
16130035 130.740914351852 2.46287334422539 8.67611184452697e-05 3968.74682617
16130036 130.762465277778 2.57053981663571 0.00127725280808589 3681.25927734
16130037 130.764305555556 2.45211548360144 0.00116580681874463 3656.50244141
16130038 130.767789351852 2.42845746517389 5.38587012111011e-05 3648.76586914
16130039 130.78931712963 2.40657297955017 0.000750327389662398 3435.85815430
16130040 130.79318287037 2.37151526670664 4.5663016319963e-05 3346.42431641
16130041 130.8146875 2.38661380971578 0.000697967523365908 3146.82348633
16130043 130.826840277778 2.44570153971008 0.000693791997237908 3074.10058594
16130044 130.829594907407 2.3772203933764 4.11015210820506e-05 3045.31616211
16130045 130.850810185185 2.34726485180358 4.73258863466609e-05 2929.25561523
16130046 130.868229166667 2.36591004318775 4.26681828816706e-05 2800.64843750
16130047 130.889351851852 2.3354406738652 6.59599967105302e-05 2679.40966797
16130048 130.905405092593 2.35176890845384 4.02732868090626e-05 2534.16040039
16130049 130.926944444444 2.36001511600511 3.9754707886425e-05 2435.81176758
16130051 130.951134259259 2.34458830120157 4.41511891892641e-05 2319.39721680
16130052 130.972569444444 2.34999997072365 3.63155432598803e-05 2174.57788086
16130053 130.999918981481 2.36748087086596 0.000235992242430891 2019.88354492
16131004 131.068298611111 2.54727968700186 4.22779380950087e-05 5310.87011719
16131005 131.089918981481 2.51607740372095 9.03574003866819e-05 4686.38183594
16131006 131.111736111111 2.5101507146956 5.9855006251302e-05 4549.91064453
16131007 131.133518518519 2.52483637150214 8.20004715602857e-05 4298.32031250
16131008 131.155092592593 2.49213762016653 0.000113936058583273 4137.71142578
16131009 131.1771875 2.45398588153055 6.47841184934914e-05 3689.92407227
16131010 131.20212962963 2.48187342139408 5.47019713458569e-05 3332.18969727
16131011 131.223726851852 2.46370387280415 4.55961578857085e-05 3030.45996094
16131012 131.24556712963 2.42217393832316 4.42674803301917e-05 2862.25366211
16131013 131.269479166667 2.41758213436457 4.31941481586552e-05 2631.61962891
16131014 131.291365740741 2.41092162872894 4.20050685912106e-05 2484.19018555
16131026 131.608009259259 2.23746440137272 0.00136184240593926 5101.36621094
16131028 131.645891203704 2.55469340450968 0.000112770569591383 4421.17578125
16131029 131.661666666667 2.51035997908543 0.000178832196195819 4099.95751953
16131030 131.666412037037 2.50351804378772 6.78798132636822e-05 4091.29223633
16131032 131.682152777778 2.5216668496394 9.15712554824002e-05 4783.24267578
16131034 131.68849537037 2.51694488333184 0.0001749140535682 3791.42675781
16131036 131.693460648148 2.49307879409576 0.000215652301621265 3729.53466797
16131037 131.695335648148 2.50911159979604 0.000100593718324745 3627.72265625
16131039 131.704305555556 2.50148042235295 5.15367075339644e-05 3643.81445312
16131040 131.725902777778 2.53547521229696 0.000190155087771141 3311.14599609
16131041 131.729560185185 2.4604171005733 3.98177148328248e-05 3285.77099609
16131042 131.75375 2.43956277335128 4.02976302720205e-05 3036.64672852
16131043 131.775104166667 2.44176203034404 3.83782585144606e-05 2826.06787109
16131044 131.796666666667 2.41909002132503 4.13738542035893e-05 2692.52294922
16131045 131.818101851852 13.4646187127575 0.000508596123402015 2514.46533203
16131046 131.823020833333 2.43377677906077 0.000111215109803972 2505.07690430
16131047 131.830520833333 2.46030111445797 3.85095687778939e-05 2461.80590820
16131048 131.852013888889 2.46610163742535 0.000239451540420505 2321.20361328
16131049 131.854930555556 2.44404148794039 4.04752904384722e-05 2282.09228516
16131050 131.87630787037 2.45490989842972 4.47431122622761e-05 2226.79370117
16131054 131.959074074074 2.57527624058697 6.58295298018153e-05 5313.34570312
16131055 131.984259259259 2.69547255893429 0.000249881408400514 4772.41113281
16132001 132.016585648148 2.63340826766527 0.000135238283162483 4037.13720703
16132002 132.039814814815 2.65280851140888 0.000129647089817402 3565.21166992
16132003 132.061770833333 2.60449871958504 0.000107327550074 3243.68408203
16132021 132.432164351852 2.4852855347508 3.88775722641367e-05 5994.46533203
16132022 132.45255787037 2.53596393985562 7.94335370133163e-05 5756.80078125
16132023 132.466956018519 2.56244985369762 9.93542121411848e-05 4765.60302734
16132024 132.488923611111 2.53740557742928 9.3695969926715e-05 4439.74316406
16132025 132.513587962963 2.40593637894897 4.5934922328461e-05 4138.02050781
16132026 132.536168981481 2.49891405376408 5.89085214443074e-05 3696.42260742
16132027 132.559803240741 2.48440993420226 4.7976106582018e-05 3190.14794922
16132028 132.584016203704 2.06936096164251 7.40046856091058e-05 2819.94018555
16132029 132.604131944444 2.47932476819397 7.83645910838321e-05 2553.56542969
16132030 132.622361111111 2.42838554238466 4.02169342951629e-05 2497.81030273
16132032 132.645925925926 2.41642701466388 4.38895685460522e-05 2259.84228516
16132033 132.667766203704 2.42099861075024 9.71758766513024e-05 2120.65258789
16132046 132.834699074074 2.60030407705112 7.57571181542415e-05 5788.36523438
16132047 132.861134259259 2.63335250543976 8.58310330620296e-05 5161.40136719
16132048 132.877951388889 2.59872192510934 8.33167420878714e-05 4695.04687500
16132049 132.885798611111 2.53387586924922 6.67163949392582e-05 4594.78222656
16132050 132.907569444444 2.50179948786185 5.0786873096348e-05 4213.83837891
16132051 132.930081018519 2.48867730815017 4.54274981781216e-05 3745.93603516
16132052 132.951782407407 2.48142798196537 8.98372085759276e-05 3602.03784180
16132053 132.961423611111 2.4909208848737 4.36825313833271e-05 3399.03247070
16132054 132.983287037037 2.47879700825322 4.29014197435742e-05 3151.77490234
16133001 133.005173611111 2.4517846111615 3.85288881035302e-05 2951.12158203
16133002 133.032569444444 2.46899566573382 4.2924223940564e-05 2722.10498047
16133003 133.054328703704 2.47046493042286 4.12642153350539e-05 2575.41113281
16133004 133.076296296296 2.47267737439801 4.26554719471452e-05 2435.50927734
16133005 133.098043981481 2.45780180679384 8.98906923366636e-05 2290.51464844
16133006 133.107592592593 2.49561366247651 4.12446802419246e-05 2206.67871094
16133007 133.129178240741 2.46958739312441 4.26063963675612e-05 2070.38525391
16133008 133.150960648148 2.48081464205909 4.23123789994887e-05 1989.43457031
16133009 133.172615740741 2.46324618460355 4.2489077135901e-05 1862.50317383
16133010 133.194502314815 2.42278758323821 4.41984793474449e-05 1745.44653320
16133011 133.216122685185 2.45637365360987 4.38044730117734e-05 1695.03161621
16133012 133.23787037037 2.45455952316 0.000166863619602866 1587.86157227
16133013 133.244166666667 2.44208872683549 4.83242457913622e-05 1605.90393066
16133014 133.265983796296 2.44977269512589 8.31270546595377e-05 1464.41113281
16133085 133.816550925926 2.68821752476853 6.6052814469744e-05 5654.67871094
16133086 133.842673611111 2.6458964060074 3.85044653046685e-05 4988.41406250
16133087 133.868865740741 2.50306531600028 6.17467337448818e-05 4426.43652344
16133088 133.890659722222 2.47149368601285 5.45862044321929e-05 4126.87988281
16133089 133.912939814815 2.46027121099644 4.81599103122667e-05 3788.95117188
16133090 133.935590277778 2.46579865658757 0.000143926456097103 3558.40380859
16133091 133.940462962963 2.46695366260422 4.52942630263727e-05 3378.29882812
16133092 133.963553240741 2.46413121923509 4.36333516854913e-05 3124.23291016
16133093 133.985833333333 2.45519633141497 4.12675382931039e-05 3033.55322266
16134001 134.007627314815 2.42850786855639 4.06266616740933e-05 2836.48876953
16134002 134.029340277778 2.440033727123 4.28673403779979e-05 2645.91748047
16134003 134.051215277778 2.42093596538915 4.95001177327258e-05 2574.80419922
16134004 134.06931712963 2.45823650345544 4.24064364377127e-05 2386.60180664
16134005 134.0909375 2.37991741763186 5.32416167730401e-05 2298.93896484
16134010 134.211747685185 2.40815049986718 3.35689367513149e-05 4666.26708984
16134013 134.248310185185 2.45342563817875 8.02385612953565e-05 4264.27978516
16134014 134.26994212963 2.35790309090288 6.25269663186729e-05 3950.79809570
16134015 134.293657407407 2.33497547293867 5.22562467264724e-05 3804.73291016
16134016 134.315590277778 2.3154874729071 6.22052125457072e-05 3529.93359375
16134017 134.334259259259 2.30613895780364 4.68817242549874e-05 3330.64208984
16134018 134.358738425926 2.27962702000544 4.74326796075293e-05 3059.54711914
16134019 134.381273148148 2.26812258602328 4.53528105713869e-05 2868.69946289
16134028 134.430810185185 2.24123671971377 3.9685347332512e-05 2482.37451172
16134029 134.461527777778 2.23822484832648 4.5084218514733e-05 2264.05053711
16134030 134.483541666667 2.21637664846388 5.14216319980874e-05 2115.86230469
16134042 134.736979166667 2.49873827562852 0.000150573609032585 4803.97607422
16134043 134.740729166667 2.29588928912312 4.5158613677511e-05 4801.19091797
16134044 134.755844907407 2.25970187358708 0.000315966256450392 4627.27490234
16134045 134.777905092593 2.26874767523656 5.10190908776823e-05 4361.45019531
16134046 134.80025462963 2.25468457132897 4.90891326418764e-05 3941.51416016
16134047 134.823969907407 2.26551059399029 4.97821517916483e-05 3708.80126953
16134048 134.845763888889 2.24729541903689 8.63857662171642e-05 3507.65283203
16134049 134.865393518519 144.218905892057 2.52049301674179 3262.25170898
16134050 134.867627314815 0.0233829457853485 0.000405277550575341
3263.79882812
16134051 134.869768518519 38.1786814714801 0.667316892158842 3257.30029297
16134052 134.873287037037 146.60933563327 2.58040163401275 3206.85864258
16134053 134.874733796296 2.24202628514221 8.1343875342372e-05 3220.47485352
16134054 134.879560185185 2.22495089507472 4.70482998879506e-05 3196.33691406
16134055 134.901863425926 2.24495345184339 4.81555301818426e-05 2898.80371094
16134056 134.923460648148 2.22499448644053 7.81830043501184e-05 2759.05419922
16135001 135.001261574074 2.29693267261404 4.04841028283046e-05 5430.32128906
16135002 135.022766203704 2.27445038843242 4.27695174058378e-05 4840.49218750
16135003 135.044178240741 2.29747555807933 5.50581310624937e-05 4538.15136719
16135004 135.065775462963 2.2941329664759 5.60533734816551e-05 4287.79833984
16135005 135.087488425926 2.24003489671289 4.55124824409587e-05 3937.18164062
16135006 135.109155092593 2.24407280001567 5.25611059528216e-05 3591.82568359
16135007 135.129236111111 2.24827439223594 4.65357397467005e-05 3354.16088867
16135008 135.151724537037 2.24770567837067 5.09875833772579e-05 3172.19921875
16135009 135.173587962963 2.22554327680873 4.50853884534589e-05 2992.14135742
16135010 135.195358796296 2.25045366147387 4.61155895995188e-05 2838.02148438
16135011 135.219108796296 2.21671027365366 4.33040282249205e-05 2723.32568359
16135012 135.243993055556 2.21336409063482 8.07259142581859e-05 2565.09326172
16135013 135.25494212963 2.20125572308233 5.19104678305772e-05 2416.17895508
16135014 135.27724537037 2.20216060203086 6.73510518584961e-05 2353.43457031
16135024 135.524131944444 2.27519416046003 4.68959423593386e-05 5094.24902344
16135025 135.544155092593 2.28110731536968 5.2824269678056e-05 4615.51611328
16135026 135.557361111111 2.29525833991379 0.000121387990359608 4323.38623047
16135031 135.576863425926 2.2935638931391 0.000118459067643856 4160.92089844
16135032 135.582696759259 2.28492582735024 5.67699312601201e-05 4017.64086914
16135033 135.604375 2.25712263071621 4.96944208424654e-05 3739.12792969
16135034 135.626041666667 2.24007271797645 6.19145036584543e-05 3419.76635742
16135035 135.643599537037 2.24824847745013 5.24384320196749e-05 3221.40307617
16135036 135.665856481481 2.24062020242715 5.02891314421464e-05 3050.26708984
16135037 135.686782407407 2.2317809953265 4.82279575081375e-05 2896.34448242
16135038 135.708611111111 2.22114995175781 4.7186783465395e-05 2728.51416016
16135039 135.730300925926 2.21046632193738 4.52368332338242e-05 2652.00366211
16135040 135.752881944444 2.21190715734872 5.86435640923057e-05 2490.24267578
16135041 135.769340277778 2.20145570116972 4.93740993821368e-05 2377.55297852
16135042 135.791412037037 2.16031215122771 0.000198280807504033 2169.48046875
16135043 135.796979166667 2.1905591594497 5.44480338955732e-05 2205.47827148
16135047 135.899548611111 2.29877009148542 0.000347306210473408 4839.87402344
16135048 135.900659722222 2.27383097473553 3.46368630997058e-05 4778.29101562
16135049 135.923599537037 2.27142347606107 8.96051238077072e-05 4269.85009766
16135050 135.93625 2.27094585601599 7.33676177125345e-05 4206.41113281
16135051 135.943368055556 2.2902733370586 0.00020768509491172 4044.56372070
16135053 135.945613425926 2.30464682829625 5.98486530627843e-05 4030.01953125
16135054 135.953796296296 2.32845624177799 9.79108621659768e-05 4009.28588867
16135055 135.960416666667 2.30239539930246 9.24507865891543e-05 3971.53173828
16135056 135.964618055556 2.30034257162304 3.86193024136921e-05 3858.57861328
16135057 135.985648148148 2.27382411542396 0.000158824992597406 3541.38378906
16135061 135.990497685185 2.27661090311873 3.96429474077834e-05 3556.54736328
16136001 136.012106481481 2.25144352966229 4.54801539179895e-05 3314.55029297
16136002 136.029398148148 2.24824157768695 3.76332379527434e-05 3174.67456055
16136003 136.050972222222 2.23069257308569 3.77544272436349e-05 3020.25512695
16136004 136.072615740741 2.23003674144507 5.20992302795408e-05 2801.87280273
16136011 136.207268518519 2.28038476459766 3.96854223071414e-05 5382.66503906
16136013 136.231759259259 2.30609620151513 4.36079481000065e-05 4794.69238281
16136014 136.253472222222 2.28501316651371 3.97459194703968e-05 4384.65917969
16136015 136.275081018519 2.25776681259619 7.82273042757362e-05 4178.55957031
16136016 136.284085648148 2.24698801633953 3.63475108402316e-05 4068.70190430
16136017 136.305949074074 2.23727660323602 3.3837707091351e-05 3791.11718750
16136018 136.334421296296 2.19339546102332 0.000188898185053455 5608.26025391
16136019 136.336203703704 2.22420176116741 3.73465269611191e-05 1867.26525879
16136020 136.35818287037 2.22536381044164 3.68223441180506e-05 1680.21545410
16136021 136.380648148148 2.2131912690477 3.56400025370913e-05 1444.65209961
16136022 136.406145833333 2.1924948458498 3.52684267637758e-05 1328.90551758
16136023 136.431990740741 2.17608538555305 3.76606319590367e-05 1386.59899902
16136024 136.458229166667 2.1815567102037 4.08370863353577e-05 1278.62231445
16136025 136.480266203704 2.18299962236249 4.796661401329e-05 1172.04882812
16136035 136.618043981481 2.24414676894306 4.49400806055581e-05 5559.98437500
16136036 136.634965277778 2.24860511178298 5.14243557106006e-05 4817.28271484
16136037 136.659884259259 2.161189741046 0.000270212354274385 4324.00537109
16136038 136.663252314815 1.833505202173 0.000630407662286137 4313.48388672
16136039 136.664861111111 1.84096245274218 0.00064938555048525 4283.15722656
16136040 136.66619212963 2.21619234655937 8.3082625316476e-05 4205.79199219
16136041 136.672349537037 1.93822185827317 0.000538858862005923 4108.93115234
16136042 136.674166666667 2.24103733443429 8.21652678273266e-05 4092.52978516
16136043 136.678784722222 2.23526612158238 5.46546226979918e-05 4092.52978516
16136044 136.701041666667 2.25561607648003 5.25604106490703e-05 4047.34912109
16136045 136.723090277778 2.22808945334224 6.04381159513975e-05 3930.37377930
16136046 136.741516203704 2.22966619383539 5.15009862603603e-05 3686.21044922
16136047 136.763275462963 2.22684452151553 5.73720839557405e-05 3393.15283203
16136048 136.783958333333 2.18965493206757 4.83401164892777e-05 3231.92480469
16136049 136.805555555556 2.18056604875013 4.56795233199991e-05 3085.24121094
16136050 136.82775462963 2.18037826867572 4.83734410400827e-05 2856.11669922
16136051 136.849571759259 2.18526001839739 5.28069899896561e-05 2839.86059570
16136052 136.871226851852 2.18545853831104 4.75267721545415e-05 2551.44213867
16136053 136.893553240741 2.20668630941623 4.1519560602127e-05 2519.31225586
16136057 136.986851851852 2.24128868969715 3.66049826269305e-05 5524.08740234
16137001 137.008530092593 2.24223744149286 6.69644416063335e-05 4812.33154297
16137002 137.030543981481 2.25165954919123 6.14998962284962e-05 4419.62792969
16137003 137.052523148148 2.25624419833132 5.74523784679865e-05 4214.76660156
16137004 137.075162037037 2.27214118934911 5.85350501973295e-05 4011.14208984
16137005 137.096701388889 2.26448446928266 7.0778623216285e-05 3754.29125977
16137006 137.116666666667 2.24843313217435 5.78467242655398e-05 3535.19458008
16137007 137.138333333333 2.23496767800859 4.76750588011977e-05 3199.74096680
16137008 137.160034722222 2.20947245099159 9.45461142391602e-05 2959.75073242
16137009 137.1746875 2.20753014463092 4.57843592086443e-05 2816.87719727
16137010 137.192106481481 2.19103838192741 4.86366856992124e-05 2716.61328125
16137011 137.21369212963 2.1642666147188 4.64220305408587e-05 2505.98535156
16137012 137.241157407407 2.18594345783276 4.65466888518363e-05 2356.44873047
16137013 137.263935185185 2.17091031355047 4.80138298918356e-05 2207.57934570
16137017 137.344016203704 2.21697509743085 4.52221011118131e-05 5918.95703125
16137018 137.367407407407 2.24837425404882 6.58756566803133e-05 5181.82568359
16137019 137.391944444444 2.2615699309531 6.58774661249406e-05 4756.93847656
16137020 137.414814814815 2.26638100189879 7.10122814796359e-05 4390.53906250
16137021 137.436631944444 2.2338435118468 4.53178598733708e-05 4095.31542969
16137022 137.472488425926 2.24024844206044 7.47550045023178e-05 3508.89062500
16137028 137.508865740741 2.20956486618512 4.82902940278254e-05 3226.04492188
16137029 137.531365740741 2.19916679146278 4.38013991731077e-05 3017.16381836
16137030 137.557835648148 2.18428195753843 4.8891649470493e-05 2737.97753906
16137031 137.580081018519 2.1890774830613 5.77133529185484e-05 2629.18627930
16137032 137.597303240741 2.18205414439355 4.9541694511715e-05 2525.67480469
16137033 137.619108796296 2.19823670654557 6.40036914670058e-05 2475.11352539
16137038 137.715891203704 2.26977779808664 4.08350800328532e-05 5363.78759766
16137039 137.737638888889 2.27471504344799 7.36844081174088e-05 4819.75878906
16137040 137.760439814815 2.30772825684387 7.93245769035856e-05 4468.83251953
16137041 137.782766203704 2.28873383488255 7.52515732312315e-05 4146.06640625
16137042 137.805509259259 2.28576926792845 6.31856487208503e-05 3896.33276367
16137043 137.82755787037 2.26221710507474 5.56321221924689e-05 3494.96484375
16137044 137.851226851852 2.24943725216486 0.000193255609902876 3220.47485352
16137045 137.856030092593 2.26034508796502 5.60714590395263e-05 3051.50512695
16137046 137.877928240741 2.24036668870492 5.34489356291239e-05 2992.14135742
16137047 137.899872685185 2.26244447179466 5.00139605613801e-05 2767.61181641
16137048 137.922210648148 2.26337431000441 5.01124471169785e-05 2584.82202148
16137049 137.944305555556 2.21807813387843 4.61710589404006e-05 2480.55908203
16137051 137.980659722222 2.22420984556519 0.000124074889814268 2258.94042969
16137052 137.988449074074 2.25485497526216 6.2303460988965e-05 2284.49853516
16138013 138.094270833333 2.21790801141733 0.000119950943937222 4812.02246094
16138014 138.100081018519 2.23948985308359 6.42244444380786e-05 4749.82128906
16138015 138.122060185185 2.23594711919987 6.24538422204632e-05 4533.19970703
16138016 138.143703703704 2.25652640999906 6.22129374403283e-05 4264.27978516
16138017 138.165439814815 2.29216134649262 6.76662485691696e-05 3918.30468750
16138018 138.188078703704 2.27999590919912 0.000149902006069668 3664.23901367
16138019 138.192847222222 2.26359331474946 0.000104859736041605 3509.50927734
16138020 138.199791666667 2.25158517933885 0.000127083582318071 3459.37695312
16138021 138.206030092593 2.23400592038893 5.40539822327317e-05 3330.33276367
16138022 138.227662037037 2.20161719640056 4.69691366627242e-05 3065.12646484
16138023 138.251064814815 2.18672436662416 4.91339213594223e-05 2830.66479492
16138024 138.274143518519 2.19886191417003 5.15895764652977e-05 2669.05322266
16138025 138.296134259259 2.19797838832528 4.74747207372536e-05 2470.57641602
16138026 138.318240740741 2.19142627593473 7.15625318901538e-05 2407.42382812
16138027 138.331678240741 2.16819812466317 4.82976256163387e-05 2333.24926758
16138028 138.354027777778 2.16131182305046 4.95514412831028e-05 2208.47973633
16138029 138.37818287037 2.1405661608977 6.05091878593304e-05 2116.76025391
16138040 138.515289351852 2.18179155949203 3.97975165930812e-05 5353.57519531
16138042 138.541782407407 2.20508715606567 6.40697707246226e-05 4792.83544922
16138043 138.564293981481 2.20112938853403 0.000140214764999654 4403.84619141
16138044 138.570752314815 2.23511968758433 5.85307624018408e-05 4405.39306641
16138045 138.593136574074 2.22151817748516 5.52476498369425e-05 4025.99658203
16138046 138.614930555556 2.20575522629303 5.35655745088245e-05 3756.14794922
16138047 138.642326388889 2.22536325016487 5.29285870305373e-05 3332.49877930
16138048 138.663993055556 2.21973881747615 5.04181797335503e-05 3166.93798828
16138049 138.685729166667 2.229382515096 5.25157977849314e-05 2940.34008789
16138050 138.708356481481 2.21372490523954 5.16764225910972e-05 2868.39233398
16138051 138.731550925926 2.22497551463083 5.31341220154297e-05 2648.96044922
16138052 138.754224537037 2.19808849317984 4.86550198912051e-05 2456.06103516
16138053 138.776076388889 2.14463706447896 0.000643855379975786 2381.47387695
16138054 138.779895833333 2.214415595006 5.89208163786299e-05 2286.00219727
16138055 138.8015625 2.22960708217358 0.000109594512381481 2154.79150391
16138059 138.868923611111 2.26347132535899 4.44981763747087e-05 6112.05957031
16138060 138.889224537037 2.26194901682802 0.000317178102861048 5666.12890625
16138061 138.890428240741 2.271977639105 4.71098742113822e-05 5608.87890625
16138062 138.911898148148 2.28917728486208 4.60012691788476e-05 5199.77441406
16138063 138.933877314815 2.317100457789 4.74202018806103e-05 4925.28417969
16138064 138.955810185185 2.31659017886679 4.26025533441681e-05 4459.23925781
16138065 138.978842592593 2.30537366999304 6.99907325364232e-05 4010.52343750
16138066 138.990601851852 2.26337918762159 5.52619428908181e-05 3874.67114258
16139001 139.007060185185 2.26647200623144 9.23725344374299e-05 3632.36474609
16139002 139.011655092593 2.2761979308386 6.40487753469401e-05 3598.01489258
16139003 139.033194444444 2.23813062239615 5.28016609082629e-05 3196.02709961
16139004 139.054814814815 2.21591652430388 5.35528548839659e-05 2996.46435547
16139005 139.076493055556 2.19142052019647 5.06612343387557e-05 2796.05712891
16139006 139.097951388889 2.15498407474388 0.000164354846820831 2580.57177734
16139007 139.10162037037 2.18917885390864 6.43652331663153e-05 2535.97900391
16139008 139.115949074074 2.15684195400193 5.17601502167118e-05 2462.71289062
16139009 139.137685185185 2.13558734529323 5.11773617197224e-05 2332.64672852
16139010 139.159131944444 2.15226324463819 4.98842694803907e-05 2199.47607422
16139011 139.18087962963 2.1473792259759 5.06483706792951e-05 2101.49536133
16139012 139.202361111111 2.15288997791586 5.18760873491494e-05 1981.97497559
16139013 139.223969907407 2.16779905672495 7.63638927105522e-05 1880.94934082
16139021 139.298703703704 2.18726608720373 7.00840048838655e-05 5604.54687500
16139022 139.308229166667 2.19565226039621 6.40780641309428e-05 5357.90771484
16139023 139.330185185185 2.2005030140029 6.63987088688265e-05 4874.84277344
16139024 139.352037037037 2.20466547064 5.73095456223482e-05 4546.19726562
16139025 139.373020833333 2.191632628887 5.32417779659564e-05 4325.55273438
16139026 139.394953703704 2.17146975128609 5.74590827321435e-05 3932.23046875
16139027 139.417465277778 2.15323584553814 5.72629835612078e-05 3571.71069336
16139028 139.435219907407 2.16857399693242 5.02041800310727e-05 3347.97192383
16139029 139.457048611111 2.15717192432664 5.2235583741634e-05 3215.21362305
16139030 139.478935185185 2.14619033360812 4.73634938316415e-05 2933.56567383
16139031 139.503043981481 2.1379460042384 6.54569356660115e-05 2759.05419922
16139032 139.519872685185 2.11147863249266 5.53423516959428e-05 2655.96069336
16139033 139.537835648148 2.10807793407316 5.38871604039222e-05 2404.40551758
16139034 139.559502314815 2.11688001238022 8.20461794721859e-05 2365.18994141
16139054 139.925590277778 2.3572748037801 5.99547820742372e-05 4758.17626953
16139055 139.942951388889 2.3074403451314 4.70590406067416e-05 4473.47412109
16139056 139.965798611111 2.28427004889951 6.65021373160875e-05 4169.89453125
16139057 139.987604166667 2.24609362564164 5.5061105511589e-05 3948.01293945
16140001 140.009247685185 2.25273433971527 5.53297424674446e-05 3751.50634766
16140002 140.030810185185 2.24479772859597 5.4260493226069e-05 3445.14160156
16140003 140.055196759259 2.24459255691905 5.69054782083436e-05 3140.32446289
16140004 140.076678240741 2.25173485706298 7.18928444344276e-05 2875.45410156
16140007 140.099375 2.19014071503881 0.000115003160341533 2599.09643555
16140008 140.106273148148 2.18776987194585 5.08123925226079e-05 2521.73559570
16140009 140.127673611111 2.18431070551534 5.4104104391433e-05 2351.92773438
16140010 140.14912037037 2.18298542427329 4.70757241928035e-05 2215.08349609
16140011 140.179074074074 2.15806079716319 5.58251625987111e-05 2006.74584961
16140012 140.198553240741 2.15920753641479 5.29163540166804e-05 1879.16442871
16140013 140.220520833333 2.14946222699169 5.90984288095151e-05 1782.84826660
16140014 140.241956018518 2.13757050026541 0.000114210620770688 1700.96337891
16140015 140.2578125 2.15297898498264 0.000153748973181229 1640.82495117
16140016 140.268425925926 2.13209160270935 0.00010809862809077 1599.69201660
16141003 141.047303240741 103.722070851196 9.41053444646028e-10 5218.03222656
16141004 141.061354166667 2.23006741972259 0.000505408682123838 4919.09472656
16141005 141.070046296296 2.26618175449207 3.38341933610112e-05 4632.22656250
16141006 141.091863425926 2.27556875330954 0.000109416137253765 4394.56152344
16141007 141.100162037037 2.30746448797135 7.43598631958647e-05 4202.38769531
16141008 141.121886574074 2.29230787069766 6.55829877198598e-05 3941.82348633
16141009 141.143449074074 2.28284313538273 5.56923049720917e-05 3562.42700195
16141010 141.173460648148 2.31032502193672 6.65749489809192e-05 3112.16406250
16141011 141.214733796296 2.29263488535218 7.27339226961989e-05 2538.40429688
16141014 141.241574074074 2.32207480232482 6.17505140944017e-05 2348.01049805
16141016 141.265347222222 2.24838139102895 5.09395674353678e-05 2163.78393555
16141017 141.288425925926 2.20184483687249 8.87392459463145e-05 2040.79370117
16141018 141.299571759259 2.46591668533584 7.38173186959608e-05 1953.04467773
16141019 141.314988425926 2.2088772616125 0.000102725306955401 1862.80969238
16141021 141.321840277778 2.18012449063139 5.37354271176457e-05 1830.09118652
16141022 141.3434375 2.16164303796947 7.26178669184474e-05 1719.63940430
16141029 141.414050925926 2.21669950288057 4.84287305217612e-05 5522.23046875
16141031 141.429131944444 2.24245064062925 0.000113450058153351 4902.38427734
16141032 141.438344907407 2.23605124137324 6.30467943117718e-05 4756.93847656
16141033 141.459918981481 2.24650757532398 5.87333756267832e-05 4418.39062500
16141034 141.481458333333 2.3028126390054 6.61728844202606e-05 4147.92333984
16141035 141.50306712963 2.37995994268903 0.000108779695800852 3782.14306641
16141036 141.525150462963 2.51262226519577 0.000124750776566989 3412.03002930
16141037 141.534872685185 2.43809850784479 0.000175031607547481 3242.13696289
16141038 141.548900462963 2.39104834727928 9.75021282390378e-05 3037.89379883
16141040 141.57443287037 2.44091375312151 0.000108984479896277 2694.35205078
16141041 141.595266203704 2.42509557227174 0.000346197639265245 2406.51806641
16141049 141.9634375 2.217603398767 3.57352107231053e-05 5852.11376953
16141050 141.985636574074 2.22243012730909 5.33342821922426e-05 5136.64501953
16142001 142.007094907407 2.21710047948882 4.69666705407284e-05 4771.79248047
16142002 142.028877314815 2.23315478962393 6.90629427608246e-05 4387.44433594
16142003 142.042395833333 2.2328801492698 4.52977287629696e-05 4222.81201172
16142004 142.063900462963 38.8846389424099 1.17045847493508e-07 3885.19287109
16142005 142.085983796296 2.22016448102174 7.85419532400836e-05 3553.76220703
16142006 142.096574074074 2.21308172333215 4.23575113353595e-05 3315.78759766
16142007 142.118460648148 2.205729005572 4.41171719340716e-05 3033.55322266
16142008 142.140034722222 2.19815008958489 4.19385764020404e-05 2810.13891602
16142010 142.164085648148 2.1581669088086 4.36733247305294e-05 2642.26611328
16142012 142.188576388889 2.1718989176087 4.36593557384495e-05 2422.82275391
16142013 142.210011574074 2.16880872084781 6.93370251907014e-05 2267.35766602
16142014 142.221585648148 2.14697463471555 4.52908577371249e-05 2132.33129883
16142015 142.243587962963 2.18167212436227 6.40979291123715e-05 2026.45434570
16142022 142.322916666667 2.19423655842202 4.002019463445e-05 5958.25781250
16142024 142.341689814815 2.2133920225038 5.18147974245279e-05 5420.72802734
16142025 142.363425925926 2.21178077864469 6.59214796377315e-05 4956.53955078
16142027 142.372233796296 2.21426411840353 4.89908826298415e-05 4652.65087891
16142028 142.393854166667 2.22183405350773 4.65293327723907e-05 4394.87158203
16142032 142.423761574074 2.20786256813781 4.04657429413337e-05 3859.81689453
16142035 142.456493055556 2.20860546815666 4.40735329806111e-05 3350.44750977
16142036 142.47806712963 2.20248358404864 4.21211203068239e-05 2988.43750000
16142037 142.499722222222 2.17266827861939 4.75500005830092e-05 2758.13745117
16142038 142.521319444444 2.18937306596828 4.46711424887338e-05 2600.61499023
16142039 142.542858796296 2.17985509600466 4.64992584421127e-05 2465.13232422
16142041 142.566157407407 2.17325900913033 7.62316624292355e-05 2246.61914062
16142044 142.578634259259 2.16301203371882 4.71658600824629e-05 2168.88085938
16142046 142.600972222222 2.16339477740459 0.000174182428209638 2034.22070312
16142048 142.606099537037 2.16766078964206 0.000239106150239254 2024.06481934
16142061 142.672581018519 2.19417964418457 3.95795662121988e-05 5934.12011719
16142065 142.698831018519 2.1755488709155 6.01051095809399e-05 5059.89892578
16142066 142.720555555556 2.17494457282526 5.61480346454564e-05 4703.09277344
16142067 142.742164351852 2.19484973812962 5.79677113521291e-05 4353.71337891
16142068 142.763784722222 2.18406697724799 4.81725050689936e-05 3913.04418945
16142069 142.78744212963 2.16901447733231 6.11123222765637e-05 3599.87182617
16142070 142.803784722222 2.14983502359053 4.64722403038115e-05 3308.67041016
16142071 142.825613425926 2.16589547059499 4.64838597871196e-05 3079.98022461
16142072 142.847164351852 2.13292810660747 5.13889581093314e-05 2890.81298828
16142073 142.867939814815 1.32021944802676 0.00124248165030276 2725.15673828
16142074 142.871365740741 1.56901730852131 0.000598643474324623 2730.65063477
16142075 142.873900462963 2.12184706101885 8.10103830171169e-05 2701.66845703
16142076 142.879282407407 2.12436889409624 4.82255417159818e-05 2669.05322266
16142077 142.9009375 6.72128247127566 0.000164168307809508 2477.53369141
16142078 142.920474537037 2.11422498809565 0.000243560280965102 2349.21582031
16142079 142.924386574074 2.13478161257442 4.8529502962693e-05 2326.02148438
16142080 142.944664351852 2.13659710742051 4.30824446704166e-05 2187.47509766
16143002 143.03 2.18857106633914 4.01544442271169e-05 6429.56445312
16143003 143.052314814815 2.18081356591265 6.56539848853631e-05 5505.20996094
16143004 143.073761574074 2.1753697370519 5.87855848230802e-05 5087.75000000
16143005 143.095405092593 2.18758680641678 5.60344263258826e-05 4765.91308594
16143006 143.116886574074 2.19191108726986 5.3029299750758e-05 4309.46093750
16143007 143.138368055556 85.3464991238291 1.57745568164621e-08 3951.41674805
16143008 143.148854166667 2.18344710797857 0.000168689120849758 3760.48120117
16143009 143.157592592593 2.19909796670153 4.99348116942302e-05 3486.30004883
16143010 143.179560185185 2.17143259137605 4.77257837957824e-05 3195.71801758
16143011 143.201122685185 2.15792365051515 4.64229679276712e-05 2883.74658203
16143012 143.222615740741 2.15136863996099 4.61941445317577e-05 2514.76806641
16143013 143.244085648148 2.15467337571569 4.96568235757429e-05 2399.57641602
16143014 143.265555555556 2.12469126993605 7.87902880279582e-05 2218.38623047
16143015 143.27837962963 2.11981895679335 5.36331198852619e-05 2101.79467773
16143016 143.300902777778 2.14816664973307 5.61441214865455e-05 1983.46655273
16143018 143.333275462963 2.12697152977033 5.88740462071671e-05 1786.70922852
16143019 143.344988425926 2.13491224728476 4.83413235197963e-05 1730.01977539
16143020 143.371770833333 2.11106206669387 5.24348061957663e-05 1599.10034180
16143021 143.393287037037 2.11240730926665 5.70496158706677e-05 1529.34240723
16143022 143.414872685185 2.11983197210963 6.58553326614689e-05 1370.69750977
16143031 143.482824074074 2.1889107211333 4.68388185364915e-05 6003.74902344
16143032 143.495520833333 2.20640761547616 6.87010075581515e-05 5517.58886719
16143033 143.51712962963 2.18876149364798 5.88906805775601e-05 5099.81933594
16143034 143.53837962963 2.16772810121342 5.16088983145352e-05 4612.42089844
16143035 143.560474537037 2.17777608903132 5.03331630154497e-05 4375.99462891
16143036 143.582430555556 2.1777096224508 4.86092881722205e-05 4017.64086914
16143038 143.609016203704 2.18233530747073 4.90268307429582e-05 3514.77026367
16143039 143.626967592593 2.15576911165163 4.85870271046861e-05 3322.28637695
16143040 143.64619212963 2.14868477276865 4.47926661149026e-05 2987.51123047
16143041 143.670231481481 2.14651621167478 4.32995822646187e-05 2778.61914062
16143042 143.69255787037 2.14381168103146 4.58704579873916e-05 2682.15185547
16143043 143.714027777778 2.14767974736007 5.27804322497678e-05 2377.25146484
16143044 143.731990740741 2.14435503879446 4.61804934622644e-05 2264.35107422
16143045 143.753657407407 2.15519671559414 4.82929911959548e-05 2128.13842773
16143052 143.837789351852 2.21485276225216 4.00479173238382e-05 5771.03613281
16143053 143.860173611111 2.21668512248278 6.63788633551719e-05 5049.68652344
16143054 143.881724537037 2.19576261881583 7.24764746590475e-05 4678.02636719
16143055 143.903275462963 2.1978200066102 5.67672759965143e-05 4412.81982422
16143056 143.924826388889 2.19150729294952 4.97855533626575e-05 4135.85449219
16143057 143.944513888889 2.16959810689771 4.99567703964015e-05 3904.06958008
16143058 143.964722222222 2.17276863825788 4.68902942510708e-05 3491.25146484
16143059 143.986481481481 2.16899066597073 4.48387927277448e-05 3230.68701172
16144001 144.008310185185 2.13890194860907 4.63344406177678e-05 2929.25561523
16144002 144.029814814815 2.14122467600976 4.655538176382e-05 2805.85253906
16144003 144.051331018519 2.15107550027766 4.56781204682278e-05 2576.62524414
16144004 144.072824074074 2.1568269016167 6.08079196962451e-05 2393.23925781
16144005 144.090231481481 2.14895372832713 4.52862676914534e-05 2267.05712891
16144007 144.117835648148 2.13575051562921 6.75197900336298e-05 2168.88085938
16144012 144.177175925926 2.21678475809369 4.98576056894403e-05 6782.65722656
16144013 144.199988425926 2.18316755648364 8.11490766844219e-05 5715.33251953
16144014 144.221574074074 2.19972877297598 6.95866446961673e-05 5180.27832031
16144015 144.243136574074 2.16858478122125 5.66990310358021e-05 4921.87988281
16144016 144.264791666667 2.16343273311376 5.31583320595531e-05 4528.86767578
16144017 144.287638888889 2.15027864191441 0.000593105654567817 4015.47460938
16144018 144.29431712963 2.18342738144558 0.000100176922116323 3940.27612305
16144019 144.303425925926 2.17203737687676 4.94224438738471e-05 3697.04150391
16144020 144.325092592593 2.16674468748525 5.2289877449395e-05 3399.03247070
16144021 144.345648148148 2.15722666513287 4.65839204189558e-05 3187.05346680
16144022 144.36744212963 2.14216473488058 6.98813598310298e-05 2863.17431641
16144023 144.383055555556 2.13906557735773 5.37574216560386e-05 2746.22290039
16144024 144.404525462963 2.1271839058229 5.22403587412957e-05 2512.04223633
16144025 144.42875 2.12889083856955 5.51637081333446e-05 2292.31982422
16144026 144.450509259259 2.11646960687395 6.14614032386339e-05 2172.17919922
16144037 144.530532407407 2.1864317980404 8.19790764443084e-05 5590.93066406
16144038 144.53494212963 2.1959616852074 8.18743747393141e-05 5387.30615234
16144039 144.546354166667 2.19907709604416 5.47160147823153e-05 5176.25537109
16144040 144.567824074074 2.17268271057469 5.17845576811393e-05 4685.76269531
16144041 144.591238425926 2.1891740177898 0.000157270021753867 4275.42041016
16144042 144.599282407407 2.17996570815733 5.92177930847021e-05 4156.58789062
16144043 144.620798611111 2.18681551017257 8.02370404945365e-05 3905.61669922
16144054 144.758784722222 2.02248386541766 0.00117062650277786 6316.61132812
16144055 144.760231481481 2.16934485626457 3.94056208224146e-05 6134.34033203
16144056 144.784155092593 2.16309529573899 6.27948528638432e-05 5375.54736328
16144057 144.8059375 2.1683842428611 0.000113229575940171 4861.84472656
16144059 144.812210648148 2.15588220428438 0.000253899813404755 4851.94238281
16144060 144.820960648148 2.12729743925038 0.000262615778102945 4714.54248047
16144061 144.82212962963 2.15792122764204 5.47898933542183e-05 4780.76660156
16144062 144.841747685185 2.16418345811812 0.000157454548146474 4341.95410156
16144064 144.847106481481 67.4833218587685 0.00478510076497562 4224.66894531
16144065 144.850868055556 2.1108620376668 5.15044946479515e-05 4163.70556641
16144070 144.893981481481 2.15562869498448 4.77868049112033e-05 3490.94213867
16144071 144.9159375 2.14952343069873 5.36145158556208e-05 3276.79638672
16144072 144.93724537037 2.15527622192554 8.06833553496874e-05 3037.58471680
16144073 144.946805555556 2.1199835263814 4.837082379832e-05 2842.92724609
16144074 144.968391203704 2.11594752680637 7.85929414917718e-05 2624.62500000
16144075 144.977476851852 2.13848503599759 4.7857420044156e-05 2602.43798828
16144076 144.998993055556 2.10438586669065 7.89402309455527e-05 2338.67114258
16145001 145.012962962963 2.1100242747624 7.65024800588744e-05 2303.75415039
16145002 145.022881944444 2.12537274630344 0.000114513635391973 2169.18090820
16145003 145.031157407407 2.11210631005658 5.1563082735925e-05 2196.47558594
16145008 145.115625 2.18536881162201 0.000207589148198307 6154.76464844
16145009 145.117905092593 2.18083361995432 0.000128667739436608 5940.00097656
16145010 145.121493055556 87.4831405875544 1.85596301054247e-09 5891.72460938
16145011 145.143287037037 2.16854932425422 6.26784381070429e-05 5055.56640625
16145012 145.164803240741 2.14976493155378 5.68748462162488e-05 4782.93310547
16145013 145.186342592593 2.15272053473977 4.89988526650887e-05 4468.21337891
16145014 145.207835648148 2.143883252419 5.29334965132024e-05 4038.06567383
16145015 145.229409722222 2.13654680462843 6.73184750850017e-05 3798.85327148
16145016 145.241759259259 2.12482141918873 4.82945777477387e-05 3533.33740234
16145017 145.263333333333 2.1326871275974 4.53169959497714e-05 3270.29736328
16145018 145.28474537037 2.11796962022015 4.82224828581817e-05 3022.41918945
16145019 145.3065625 2.13637028329637 4.84920990592506e-05 2766.38940430
16145020 145.329305555556 2.13193742655236 4.7973855905097e-05 2586.03662109
16145021 145.350266203704 2.12255823493515 5.56333502136298e-05 2461.50341797
16145022 145.37193287037 2.11590990019911 4.69616432049813e-05 2282.99438477
16145023 145.394097222222 2.12091450828042 4.61453773091679e-05 2112.86865234
16145024 145.419456018519 2.10819715199594 9.15460098898492e-05 1997.79077148
16145035 145.510243055556 2.1472031580419 6.00916225694953e-05 5493.76074219
16145036 145.528321759259 2.15713461015897 6.37429315276872e-05 4848.84765625
16145037 145.549756944444 2.15045243796424 0.00010576064123456 4547.74414062
16145039 145.559178240741 2.14117069456184 5.80611970162427e-05 4215.69433594
16145040 145.580706018519 2.17152184211139 5.64937041563897e-05 3988.24243164
16145041 145.602222222222 2.13407597209939 4.77282333544782e-05 3683.42529297
16145042 145.622395833333 2.13308782022612 5.18482515406423e-05 3377.98901367
16145043 145.647719907407 2.13449358390684 4.81274266031567e-05 3099.47631836
16145044 145.669293981481 2.12407821339457 4.75545937350508e-05 2837.71508789
16145045 145.690914351852 2.10355747376214 4.70277153609306e-05 2610.94628906
16145046 145.712488425926 2.10783535897123 4.69012497128447e-05 2472.69360352
16145048 145.739606481481 2.10473171137263 4.97381037669616e-05 2235.80419922
16145049 145.76537037037 2.10285529738526 5.26625567549948e-05 2079.95458984
16145050 145.786157407407 2.11146947966824 6.07885711129647e-05 1978.39489746
16145055 145.847256944444 2.17698325182545 4.0966865288131e-05 6303.92382812
16145056 145.870775462963 2.14408934287398 6.17335592636435e-05 5254.23925781
16145057 145.892465277778 2.13903647701181 5.4004036925687e-05 4826.56689453
16145058 145.914085648148 2.1423517342631 5.12994272570883e-05 4456.45410156
16145059 145.935891203704 2.12491912183033 5.5476351916461e-05 4038.06567383
16145060 145.953784722222 2.12656932661275 5.37511218545054e-05 3619.05761719
16145061 145.974201388889 2.15019720917941 4.7554362619707e-05 3308.67041016
16146002 146.009837962963 2.14089173383847 9.18119135426925e-05 2919.71557617
16146003 146.021527777778 2.12735189005811 4.69568850468682e-05 2767.30615234
16146004 146.043611111111 2.09490625836458 4.91470387321258e-05 2566.61010742
16146005 146.065787037037 2.08933334720347 4.73227576302145e-05 2365.79321289
16146006 146.089699074074 2.07825495479864 9.31026819595201e-05 2263.14892578
16146007 146.098657407407 2.10926157618381 4.96845346285299e-05 2140.11889648
16146008 146.120439814815 2.06981951550562 5.50972357235062e-05 2040.79370117
16146014 146.2065625 2.16746231105651 4.73072310522126e-05 6732.21533203
16146015 146.228090277778 2.15741546365288 5.77027287970843e-05 5804.14746094
16146016 146.244988425926 2.15131469035441 8.33134115895637e-05 5429.39306641
16146051 146.531956018519 2.19599897533432 6.89018333465381e-05 5305.91894531
16146052 146.5478125 2.16796324918257 0.00011222601972956 4896.19482422
16146097 146.63380787037 2.20140468613059 4.2103035794006e-05 5357.59863281
16146098 146.652268518519 2.15192199731957 6.06332264569352e-05 4857.51269531
16146099 146.673981481481 87.6423606548067 1.82559644590461e-08 4405.39306641
16146100 146.684328703704 2.17270363962652 6.81770998064235e-05 4196.19873047
16146106 146.773125 2.15760376936243 4.41730800815847e-05 5465.29003906
16146107 146.790393518519 2.18312142931639 7.39076793586221e-05 4955.30175781
16146109 146.814340277778 2.15143874392677 5.69698775209654e-05 4526.70068359
16146111 146.840034722222 2.14860117898185 5.07679883988531e-05 4203.31640625
16146112 146.861608796296 2.15486382917641 5.4638104764212e-05 3834.44091797
16146114 146.880671296296 2.13790908106906 6.96962226563959e-05 3559.02246094
16146115 146.897291666667 2.13073022709245 5.25284039388556e-05 3314.24096680
16146116 146.920763888889 2.12988123706769 4.65398921626094e-05 2980.10473633
16146117 146.943425925926 2.14193480846162 5.66703007109724e-05 2686.41772461
16146118 146.958715277778 2.11073222026312 4.80820372367172e-05 2565.69970703
16146119 146.980266203704 2.1336901909509 6.26736911621375e-05 2414.66943359
16146120 146.996979166667 2.13708574800292 0.000120406879390818 2291.71801758
16147006 147.104965277778 2.21527336240035 3.53554894832458e-05 5808.17089844
16147007 147.126863425926 2.20579471852594 8.39291618080022e-05 4867.72509766
16147008 147.150590277778 2.19363758517459 7.47478173670114e-05 4515.25097656
16147009 147.172314814815 2.15190694211082 5.59144230023282e-05 4206.10156250
16147010 147.193993055556 2.13570204695706 4.51441851446987e-05 3904.37915039
16147011 147.215694444444 81.69333761012 3.77779870931305e-08 3584.08911133
16147012 147.219548611111 2.11149466664064 7.0647059492649e-05 3592.13476562
16147013 147.232280092593 2.13262214226269 9.1562715886822e-05 3369.32446289
16147014 147.253553240741 2.11335195370247 4.88751715189114e-05 3070.07763672
16147056 147.698090277778 2.22788811647536 5.14828753223815e-05 5896.67626953
16147057 147.714756944444 2.20468270976412 6.64991951878794e-05 5205.34472656
16147058 147.736608796296 2.17604793909648 9.52089283967802e-05 4713.92382812
16147059 147.745347222222 2.1542606597323 4.95290993949496e-05 4729.08740234
16147060 147.766840277778 2.19220436237928 5.95028231688729e-05 4245.40332031
16147061 147.791053240741 2.20895081881696 6.32103625589879e-05 3753.36328125
16147062 147.80912037037 2.17908149966538 8.77033918761015e-05 3474.85034180
16147063 147.819513888889 2.19975151850073 5.33064158042139e-05 3374.27612305
16147064 147.841030092593 2.19694394592851 4.95644387666453e-05 2955.74414062
16147065 147.862569444444 2.16055188006822 4.82641675472186e-05 2676.97265625
16147066 147.8840625 2.13716069683889 5.51833612714662e-05 2468.15649414
16147067 147.905763888889 2.15549755633101 5.17933889494451e-05 2362.47705078
16147068 147.927962962963 2.13478214873921 7.08222337456993e-05 2227.99487305
16147069 147.943240740741 2.12314754846404 5.03631144164472e-05 2071.58105469
16147070 147.964791666667 2.11343728448886 5.53084681437252e-05 1964.67407227
16148002 148.037106481481 2.16998928841646 4.29622156610976e-05 7002.37207031
16148003 148.059976851852 2.1511304518409 5.1712336333999e-05 5790.22216797
16148004 148.075231481481 2.15873835515675 5.94120707371333e-05 5329.12792969
16148005 148.096990740741 2.14240337614133 5.88153778526489e-05 4829.04248047
16148006 148.118680555556 2.14749368877576 5.42750570263581e-05 4471.30761719
16148007 148.140428240741 2.15460131443774 5.99864625952033e-05 3935.01513672
16148008 148.162511574074 2.16629467711945 5.42985797418844e-05 3491.56103516
16148009 148.184166666667 2.14234340994273 4.86895495654035e-05 2996.15576172
16148010 148.205752314815 2.142920151958 4.8474763199793e-05 2698.61962891
16148011 148.228738425926 1.79588957031872 7.16837115785669e-05 2495.69116211
16148012 148.250335648148 0.915396431740463 0.000273162816666735 2301.64746094
16148017 148.289039351852 2.14853705339474 0.000410577329677758 1982.27319336
16148018 148.294409722222 2.16617722527343 0.000742771171931756 1926.81640625
16148019 148.299618055556 2.13070617621953 5.2545520596353e-05 2002.86499023
16148020 148.323009259259 2.13083612017258 5.34227460297322e-05 1779.28466797
16148021 148.34474537037 2.12275697509835 0.000143709850000314 1609.15820312
16148022 148.35505787037 2.13497649650731 6.69664196204976e-05 1534.65966797
16149001 149.006377314815 4.23544472450047 1.28818937799104e-05 5893.47363281
16149002 149.035891203704 3.95540661305651 1.03778231720713e-05 4422.74267578
16149003 149.057615740741 241.493713374214 3.90299586627362 3818.75781250
16149004 149.061273148148 4.16310151491197 9.91429516690967e-06 3775.08471680
16149005 149.081157407407 4.13519430757901 1.55866141495023e-05 3491.92919922
16149006 149.102916666667 4.23387254490689 2.5850103145907e-05 3039.36083984
16149007 149.153946759259 4.25459922065204 4.12922153701057e-05 2207.65185547
16149008 149.159699074074 4.24385022403463 5.87561685700739e-05 2127.50439453
16149009 149.163252314815 4.16325346688299 5.42214684891016e-05 2083.59179688
16149010 149.171689814815 4.27085796143271 1.11586139516184e-05 1990.96618652
16149011 149.193784722222 4.39540570405045 1.35105832318933e-05 1721.48864746
16149013 149.215393518519 4.27079939150098 1.14758311531943e-05 1498.80371094
16149014 149.240138888889 4.29615779779294 1.29838421906599e-05 1291.23657227
16149024 149.36505787037 4.22162031189876 3.15904346583746e-05 3801.24096680
16149025 149.370578703704 4.16141386865803 6.15320803410233e-05 3629.42749023
16149044 149.774722222222 1.94366417243721 5.09823725844813e-05 4562.40039062
16149048 149.828356481482 1.8976174228314 0.00011698529798328 3855.23168945
16149049 149.842118055556 1.87212525402086 6.85069002008053e-05 3745.56958008
16149050 149.863645833333 1.84580346471126 6.40464809976193e-05 3545.20117188
16149051 149.885023148148 1.88479684635367 0.000147704438409665 3459.29443359
16149052 149.891956018519 1.87059177142529 6.58037915895037e-05 3329.47509766
16149053 149.913842592593 1.86090145653046 6.63542396317697e-05 3179.01879883
16149054 149.935081018519 1.86549058148862 5.91155663197284e-05 3048.71899414
16149055 149.957071759259 1.88488755095657 5.69164313606935e-05 2817.87548828
16149056 149.97806712963 1.83299924560288 5.84945620625515e-05 2647.74267578
16149057 149.999618055556 1.88289307448163 0.000136970007308209 2535.92016602
16150001 150.008136574074 78.5456891160441 0.81503890004006 2454.33325195
16150004 150.041516203704 1.8492094522762 7.97325640087549e-05 2096.30957031
16150010 150.105717592593 1.92294029307964 5.69956149441343e-05 4859.71386719
16150011 150.127511574074 1.93528775586665 8.34170945330184e-05 4257.64892578
16150012 150.149108796296 1.97334959228483 7.57192458317569e-05 4033.28393555
16150013 150.170671296296 1.94784948755309 0.000102357445271516 3762.84692383
16150014 150.186319444444 1.94006450893042 6.43562009771956e-05 3544.24145508
16150015 150.208032407407 1.9497520612182 6.58275661377468e-05 3360.43017578
16150016 150.2303125 1.93563476482665 9.25316168061588e-05 2969.77172852
16150018 150.247662037037 1.9352012896181 5.62100939029693e-05 2782.84130859
16150019 150.262175925926 1.91184100027053 5.17200839383784e-05 2652.30175781
16150020 150.287939814815 1.9367251028899 5.26854658964195e-05 2499.20605469
16150021 150.310208333333 1.88876871273904 5.66509232598972e-05 2396.02221680
16150022 150.332071759259 1.87813141686036 6.15059324449136e-05 2290.19897461
16150023 150.356018518519 1.91077367628873 5.38021488201606e-05 2166.85839844
16150024 150.379502314815 1.90667521527085 6.14177138280669e-05 2092.47045898
16150042 150.632696759259 1.95619559781458 0.000207455735767747 5328.60058594
16150044 150.637465277778 1.93333103029853 6.65960741266747e-05 5123.43212891
16150045 150.659282407407 1.91201608418858 6.26689640649243e-05 4668.94384766
16150046 150.680752314815 1.91528840575039 6.6592129039636e-05 4431.86132812
16150047 150.702696759259 87.033582910104 0.381618808959152 4218.29492188
16150048 150.703784722222 1.9287137325845 8.12748172902559e-05 4223.09423828
16150049 150.7253125 1.93418635261549 8.67044324303986e-05 3899.86474609
16150050 150.745717592593 1.91748898709428 0.000191341195880438 3729.01245117
16150052 150.754363425926 1.87117570279943 7.08387341734495e-05 3594.39331055
16150053 150.775960648148 1.92291760275985 0.000185671142613787 3354.91137695
16150054 150.783391203704 1.92550379504263 5.99694495169484e-05 3250.04736328
16150055 150.804814814815 1.89369351809925 6.25610946726319e-05 3111.34936523
16150056 150.826087962963 1.89208380071749 6.45251687087938e-05 2882.66552734
16150057 150.847604166667 1.91307128386554 6.66011123566575e-05 2721.65087891
16150058 150.865023148148 1.9226863138735 8.34492657407923e-05 2571.19482422
16150059 150.878645833333 1.84793305581571 5.92563079641099e-05 2387.38354492
16150060 150.899409722222 16.8841482858861 0.00114576113475512 2220.12988281
16150061 150.904861111111 1.89644370078355 8.49584007247098e-05 2199.97314453
16150065 150.967777777778 1.93401599321869 6.6898228353393e-05 5581.28125000
16150066 150.99162037037 1.92401095379741 7.14412693570629e-05 4882.51025391
16151001 151.013217592593 1.89827361849204 5.6632468586711e-05 4515.36816406
16151002 151.035393518519 1.93203151730899 7.68931319041587e-05 4326.51806641
16151003 151.057372685185 1.85805988205464 0.000351379810302772 4049.84106445
16151004 151.05912037037 1.90494274711136 0.000360606174152883 3988.17138672
16151005 151.060902777778 1.87128382534155 7.89811885189412e-05 3994.64990234
16151006 151.083090277778 1.89623387618218 0.000164703547558343 3746.28930664
16151010 151.094548611111 0.0370187927333372 2.90146980417814e-06
3538.72216797
16151021 151.300972222222 1.91377400274254 0.000549556721731538 5007.53027344
16151022 151.325150462963 1.92663607956645 5.8611956561449e-05 4654.06640625
16151023 151.335543981481 1.92112163712433 7.61305376174363e-05 4468.81542969
16151024 151.345763888889 1.86769869347966 8.36813895582645e-05 4313.55957031
16151025 151.359756944444 1.89927248765892 7.49214084547187e-05 4169.10253906
16151026 151.381585648148 1.91957524077691 9.42809458907898e-05 3978.09228516
16151027 151.397696759259 1.87739806448106 7.20464040387897e-05 3729.97216797
16151028 151.419328703704 1.9274382676622 5.86589015171198e-05 3529.84350586
16151029 151.443055555556 1.8878364303936 5.79313921817198e-05 3261.80566406
16151030 151.465185185185 1.89524338096084 8.96775357709932e-05 2940.97631836
16151031 151.476875 1.89673753006034 5.71772703894371e-05 2915.54028320
16151032 151.499386574074 1.88768947210093 5.5123053696424e-05 2700.29443359
16151034 151.533344907407 1.89633028009083 6.61059789211113e-05 2401.06176758
16151035 151.548842592593 1.89036091210251 7.00883277335033e-05 2325.95336914
16151041 151.627766203704 1.94108195981328 6.80916039201245e-05 5418.10644531
16151042 151.649375 1.92188256086872 6.83092299234115e-05 4716.21630859
16151043 151.670659722222 1.90411450912514 8.23467793902125e-05 4324.11816406
16151044 151.691203703704 1.88228895141632 8.23643562063698e-05 4029.92480469
16151045 151.712418981481 1.90570530410855 7.65145146743614e-05 3968.49414062
16151046 151.733900462963 1.88126078521888 8.35539283421811e-05 3742.45019531
16151047 151.753958333333 122.354099865046 1.06571740298264 3580.95556641
16151048 151.754872685185 1.87881753075584 7.22599086445334e-05 3530.56323242
16151049 151.776122685185 1.90440385167319 6.33883274449195e-05 3350.83154297
16151050 151.797662037037 1.88659888830798 7.02134932262574e-05 3181.41845703
16151053 151.819085648148 1.89598511630491 7.62729582151057e-05 2972.65136719
16151054 151.831099537037 1.8844621201703 0.000330847948263699 2838.75244141
16151055 151.832372685185 1.89621625525339 5.86959479686288e-05 2872.10717773
16151056 151.854456018519 1.86552012312835 5.59932324036892e-05 2699.09448242
16151057 151.879837962963 1.88135221940479 0.000128184438617905 2506.88476562
16151062 151.903032407407 1.84731727632687 7.36140914497714e-05 2451.69384766
16152007 152.09 1.91597833911705 7.03900175078493e-05 5503.29296875
16152008 152.11244212963 1.93043092084318 7.67593513599568e-05 4908.90576172
16152009 152.134016203704 1.9285590493479 6.46748765949189e-05 4569.11962891
16152019 152.290451388889 1.85801992494847 5.71824891368433e-05 5829.88330078
16152020 152.312164351852 89.7996791307032 0.371436269791604 5218.21777344
16152021 152.313136574074 1.8804416950866 5.76953968007897e-05 5099.67626953
16152022 152.334861111111 1.88807285061036 6.03720064193598e-05 4631.50976562
16152023 152.361296296296 1.85023821572039 0.000139176221719994 4219.01464844
16152024 152.364965277778 1.81890085305612 7.82602006004194e-05 4141.26708984
16152025 152.386689814815 1.84974864001377 7.87366020683314e-05 3896.74560547
16152028 152.433217592593 1.85380905246436 6.40977615686622e-05 3426.65966797
16152029 152.454791666667 1.84169744004043 6.82497415068311e-05 3180.93847656
16152030 152.477372685185 1.85504484824757 5.94601904845367e-05 3082.79394531
16152031 152.499039351852 1.79420180378606 5.86905653129822e-05 2902.34228516
16152032 152.520706018519 1.83056575519542 6.7661483992204e-05 2746.12695312
16152033 152.537962962963 1.81172794735119 0.000130437976395354 2538.55981445
16152034 152.546840277778 1.83564687675316 7.23814066417109e-05 2427.93725586
16152035 152.564479166667 1.81416884247451 6.60517877541485e-05 2316.11474609
16152045 152.744351851852 1.95437477632812 6.8111887232656e-05 5364.83496094
16152046 152.765162037037 2.01060930993742 5.03742453059084e-05 4228.61328125
16152047 152.786157407407 1.89131170867593 7.28372615627724e-05 3684.61914062
16152048 152.80875 1.84386305958955 0.000179745930989638 3772.68505859
16152049 152.8153125 1.85162353032863 8.23367217539572e-05 3762.60668945
16152050 152.836759259259 1.92540166567167 0.000112037285888255 3692.05810547
16152051 152.862222222222 1.84400436278287 0.000110901148061402 3415.14135742
16152052 152.878553240741 1.91403513767524 9.51753188245557e-05 3258.92602539
16152053 152.899884259259 1.8483583610936 0.000347603475273486 3006.72583008
16152054 152.902037037037 1.85864906583981 9.00541718661328e-05 3003.12622070
16152055 152.923460648148 1.8876499181929 9.66174351236205e-05 2767.24365234
16152056 152.937800925926 1.90393883801806 0.000454991412314019 2726.93017578
16152057 152.943900462963 1.85528724861061 6.32379576217891e-05 2608.38867188
16152058 152.9653125 1.8412146949736 5.34347985659301e-05 2484.80810547
16152059 152.994699074074 1.83066507628952 6.04947051972046e-05 2364.10717773
16153001 153.016238425926 1.80544058385484 8.76204249007543e-05 2224.44921875
16153007 153.087638888889 1.83611015180319 6.75413011663002e-05 5882.19482422
16153009 153.111469907407 1.81504451147068 5.97364362159419e-05 4948.25976562
16153010 153.133321759259 1.83897769633074 4.73286266743175e-05 4584.95703125
16153011 153.159097222222 1.85454378001407 6.62734451076084e-05 4255.00878906
16153012 153.181921296296 1.85358254626182 0.000101766517656696 3981.21264648
16153013 153.191469907407 1.83951370173964 7.74427563203837e-05 3821.15747070
16153014 153.207928240741 1.8585534996085 7.60771190967313e-05 3607.83129883
16153015 153.227847222222 1.82704365125197 6.19812353441579e-05 3435.05859375
16153016 153.249641203704 1.81726844630784 6.06743602506248e-05 3138.22509766
16153017 153.271712962963 1.82077119222174 0.000238866661798544 3019.44384766
16153019 153.287800925926 1.85150686407028 5.85090746057289e-05 2893.70410156
16153020 153.309768518519 1.82794903613383 0.000222145936966445 2830.11376953
16153021 153.312488425926 1.82346369315258 5.89140791969677e-05 2799.39916992
16153022 153.334224537037 1.82953799005679 6.64820195725656e-05 2694.53515625
16153032 153.616319444444 1.92530104496299 5.52701758680749e-05 5855.31933594
16153033 153.640034722222 1.93085515770061 0.00013703607486421 4610.87304688
16153034 153.647743055556 1.95478349876775 8.36483321802612e-05 4424.66259766
16153035 153.668877314815 1.53968745218695 0.00113714358658187 4205.33691406
16153036 153.672152777778 1.95036724865551 5.8399326787527e-05 4163.58349609
16153037 153.688634259259 1.92014636776772 8.1700333256661e-05 3994.89038086
16153038 153.700324074074 79.0553673710551 0.00352330940561335 3801.72070312
16153039 153.722002314815 1.95655486232639 4.51476313136954e-05 3642.14599609
16153040 153.748888888889 1.91758436250254 5.07677853238169e-05 3294.92065430
16153041 153.771342592593 1.88720476402679 4.72319230102077e-05 3065.99658203
16153042 153.792951388889 1.89568793304552 4.49954845112281e-05 2894.90356445
16153043 153.814583333333 1.89381569891564 4.44170760395793e-05 2753.56591797
16153044 153.837002314815 1.86778496714215 4.58922095608786e-05 2608.38867188
16153046 153.860520833333 1.86934512805423 0.000112792766892837 2362.66748047
16153047 153.871261574074 1.89860508826183 4.51117997755204e-05 2381.38452148
16153048 153.89369212963 1.91775133514573 5.59167770239125e-05 2203.81250000
16154003 154.153854166667 1.93710217389901 7.21444182687962e-05 6016.81445312
16154004 154.174212962963 1.90520070167479 7.36476573812673e-05 5386.91064453
16154005 154.192546296296 1.89982096787472 6.13849192854382e-05 5102.55615234
16154006 154.2159375 1.85392464221915 5.33613685138089e-05 4776.20703125
16154007 154.238113425926 1.88575793919018 0.000135197964373284 4459.93652344
16154008 154.241481481481 1.85460153701861 6.37044441718153e-05 4349.79394531
16154009 154.256875 1.84041319059624 8.1100703802287e-05 4220.69433594
16154010 154.271701388889 78.0471063355259 0.137212084607361 3926.74072266
16154011 154.275497685185 1.84479523077313 0.000107249793188649 3826.19677734
16154021 154.983564814815 85.4671516002563 0.214309234944227 6059.52783203
16154022 154.985810185185 1.8589136141699 6.67353974102907e-05 5928.74804688
16155001 155.007685185185 1.85418220362695 6.12294282047347e-05 5300.76464844
16155002 155.029143518519 1.82123568286804 5.28363928524404e-05 4908.66650391
16155003 155.052048611111 1.81738918987779 5.37258834954269e-05 4656.46582031
16155004 155.07443287037 1.8357188815981 5.98052085983769e-05 4369.95068359
16155005 155.088738425926 1.87075925824901 0.00024926270889218 4252.36962891
16155006 155.090069444444 1.83766672370467 8.66153890333034e-05 4237.01220703
16155007 155.108252314815 1.86073655178005 6.11167994793753e-05 3885.94799805
16155008 155.12974537037 1.81470609865281 6.00592985755639e-05 3492.16918945
16155011 155.154351851852 1.84659545135284 0.00010094365897586 3285.56201172
16155012 155.164664351852 1.85853457005031 5.56686709177668e-05 3220.29223633
16155013 155.187395833333 1.87812300763189 5.53416990688648e-05 3032.40209961
16155014 155.20900462963 1.83294372355528 5.67596154491238e-05 2878.10620117
16155015 155.236099537037 1.86167969512907 5.89219119967428e-05 2654.22143555
16155016 155.257465277778 1.8451702718765 6.10828820696871e-05 2549.59790039
16155017 155.279293981481 132.972891862243 1.33545581783489 2448.81396484
16155018 155.281006944444 1.81415777945109 0.000204327285792779 2392.18310547
16155019 155.283159722222 1.79175190677914 6.07416024639e-05 2423.85791016
16155028 155.6796875 1.88631075777232 6.32553062550459e-05 5670.54736328
16155029 155.70130787037 1.3982203436994 5.22414209099603e-05 4862.11328125
16155030 155.706990740741 1.89138166921318 5.53005170128362e-05 4791.32470703
16155031 155.728726851852 75.6694645664425 0.0419379400935681 4445.77929688
16155032 155.749988425926 1.87353589330582 7.02058593028229e-05 4258.36865234
16155034 155.775046296296 1.86263102734305 7.76989743187116e-05 3950.49682617
16155035 155.795590277778 1.86048168052564 0.000139474462928128 3696.61694336
16155036 155.802789351852 1.86242221516055 0.000123317925534362 3604.71166992
16155037 155.810046296296 1.87051613094156 6.08523128574258e-05 3529.84350586
16155038 155.834270833333 1.84275052605708 5.89678205055189e-05 3377.70751953
16155039 155.855821759259 110.849068898567 0.994400430609681 3248.12792969
16155040 155.85806712963 1.83632481296448 8.01677168131703e-05 3155.74267578
16155041 155.874456018519 1.87032328353496 5.38830884490283e-05 3104.63037109
16155042 155.896400462963 1.84226274555561 5.81636188746257e-05 2938.33642578
16155044 155.919155092593 1.84051007340024 0.000875824036821927 2824.11474609
16155045 155.920462962963 1.83380481395713 0.000107933352341881 2738.20825195
16155047 155.930127314815 1.83374429036669 5.75172309980509e-05 2679.65771484
16155048 155.95162037037 1.84187853090014 6.76281468452911e-05 2605.98901367
16156005 156.1228125 1.92918122178574 6.93050828189892e-05 5882.91503906
16156006 156.144386574074 1.96588373230221 0.000145162330994447 4895.46875000
16156007 156.150555555556 1.91590089896799 4.91221516801819e-05 4749.33105469
16156008 156.172581018519 1.95279538692059 4.49934205985205e-05 4394.90722656
16156009 156.194201388889 1.8990108437631 6.99246452633318e-05 4165.74316406
16156010 156.216747685185 74.0696468876131 0.119014111976118 3993.45043945
16156011 156.220729166667 1.90515435536372 7.75402559749918e-05 3932.73999023
16156012 156.235671296296 1.9102824631578 0.000102712137112503 3888.10693359
16156013 156.245069444444 1.90829366842213 5.55272161513067e-05 3730.21215820
16156014 156.266481481481 1.9040723703157 6.26419020153925e-05 3626.06835938
16156015 156.287951388889 1.89832521335608 5.55686706877036e-05 3456.89501953
16156017 156.311157407407 1.88399894812762 5.60948826069409e-05 3281.00268555
16156019 156.333726851852 1.9089595306678 5.62483745684349e-05 3145.90405273
16156020 156.355277777778 1.8885277124086 5.70913482155001e-05 2984.88940430
16156021 156.380405092593 1.90310998055097 5.76333820760476e-05 2755.96533203
16156022 156.402349537037 1.88018917684863 7.59884972134497e-05 2494.40673828
16156028 156.490219907407 2.1899755077031 0.00027364474279021 664.21527100
16156030 156.501388888889 2.07043654327369 0.000207039504846709 594.62622070
16156031 156.514652777778 2.08888113996577 0.000242602468159194 569.19030762
16156032 156.524826388889 2.15809243612921 0.000374176148618292 566.55065918
16156033 156.531076388889 2.00229015827818 0.000149800781777917 539.43493652
16156034 156.559166666667 2.06348771877279 0.000805365773225222 525.51721191
16156043 156.70380787037 1.88912809928683 6.80257579867977e-05 5352.35693359
16156045 156.72412037037 1.8405467256816 9.61346856114857e-05 4976.09521484
16156048 156.764756944444 1.84147760108879 4.82535446634773e-05 4428.02197266
16156049 156.786481481481 1.83108086307685 7.01942858670069e-05 4118.23046875
16156050 156.808576388889 1.85410349660954 7.79739875521618e-05 3815.87792969
16156051 156.827685185185 1.84857706313032 6.30044811237448e-05 3611.67065430
16156052 156.849583333333 1.79853967858479 6.47471584777657e-05 3436.73828125
16156053 156.871157407407 1.79201951164004 5.97313007198399e-05 3266.12524414
16156054 156.893217592593 1.81892432898643 5.85641974897944e-05 3040.80078125
16156055 156.914722222222 1.82894100205812 0.000259194567353398 2950.57519531
16156056 156.919652777778 1.81568938481503 5.25543412698303e-05 2937.85693359
16156057 156.951018518519 1.79129952050581 6.18259736475687e-05 2670.05908203
16156059 156.973344907407 1.79769416302779 0.000110684357879928 2563.99560547
16157004 157.072962962963 1.92393922285754 7.06221199602209e-05 6135.83691406
16157005 157.09474537037 1.9080966077229 6.04159016442972e-05 5207.65966797
16157006 157.116296296296 1.92021987729978 5.25378081844066e-05 4833.31787109
16157007 157.137939814815 1.91511762593821 6.55600589660338e-05 4543.44384766
16157010 157.155844907407 1.90883715055587 0.00169444733770867 4428.26220703
16157011 157.157685185185 1.86801417554022 0.00155413720076903 4319.55908203
16157013 157.162164351852 1.92947330237105 4.75931986116429e-05 4325.79785156
16157015 157.185439814815 1.87620754873837 0.000129317106561676 4058.00048828
16157016 157.193819444444 1.88961193861535 9.20096364568256e-05 3943.77856445
16157017 157.209282407407 1.90846242816403 0.000110344251285948 3795.96191406
16157018 157.216412037037 1.90854434713818 7.70670851166604e-05 3697.33740234
16157019 157.231655092593 1.88879694928166 9.06033229935422e-05 3596.07299805
16157020 157.245092592593 1.89110258492484 6.0179519283925e-05 3401.22387695
16157021 157.267233796296 1.880185228914 6.19260631148669e-05 3200.85522461
16157022 157.28875 1.90618046468861 0.000264434289331652 3033.84155273
16157024 157.297592592593 1.85112796741014 6.06085079193975e-05 2910.26123047
16157025 157.324178240741 1.8869532585672 6.12740595912239e-05 2607.66894531
16157026 157.3459375 1.8961546273427 5.65138747903577e-05 2365.78686523
16157027 157.3678125 1.87632347220678 9.06479335022509e-05 2125.34497070
16157034 157.4365625 1.91310731240797 0.000107321979604283 5522.72949219
16157035 157.439467592593 1.92413067570182 6.92367734275715e-05 5378.03222656
16157036 157.458113425926 1.88183025158292 5.81458742155867e-05 4858.75439453
16157037 157.479722222222 1.9231565906738 5.07219544849968e-05 4604.63378906
16157038 157.501365740741 1.89693619752225 4.75826819475777e-05 4302.52197266
16157039 157.523993055556 1.9096435813175 6.68127491302615e-05 4187.33984375
16157040 157.550150462963 1.90252166070826 8.5345714987031e-05 3829.79638672
16157042 157.586134259259 1.90315833063337 6.68126597171858e-05 3384.90625000
16157043 157.607731481481 1.90122912405956 5.92051513167301e-05 3127.90673828
16157044 157.629560185185 1.89859515597949 9.72945811007064e-05 2797.47900391
16157045 157.652222222222 1.89817525455682 5.77474563188652e-05 2572.87451172
16157046 157.675208333333 1.89762336283269 6.02620258223186e-05 2394.10253906
16157047 157.694965277778 183.934695072688 3.87763394989631 2247.72558594
16157048 157.699710648148 1.89945959985902 0.00493859358698807 2184.85571289
16157049 157.701388888889 1.88736979728014 9.16040775917172e-05 2180.53613281
16157050 157.708136574074 1.92004171743623 0.000145572980846802 2126.06494141
16157059 157.812291666667 1.93876781716051 6.01922590543441e-05 6299.25146484
16157062 157.833900462963 1.91939488571902 6.27456740982571e-05 5324.52050781
16157063 157.855405092593 1.92941002845306 5.15467224968311e-05 4913.94531250
16157064 157.877199074074 1.89328261308073 4.93625105719483e-05 4698.45898438
16157065 157.898888888889 1.89966031909131 7.01704914888517e-05 4371.39062500
16157066 157.92056712963 1.89613141317915 0.000404263915611448 4220.45458984
16157067 157.930289351852 1.90499574597797 0.000226820897734856 4052.00122070
16157068 157.937615740741 1.91670138922105 6.10336360950473e-05 3926.02099609
16157069 157.959328703704 1.87399233446711 0.000117898471348063 3618.14965820
16157071 157.98 1.92871814627524 0.00372893600215018 3338.35424805
16157072 157.985706018519 1.88706855308039 0.000130483438284796 3207.33447266
16157073 157.997349537037 1.85919478305322 5.77920168852509e-05 3111.82934570
16158001 158.019930555556 1.89796925369449 8.28855574966368e-05 2905.46191406
16158002 158.03412037037 1.91908389682264 7.35708265648364e-05 2789.56054688
16158003 158.047893518519 1.89739174409306 0.000170699967044245 2670.05908203
16158004 158.052581018519 1.90727245341157 0.000119321136891008 2649.66235352
16158005 158.058564814815 1.89239080745262 5.78253096438783e-05 2567.83520508
16158006 158.08224537037 1.93381600895421 7.81231646906192e-05 2389.06323242
16158015 158.219386574074 1.89633451555626 0.000276196512912458 6190.06884766
16158016 158.225590277778 1.95405618711563 7.36761298419481e-05 5875.71582031
16158017 158.245381944444 1.87924859780162 6.02760110325663e-05 5239.09423828
16158018 158.266851851852 1.89285270945173 4.88031361497787e-05 4690.54003906
16158019 158.290810185185 1.8925027174241 5.02485600231571e-05 4473.13476562
16158020 158.313414351852 1.90106392317156 6.69515032886136e-05 4308.04052734
16158021 158.334421296296 75.1860779012984 0.136191116239567 4086.79565430
16158022 158.337037037037 1.87917299163106 0.000190361775789951 4099.03369141
16158023 158.341574074074 1.89582761214912 6.06518421613129e-05 3935.13964844
16158024 158.362986111111 1.92245632241941 8.10772082395299e-05 3670.70141602
16158025 158.385115740741 1.89930582748146 0.000166898769305326 3461.93432617
16158026 158.391331018519 1.89883885785202 0.000500062857342447 3471.29296875
16158027 158.392465277778 1.91018950746264 0.000100568431174036 3385.62646484
16158028 158.401145833333 1.86535695119522 0.000142993156271309 3352.99121094
16158029 158.410532407407 1.90073688089041 9.0279742280327e-05 3210.93408203
16158030 158.418055555556 1.91322901810868 5.22610656222444e-05 3143.74438477
16158031 158.439814814815 1.90228478984887 5.81636748003749e-05 2982.48974609
16158032 158.474259259259 1.88302425653557 0.000235497668951743 2467.29101562
16158033 158.478009259259 1.89734980598788 5.4794036281688e-05 2438.97534180
16158034 158.499965277778 1.91455413136976 0.000149265925260931 2279.40063477
16158039 158.569699074074 96.2324362837965 0.371798853973088 5732.21728516
16158042 158.57337962963 1.91934086829277 0.000142233602806944 5404.18847656
16158043 158.578321759259 1.90885991876601 0.00022805565362272 5207.41894531
16158044 158.585289351852 1.87815401181281 0.000229446857249289 4984.49414062
16158045 158.588171296296 1.87629171381955 6.69918891163046e-05 4904.10693359
16158046 158.60099537037 1.92503093262634 7.49654720266855e-05 4587.11669922
16158047 158.610405092593 1.88305561444024 5.05692972764364e-05 4625.27001953
16158048 158.630439814815 1.89254840988343 6.8341675153749e-05 4365.15185547
16158049 158.652395833333 1.8723690365345 6.58696744248065e-05 4147.02636719
16158051 158.675162037037 1.87584766102755 8.2347641400403e-05 3939.93920898
16158052 158.692048611111 1.86716331438824 7.35096004622925e-05 3659.42309570
16158060 158.821076388889 1.7525996092802 5.88763255166309e-05 5068.48095703
16158062 158.868587962963 1.87109672747401 7.38977783555138e-05 4124.70996094
16158064 158.891030092593 1.88853664765381 6.77217188308847e-05 3949.29736328
16158066 158.917071759259 1.86937234653455 6.43701108726363e-05 3773.88549805
16158069 158.959097222222 1.8902865858576 5.91800116496661e-05 3386.82617188
16158070 158.980671296296 1.85668254841766 6.12084237329987e-05 3224.37158203
16159002 159.004386574074 1.87785376579274 5.54273243417735e-05 3087.11328125
16159003 159.025902777778 1.86814863833923 5.75318302774339e-05 2975.05102539
16159004 159.047476851852 1.85515437600027 7.60245392554371e-05 2759.80493164
16159009 159.126006944444 1.97670078465863 0.000237618537278436 6167.99218750
16159010 159.128310185185 1.98764504183327 7.93231001557579e-05 6047.29003906
16159011 159.146944444444 1.95302604101371 5.85111529234724e-05 5275.32812500
16159012 159.168888888889 1.92943624422385 5.23716370950038e-05 4817.96044922
16159013 159.19037037037 1.94243010309214 4.4151671207801e-05 4601.03515625
16159014 159.214363425926 1.92300600400111 6.70481044278782e-05 4273.00683594
16159015 159.235763888889 1.87811647061751 0.000125545070904749 3956.73632812
16159017 159.25130787037 1.95156155223879 6.25031547546867e-05 3856.67187500
16159018 159.272523148148 1.92399075904722 5.81629320090187e-05 3535.84252930
16159019 159.298657407407 88.1844376142885 1.04639933604109 2905.70190430
16159020 159.299930555556 1.95634057872388 7.00517058814667e-05 2853.86987305
16159023 159.323287037037 1.9335619133458 6.08813087813961e-05 2324.27343750
16159024 159.345266203704 1.91694796864023 8.21983125285311e-05 2094.62963867
