16127047 127.8553125 0.439990596255747 0.000169879030742684 120.04376221
16127048 127.881018518519 0.584882634912698 0.000477377023180575 122.08127594
16127049 127.896261574074 0.632686864312327 0.000409466399833324 110.21726990
16127052 127.939178240741 0.427122043872571 0.000236148401294276 83.72399139
16127053 127.960590277778 0.417389297604781 0.000264072659153262 66.79244232
16127054 127.978402777778 0.412113489689948 0.00114544361875777 58.93040848
16127055 127.982974537037 0.415964430530718 0.000229571246436279 57.43846512
16128001 128.006435185185 0.414934197361539 0.000235696844339031 56.95744705
16128002 128.030810185185 0.416248656277141 0.000243072071472265 54.81461716
16128003 128.052395833333 0.410463441824942 0.000274386137386053 53.52937698
16128005 128.124953703704 0.464277306162792 0.00122945973908366 188.80349731
16128006 128.126724537037 0.461992069608427 0.00119750246081357 182.73052979
16128007 128.127928240741 0.456214605145445 0.000160401477738166 178.61145020
16128008 128.154849537037 22.1513759920045 0.0130544498240176 148.41813660
16128009 128.168078703704 0.485390087247037 0.000263819141673337 135.30839539
16128010 128.181342592593 0.491511446650608 0.00023975803412419 117.08219910
16128011 128.202939814815 0.496069769650741 0.000250241433077497 100.45311737
16128012 128.224537037037 0.504964206912772 0.00027241030900779 84.79751587
16128013 128.246296296296 0.433195543538823 0.00434019745351783 66.44779968
16128014 128.2490625 0.444218525759399 0.00176751448360921 66.80433655
16128015 128.263414351852 0.430895838782034 0.000245006820554507 61.12089920
16128016 128.286180555556 0.435948956103388 0.000323094469125498 60.27219391
16128020 128.310694444444 0.430557026463358 0.000745255221515763 55.11872482
16128021 128.314305555556 0.423731991372023 0.000247125095772507 54.68600082
16128022 128.337175925926 0.421244744127671 0.000261967574443952 50.18634796
16128028 128.439525462963 0.435044202216482 0.00022960156793244 185.02767944
16128029 128.454548611111 0.439589537142628 0.000223039457383484 172.49885559
16128030 128.46568287037 0.436997739368016 0.000173690023802975 165.33009338
16128031 128.485844907407 0.439397081510935 0.000795832432424098 154.91360474
16128032 128.490081018519 0.435928431227077 0.000557169318268223 152.62960815
16128034 128.498078703704 0.435324876303419 0.000278096242170918 145.09120178
16128035 128.508159722222 0.427705281411905 0.000303761432315877 137.79040527
16128036 128.517476851852 0.427457187092378 0.000176276561919435 134.25222778
16128037 128.539363425926 0.42217289296117 0.0001748852433022 121.00911713
16128038 128.562638888889 0.420651664919526 0.000561417977351048 115.11820984
16128039 128.56787037037 0.421459464096487 0.000189206285461026 108.81488037
16128040 128.588344907407 0.420780363616632 0.000188933029285279 422.01010132
16128041 128.60962962963 0.418412263802577 0.000197536780738856 399.05661011
16128042 128.630775462963 0.406341675873233 0.000519001167181269 369.65185547
16128043 128.636030092593 0.421599506891849 0.000198374455329886 365.50238037
16128044 128.657511574074 0.422538948068611 0.000571272256987352 360.12869263
16128047 128.718344907407 0.49653921195856 0.000210539514432412 638.71826172
16128048 128.739837962963 0.477268081129907 0.000184521019190508 725.53564453
16128049 128.761284722222 0.474781941657604 0.000201318171642782 651.02264404
16128050 128.782673611111 0.468105198082394 0.000190391976846111 548.25720215
16128051 128.804293981481 0.468388695275059 0.000232028657235606 496.03942871
16128052 128.825833333333 0.465793826475761 0.000317248347131968 445.87982178
16128053 128.838981481481 0.468402332431593 0.00156863068988179 413.72705078
16128054 128.844398148148 0.471215944900457 0.000408894979378891 419.07711792
16128055 128.856574074074 0.472724148489408 0.000206007931080603 385.57647705
16128056 128.880335648148 0.507199844715358 0.00537820714569479 351.86972046
16128057 128.884652777778 0.456678050291004 0.000336047843230241 352.06604004
16128058 128.897106481481 0.446860961519983 0.000215133514094728 333.72607422
16128059 128.919050925926 0.413315353719884 0.000208707433836661 308.46002197
16128060 128.939780092593 0.382688608797401 0.000198446052854617 1391.08239746
16128061 128.9603125 0.388364936223529 0.000875225159793429 369.05862427
16128062 128.963541666667 0.38548680029849 0.000673984460925291 369.05862427
16128064 128.971203703704 0.385271539451581 0.000194937899186304 369.05862427
16128065 128.993796296296 0.38801164925994 0.000249012322808188 320.11706543
16129001 129.063159722222 0.457109270214044 0.000163393361629786 860.35583496
16129002 129.088032407407 0.452783907138074 0.000160661051322387 804.32604980
16129003 129.110914351852 0.453477576538588 0.00019332863890785 777.28808594
16129004 129.132569444444 0.450583773156741 0.000192782323473856 723.42321777
16129005 129.154571759259 0.449500777008605 0.000195677272950824 661.42584229
16129006 129.176840277778 0.446013366808151 0.000206919704167343 598.84771729
16129007 129.197858796296 0.446843593431771 0.00020955207650832 527.76739502
16129008 129.220636574074 0.451446792460528 0.000187739520849987 487.90618896
16129009 129.244826388889 0.443655882224668 0.000191619264883211 451.82723999
16129010 129.267083333333 0.439845558204782 0.000199149083430956 423.98461914
16129011 129.289444444444 0.444983224380803 0.000202045217875608 405.02352905
16129012 129.311041666667 0.44775856237642 0.00171064018074227 397.85519409
16129013 129.317638888889 0.447256508948475 0.00035589757261317 369.94854736
16129014 129.326284722222 0.447329677773561 0.000254931827529284 360.86746216
16129015 129.342534722222 0.444074944054874 0.00196131279386073 346.96664429
16129016 129.344895833333 0.453282579542286 0.00109677604258132 350.25067139
16129017 129.347696759259 0.453207193001515 0.000880315349909535 348.82867432
16129018 129.350648148148 0.459993887770774 0.00112076351537904 342.70864868
16129019 129.353229166667 0.459862955223201 0.00186105946149655 347.21160889
16129022 129.415891203704 0.478868139457796 0.000196539236269193 874.45587158
16129023 129.439918981481 0.478812688955631 0.000209673607725374 763.45214844
16129025 129.462280092593 0.486406594945443 0.000254783429310578 668.07983398
16129029 129.499409722222 0.447198918771217 0.000197080279495427 535.79437256
16129030 129.520740740741 0.451339552929783 0.000215281783738604 515.51574707
16129031 129.541909722222 0.447712193386403 0.000207924080852189 461.65951538
16129032 129.562546296296 0.448462733565133 0.000200490670252251 434.80126953
16129033 129.584525462963 0.441430884394521 0.000200398543653521 414.07992554
16129034 129.605949074074 0.440655158548585 0.000203639445694541 386.32330322
16129035 129.627418981481 0.440256351599749 0.000207301270076275 362.44430542
16129036 129.648935185185 0.437992874539478 0.000291288724798213 338.40881348
16129037 129.690659722222 0.433528146948131 0.000214694087870162 311.88897705
16129038 129.7121875 0.433162973432232 0.000219731331323083 298.92062378
16129039 129.733680555556 0.434334638408508 0.000235178884761769 284.76910400
16129043 129.809664351852 0.447486886705339 0.000192051610650546 944.79687500
16129044 129.828958333333 0.441760510602976 0.000155351964565727 874.82550049
16129045 129.850393518519 0.448948795455484 0.000161695316260769 835.27185059
16129046 129.871886574074 0.456855851544837 0.000204430416095691 761.12854004
16129047 129.893587962963 0.453136092196314 0.000199068943643562 691.42126465
16129048 129.915081018519 0.449140851343123 0.000193822910751185 620.60498047
16129049 129.938344907407 0.44242081899484 0.000186066482305087 557.49871826
16129050 129.959826388889 0.442546614247389 0.000187962160929789 515.93829346
16129051 129.98193287037 0.436558755460445 0.000188825876936541 484.97695923
16130001 130.003831018519 0.435389330348736 0.000189828305054053 447.62118530
16130002 130.025358796296 0.434283929570958 0.000192122835832377 418.21817017
16130003 130.04712962963 0.429609768320074 0.000220219955877777 400.15850830
16130004 130.066944444444 0.43241714810106 0.000202296263451814 378.22079468
16130005 130.088668981481 0.443891186415573 0.000257084965866555 363.28240967
16130012 130.341747685185 10.6550237206322 0.0133622537604025 742.59283447
16130015 130.350231481481 0.385175211955308 0.00136092857933124 699.81781006
16130016 130.353287037037 0.471081307071239 0.000556460718101256 692.89990234
16130017 130.357002314815 0.475142313780287 0.000330465933022098 681.44036865
16130032 130.697534722222 0.452019506511735 0.00124216936332908 784.25872803
16130033 130.698854166667 0.453653708779089 0.000160336086881511 767.14880371
16130034 130.719467592593 0.451791049312269 0.000193952829523415 683.49993896
16130035 130.740914351852 0.449245527255183 0.000197858086340498 642.83734131
16130036 130.762465277778 0.471133736049171 0.00404361812262687 593.77819824
16130037 130.764305555556 0.444605970800228 0.00362835819795495 589.55340576
16130038 130.767789351852 0.442639157858774 0.000185079452826086 588.23321533
16130039 130.78931712963 0.421191229036178 0.00320924784405029 551.90093994
16130040 130.79318287037 0.432188183097779 0.000178432625230561 536.63916016
16130041 130.8146875 0.422986097149982 0.00335133440655257 502.57513428
16130043 130.826840277778 0.435859602498672 0.00363510882625579 490.21118164
16130044 130.829594907407 0.432612311327849 0.000181909493765145 485.34286499
16130045 130.850810185185 0.427552900844498 0.000214330386524553 465.79266357
16130046 130.868229166667 0.430756123190781 0.000189929237121494 444.24221802
16130047 130.889351851852 0.425472441019886 0.000297801226830366 424.03524780
16130048 130.905405092593 0.42889638360223 0.000192568469553528 399.95816040
16130049 130.926944444444 0.430709530685202 0.000196434856926889 383.73535156
16130051 130.951134259259 0.427828971904172 0.000205107574388779 364.61413574
16130052 130.972569444444 0.428925122683461 0.000182226488441653 340.94876099
16130053 130.999918981481 0.432164270861252 0.000974206147567233 315.80621338
16131004 131.068298611111 0.466211141964106 0.00016296898697727 871.86828613
16131005 131.089918981481 0.460394870309975 0.000195294428905081 765.30041504
16131006 131.111736111111 0.459392378451819 0.000193186607500737 742.01184082
16131007 131.133518518519 0.462353364580645 0.000204584807545129 699.07849121
16131008 131.155092592593 0.456474795098407 0.000214939742072723 671.67077637
16131009 131.1771875 0.448907355164441 0.000191341366010581 595.25677490
16131010 131.20212962963 0.453686535466044 0.00019476264167254 534.21008301
16131011 131.223726851852 0.450185150844733 0.000192941032047513 482.83538818
16131012 131.24556712963 0.441999562079315 0.000185742230295776 454.55050659
16131013 131.269479166667 0.441098789955506 0.000196802701050786 416.09756470
16131014 131.291365740741 0.439472744453698 0.000203064855159423 391.70755005
16131026 131.608009259259 0.362210181630018 0.0047477050509684 836.11682129
16131028 131.645891203704 0.466724756498089 0.000241636572717641 720.04345703
16131029 131.661666666667 0.457141671745732 0.000441588199706079 665.22808838
16131030 131.666412037037 0.45644578476823 0.000222064341226463 663.74957275
16131032 131.682152777778 0.459828489176108 0.000413798290891663 781.82958984
16131034 131.68849537037 0.459020641550025 0.000592150491031274 612.57800293
16131036 131.693460648148 0.454368402555773 0.000757654335571501 602.01629639
16131037 131.695335648148 0.457829760168814 0.000337478938871369 584.64221191
16131039 131.704305555556 0.456388349913821 0.000184034326415013 587.38836670
16131040 131.725902777778 0.462329762969845 0.000706936227677542 530.61901855
16131041 131.729560185185 0.448452678096981 0.000171678277889643 526.28875732
16131042 131.75375 0.445425385200493 0.000185344327884117 483.87973022
16131043 131.775104166667 0.445642256663067 0.000187386089168535 448.49240112
16131044 131.796666666667 0.441404114475061 0.000193199176009362 426.21444702
16131045 131.818101851852 11.7230719588404 0.011840923406745 396.70431519
16131046 131.823020833333 0.442441884499451 0.000502892296390611 395.15411377
16131047 131.830520833333 0.448333754131788 0.000200290918417854 388.01696777
16131048 131.852013888889 0.44794983526477 0.00129290398059384 364.91021729
16131049 131.854930555556 0.445543250686115 0.000206892396627442 358.50418091
16131050 131.87630787037 0.44767361374212 0.000228235340444992 349.46600342
16131054 131.959074074074 0.471410663379538 0.000171275858723859 872.29064941
16131055 131.984259259259 0.495143656717683 0.000351163746320579 779.98126221
16132001 132.016585648148 0.482500734137185 0.000232499082344082 654.50793457
16132002 132.039814814815 0.48611776441877 0.000240508885242524 573.97491455
16132003 132.061770833333 0.47657384430611 0.000259905398350618 519.10681152
16132021 132.432164351852 0.454079036576554 0.000154801686837392 988.52233887
16132022 132.45255787037 0.463629379167278 0.000214140942268367 947.96551514
16132023 132.466956018519 0.469407960289106 0.000195360392343351 778.81945801
16132024 132.488923611111 0.464511728167719 0.000188123420540588 723.21209717
16132025 132.513587962963 0.438783285811194 0.000166499138617848 671.72363281
16132026 132.536168981481 0.457574115645964 0.000191101430510799 596.36578369
16132027 132.559803240741 0.454365147561598 0.000192025747459288 509.97091675
16132028 132.584016203704 0.378277480602719 0.000311606455314562 447.46743774
16132029 132.604131944444 0.452010132041176 0.000297930729994065 403.16656494
16132030 132.622361111111 0.442981001011994 0.000196620098905479 393.95474243
16132032 132.645925925926 0.43974826922551 0.000213522663378441 354.86434937
16132033 132.667766203704 0.441093965494124 0.00046958325226408 332.16699219
16132046 132.834699074074 0.476638742164977 0.0001728061945946 953.35180664
16132047 132.861134259259 0.48230434563996 0.000221153798838011 846.36163330
16132048 132.877951388889 0.475112699548381 0.000289655449444654 766.77911377
16132049 132.885798611111 0.462596204471715 0.00018100102598692 749.66906738
16132050 132.907569444444 0.455829653701071 0.000173367522476651 684.66180420
16132051 132.930081018519 0.454180793396798 0.000177129732740753 604.81512451
16132052 132.951782407407 0.452609704201828 0.000349772321794759 580.25921631
16132053 132.961423611111 0.454141088739062 0.000183273207932672 545.61669922
16132054 132.983287037037 0.450871951538999 0.000187278872570083 503.41961670
16133001 133.005173611111 0.445755364594992 0.000169712139223757 469.46847534
16133002 133.032569444444 0.449367640710222 0.000198518760069953 431.13861084
16133003 133.054328703704 0.449249789935911 0.000201207876137958 406.78158569
16133004 133.076296296296 0.449424312001044 0.000207872633316117 383.68560791
16133005 133.098043981481 0.445736330159474 0.000398928164250598 359.88250732
16133006 133.107592592593 0.453462670482408 0.00021517023432495 346.18304443
16133007 133.129178240741 0.448233745357321 0.000219206827375209 323.99649048
16133008 133.150960648148 0.449720210874133 0.00022434059154095 310.87429810
16133009 133.172615740741 0.44684556867138 0.000227614530823204 290.37310791
16133010 133.194502314815 0.44018917688101 0.000232050987197701 271.54760742
16133011 133.216122685185 0.446437289848344 0.000239945787388698 263.46340942
16133012 133.23787037037 0.445913545277441 0.000988426031060966 246.32405090
16133013 133.244166666667 0.44467564205735 0.000249312480555663 249.20510864
16133014 133.265983796296 0.446349337940855 0.000484208300069094 226.65718079
16133085 133.816550925926 0.49561835272805 0.000165582742760394 930.53875732
16133086 133.842673611111 0.486728243338342 0.000159481078424524 816.84161377
16133087 133.868865740741 0.458752977255258 0.000179043247161467 720.94128418
16133088 133.890659722222 0.452501869833942 0.00017475729966004 669.82250977
16133089 133.912939814815 0.450441042593537 0.000173308736415547 612.15551758
16133090 133.935590277778 0.451070954438661 0.000537790742410788 572.81311035
16133091 133.940462962963 0.451157042507883 0.000178131278798937 542.07849121
16133092 133.963553240741 0.450715963432681 0.000184811313746941 498.72393799
16133093 133.985833333333 0.448908737851552 0.000187645795748836 483.35742188
16134001 134.007627314815 0.44400706418381 0.000189320068581005 450.23608398
16134002 134.029340277778 0.445911392826511 0.000197149701393877 418.47070312
16134003 134.051215277778 0.442919518906648 0.000243238370483546 406.68112183
16134004 134.06931712963 0.44896359780927 0.000205668258119357 375.64187622
16134005 134.0909375 0.434572996509065 0.000263978575029091 361.26159668
16134010 134.211747685185 0.438343791383028 0.000149701711720872 761.86791992
16134013 134.248310185185 0.43694447484329 0.000195591365277727 693.26959229
16134014 134.26994212963 0.418887374369605 0.000170813978033948 639.77441406
16134015 134.293657407407 0.413873540269684 0.000171703891685795 614.84875488
16134016 134.315590277778 0.410374612676722 0.000200830416215037 567.95465088
16134017 134.334259259259 0.408706236809717 0.000168638093080553 533.94598389
16134018 134.358738425926 0.403556790095934 0.000178005637321804 487.74917603
16134019 134.381273148148 0.401496341291469 0.000170732528695781 455.63067627
16134028 134.430810185185 0.396283373912956 0.000166833805036381 391.40805054
16134029 134.461527777778 0.395635793616695 0.000197522707073847 355.55328369
16134030 134.483541666667 0.392039930645454 0.000224028182773429 331.38778687
16134042 134.736979166667 0.446447076914307 0.000642449288765116 785.36779785
16134043 134.740729166667 0.406447906097429 0.000178739494648062 784.89245605
16134044 134.755844907407 0.399340593218648 0.000244019335190686 755.21398926
16134045 134.777905092593 0.400953763432104 0.000156482871446577 709.85144043
16134046 134.80025462963 0.398972305822515 0.000156937446578112 638.19012451
16134047 134.823969907407 0.40091710648833 0.000167224904292668 598.47808838
16134048 134.845763888889 0.397589513632512 0.000276162072920116 564.15258789
16134049 134.865393518519 41.8540704644746 1.83259737643672 522.27526855
16134050 134.867627314815 0.00374364626048805 0.000163663931565546
522.53930664
16134051 134.869768518519 8.92249117733564 0.390951003426687 521.43035889
16134052 134.873287037037 22.5706085855664 0.997104929556008 512.82257080
16134053 134.874733796296 0.396711929571846 0.000363859706810735 515.14611816
16134054 134.879560185185 0.39360739079719 0.000171650808017951 511.02703857
16134055 134.901863425926 0.397376310944975 0.000181682306793157 460.67913818
16134056 134.923460648148 0.393569582726053 0.000302910411446381 437.29760742
16135001 135.001261574074 0.406941523732004 0.00014144670971164 892.25231934
16135002 135.022766203704 0.402881125564737 0.000157040635483061 791.59918213
16135003 135.044178240741 0.407394464089987 0.000177404674386964 740.00518799
16135004 135.065775462963 0.406918677899942 0.000173720980142892 697.28302002
16135005 135.087488425926 0.396349462372425 0.000160546211112251 637.45086670
16135006 135.109155092593 0.396906195016614 0.000188342577699951 578.51654053
16135007 135.129236111111 0.398226796992321 0.000168961560422176 537.95941162
16135008 135.151724537037 0.397882416036444 0.000178090845661234 506.90795898
16135009 135.173587962963 0.39382682549575 0.000174830232036347 476.37384033
16135010 135.195358796296 0.39852573396267 0.000176077615294567 450.49261475
16135011 135.219108796296 0.392648285183471 0.000171727455293095 431.34194946
16135012 135.243993055556 0.391840391149839 0.000346987255152299 405.07379150
16135013 135.25494212963 0.389886217210067 0.000193596702252908 380.50454712
16135014 135.27724537037 0.389806434836167 0.000257337969763207 370.19577026
16135024 135.524131944444 0.40254589456056 0.000221537206614918 834.90222168
16135025 135.544155092593 0.404175708526669 0.00021422546599761 753.20733643
16135026 135.557361111111 0.406834332508198 0.000306002109204236 703.35601807
16135031 135.576863425926 0.405979878749278 0.000338752731148082 675.63153076
16135032 135.582696759259 0.404914615092462 0.000167360027263598 651.18103027
16135033 135.604375 0.40002726933787 0.000167692812327341 603.65338135
16135034 135.626041666667 0.396928775879093 0.000203166834157196 549.15490723
16135035 135.643599537037 0.399172513947759 0.000174499814706805 515.30456543
16135036 135.665856481481 0.397803707275778 0.000182610017029547 486.17953491
16135037 135.686782407407 0.396608421759417 0.000180475421588535 460.26651001
16135038 135.708611111111 0.394442943711381 0.000182762635307187 432.20620728
16135039 135.730300925926 0.392112749348976 0.000181968769591438 419.48138428
16135040 135.752881944444 0.392025351835984 0.000241600480143431 392.70599365
16135041 135.769340277778 0.390218937470993 0.000195720072063445 374.15533447
16135042 135.791412037037 0.381921741061991 0.000489450587596013 340.11810303
16135043 135.796979166667 0.38740970338522 0.000228653483526242 345.98715210
16135047 135.899548611111 0.411934359128546 0.00128757400097299 791.49353027
16135048 135.900659722222 0.402334796047197 0.000137014105813299 780.98461914
16135049 135.923599537037 0.402033494785712 0.000230964720238852 694.22009277
16135050 135.93625 0.401946767410161 0.000278191505460635 683.39440918
16135051 135.943368055556 0.405575009069652 0.000871083068223335 655.77551270
16135053 135.945613425926 0.408987805010561 0.000251366355315273 653.29339600
16135054 135.953796296296 0.413278685711846 0.000316622137031996 649.75518799
16135055 135.960416666667 0.408711571504044 0.000376492500456476 643.31262207
16135056 135.964618055556 0.408569887235175 0.000157797548521349 624.03747559
16135057 135.985648148148 0.403745786122416 0.000671473369568891 569.90869141
16135061 135.990497685185 0.403619944454802 0.00016198852847564 572.49627686
16136001 136.012106481481 0.399138682347144 0.000199253129473938 531.19995117
16136002 136.029398148148 0.398555979180779 0.000166362008402009 507.33047485
16136003 136.050972222222 0.394978436947294 0.000169207649609896 481.11355591
16136004 136.072615740741 0.394954852162066 0.000238882183656125 444.44692993
16136011 136.207268518519 0.40315486739655 0.000136550514758922 884.11981201
16136013 136.231759259259 0.408557827530243 0.000147935400904354 783.78350830
16136014 136.253472222222 0.404782806779988 0.000147712839576277 713.81207275
16136015 136.275081018519 0.399952404782761 0.000313836301405957 678.64154053
16136016 136.284085648148 0.397325398447499 0.000149341544923791 659.89447021
16136017 136.305949074074 0.39568366456664 0.000140372255319313 612.52526855
16136018 136.334421296296 0.388354273418702 0.000804089053362059 922.61730957
16136019 136.336203703704 0.393640739294612 0.000160731832169349 291.14035034
16136020 136.35818287037 0.393765385467155 0.000165459497729713 261.09002686
16136021 136.380648148148 0.391224991765919 0.000158077069479209 223.51684570
16136022 136.406145833333 0.387366564507547 0.000159323895149047 205.16516113
16136023 136.431990740741 0.384614330298135 0.0001700570006937 214.30432129
16136024 136.458229166667 0.385713973745669 0.000183123153803821 197.21420288
16136025 136.480266203704 0.385569701779037 0.0002211176800167 180.40422058
16136035 136.618043981481 0.396503951585794 0.000154736390433493 914.37921143
16136036 136.634965277778 0.39729084208821 0.000143978255665535 787.63848877
16136037 136.659884259259 0.377062627774742 0.000501320245572077 703.46154785
16136038 136.663252314815 0.297914624499838 0.000982175015252439 701.66607666
16136039 136.664861111111 0.326438351061786 0.0011206735228701 696.49078369
16136040 136.66619212963 0.391344670354165 0.000328317898822593 683.28869629
16136041 136.672349537037 0.314490658852501 0.00100726623033641 666.75958252
16136042 136.674166666667 0.395978009164671 0.000336720587270057 663.96081543
16136043 136.678784722222 0.395468860583215 0.000158895348880152 663.96081543
16136044 136.701041666667 0.399848255589278 0.000161640003237921 656.25073242
16136045 136.723090277778 0.394722002314756 0.00019109663995272 636.28906250
16136046 136.741516203704 0.394629173888036 0.000165929949873888 594.62310791
16136047 136.763275462963 0.393825503030905 0.000177295287106386 544.61340332
16136048 136.783958333333 0.387341060499185 0.000170423054850963 517.10003662
16136049 136.805555555556 0.385600133401691 0.000170058758783444 492.09927368
16136050 136.82775462963 0.385605977264797 0.000176892988754018 453.52246094
16136051 136.849571759259 0.386242326728543 0.00019412999528173 450.80047607
16136052 136.871226851852 0.386552333050535 0.000182825590543223 402.81539917
16136053 136.893553240741 0.390543993206579 0.000169339794233672 397.50482178
16136057 136.986851851852 0.396056868302849 0.000133885637411611 908.25329590
16137001 137.008530092593 0.396228996116318 0.000158678386697719 786.79357910
16137002 137.030543981481 0.398090208514582 0.000162095268582698 719.77941895
16137003 137.052523148148 0.399090142514086 0.000160169394011316 684.82019043
16137004 137.075162037037 0.402030190380694 0.000168275218931174 650.07214355
16137005 137.096701388889 0.400979066481716 0.000194170888825078 606.24096680
16137006 137.116666666667 0.397703419375291 0.000174966893665177 568.85247803
16137007 137.138333333333 0.395396867796009 0.000174390999117378 511.60797119
16137008 137.160034722222 0.390849945160232 0.000255557575997738 470.92016602
16137009 137.1746875 0.390004406395521 0.000194656931751169 446.95516968
16137010 137.192106481481 0.386482906993773 0.000184518651758553 430.22402954
16137011 137.21369212963 0.382509194018931 0.000178150620618704 395.30413818
16137012 137.241157407407 0.385864724153963 0.000188719614974059 370.69036865
16137013 137.263935185185 0.383147651543652 0.000186747620440543 346.32992554
16137017 137.344016203704 0.391740365221957 0.000130386208263996 975.63702393
16137018 137.367407407407 0.39783271857293 0.000148754424374884 849.84704590
16137019 137.391944444444 0.400390546880993 0.000159033879174774 777.34082031
16137020 137.414814814815 0.401015718647756 0.000167264438153495 714.81549072
16137021 137.436631944444 0.394972963424243 0.000132432787641404 664.43603516
16137022 137.472488425926 0.396055651620349 0.000245504087001499 564.36383057
16137028 137.508865740741 0.390414094148948 0.000170575274305959 516.09667969
16137029 137.531365740741 0.388455233245741 0.000159045489045715 480.59207153
16137030 137.557835648148 0.386139396152143 0.000179073212695325 433.78317261
16137031 137.580081018519 0.386424408445531 0.000226143754692446 415.69393921
16137032 137.597303240741 0.384798055347774 0.000187460253457198 398.55584717
16137033 137.619108796296 0.387959086771488 0.000236331590333024 390.21066284
16137038 137.715891203704 0.40096954696833 0.000137398680920936 880.89855957
16137039 137.737638888889 0.402441296379564 0.000160351308661588 788.06097412
16137040 137.760439814815 0.408332419642155 0.000170548157238176 728.17602539
16137041 137.782766203704 0.40518856642074 0.000170979250510944 673.09661865
16137042 137.805509259259 0.404626922406216 0.000172812622876106 630.48016357
16137043 137.82755787037 0.399641524288634 0.000168301318334083 561.98742676
16137044 137.851226851852 0.397877543764358 0.000574127806123602 515.14611816
16137045 137.856030092593 0.39894010385639 0.000181820066659259 486.38867188
16137046 137.877928240741 0.395415817078269 0.000181808070356143 476.37384033
16137047 137.899872685185 0.399140852717326 0.00018396131020358 438.72546387
16137048 137.922210648148 0.399486035401676 0.000189251810543246 408.33987427
16137049 137.944305555556 0.390716792393282 0.000178016891146482 391.10864258
16137051 137.980659722222 0.392685727099217 0.000424622156394309 354.71789551
16137052 137.988449074074 0.397408787103975 0.000250172845003536 358.89788818
16138013 138.094270833333 0.390443587188587 0.000354252896580166 786.74072266
16138014 138.100081018519 0.394011119758835 0.000156808137674475 776.12615967
16138015 138.122060185185 0.394225436247418 0.000160051033795795 739.16021729
16138016 138.143703703704 0.398395582597022 0.000164639154542125 693.26959229
16138017 138.165439814815 0.405186413057388 0.000171534773803282 634.22949219
16138018 138.188078703704 0.402972325375644 0.000421464059383536 590.87371826
16138019 138.192847222222 0.400442552599419 0.00031939932327173 564.46936035
16138020 138.199791666667 0.397720093589604 0.000412077555437301 555.91448975
16138021 138.206030092593 0.394216851137833 0.000176061976969944 533.89318848
16138022 138.227662037037 0.388083427882982 0.000168944897807306 488.69165039
16138023 138.251064814815 0.385601306615902 0.000177421817781919 449.26144409
16138024 138.274143518519 0.38793384084992 0.000185760348873024 422.31378174
16138025 138.296134259259 0.387080055994047 0.000186143216621197 389.46255493
16138026 138.318240740741 0.385646877643462 0.000280546606880728 379.06451416
16138027 138.331678240741 0.38221927369496 0.0001915612416923 366.88473511
16138028 138.354027777778 0.380710947918354 0.000188617111275697 346.47686768
16138029 138.37818287037 0.377012894628269 0.000241619307882302 331.53387451
16138040 138.515289351852 0.383643256641837 0.000147071707990317 879.15582275
16138042 138.541782407407 0.388053318033065 0.000156061267873506 783.46667480
16138043 138.564293981481 0.388749817619543 0.000347953084898155 717.08630371
16138044 138.570752314815 0.394455568207142 0.000158848663540152 717.35028076
16138045 138.593136574074 0.392486801885512 0.00016182346123508 652.60693359
16138046 138.614930555556 0.38916283600817 0.000159503851289555 606.55786133
16138047 138.642326388889 0.392831616510244 0.000172132934110235 534.26281738
16138048 138.663993055556 0.392109187858766 0.000173943041617475 506.00909424
16138049 138.685729166667 0.393766859453597 0.000177919848691451 467.65560913
16138050 138.708356481481 0.391148854953162 0.000178532460052267 455.57919312
16138051 138.731550925926 0.392627754775115 0.000187837120698171 418.97601318
16138052 138.754224537037 0.387615537707622 0.000189378225802405 387.07034302
16138053 138.776076388889 0.377886501046558 0.0025891039540674 374.79937744
16138054 138.779895833333 0.390844562605231 0.000205720483337766 359.14401245
16138055 138.8015625 0.393470154735633 0.000461898465987055 337.72540283
16138059 138.868923611111 0.3987751891651 0.000144583120703603 1008.58966064
16138060 138.889224537037 0.402056851325564 0.000997307844380444 932.49249268
16138061 138.890428240741 0.400792137950247 0.000139746008039794 922.72296143
16138062 138.911898148148 0.4045068903763 0.000142931999052126 852.91003418
16138063 138.933877314815 0.410408603340843 0.000148310084591309 806.06872559
16138064 138.955810185185 0.41074385920824 0.000147351929907273 726.53887939
16138065 138.978842592593 0.408239542306176 0.000237519496501147 649.96649170
16138066 138.990601851852 0.399942003902769 0.000214914329919014 626.78344727
16139001 139.007060185185 0.400531939749265 0.000364051910644266 585.43444824
16139002 139.011655092593 0.402518087144676 0.00017936724459126 579.57263184
16139003 139.033194444444 0.395433479025156 0.000177009330672276 510.97421265
16139004 139.054814814815 0.391236197543655 0.000182300178645567 477.10220337
16139005 139.076493055556 0.386453033850321 0.000183922164150825 443.47515869
16139006 139.097951388889 0.379892983415783 0.000639792570507076 407.63604736
16139007 139.10162037037 0.38563893533145 0.00025056313488386 400.25872803
16139008 139.115949074074 0.379881890980505 0.000190607115708972 388.16650391
16139009 139.137685185185 0.376084542362121 0.000193697854857783 366.78594971
16139010 139.159131944444 0.378836541931565 0.000197514684325107 345.00808716
16139011 139.18087962963 0.378276353974247 0.000202127365213792 329.05157471
16139012 139.202361111111 0.37913754429122 0.000207214966346391 309.66690063
16139013 139.223969907407 0.381407092187858 0.000313566199818477 293.34735107
16139021 139.298703703704 0.383951946316021 0.000209482009694045 921.98358154
16139022 139.308229166667 0.385667820757654 0.00014859827271539 879.89520264
16139023 139.330185185185 0.386915791279879 0.000155338391079217 797.46087646
16139024 139.352037037037 0.387856409485236 0.000157765856680981 741.37817383
16139025 139.373020833333 0.386296312160444 0.000155477405653054 703.72570801
16139026 139.394953703704 0.383130766480997 0.000172850595931212 636.60589600
16139027 139.417465277778 0.37889859234181 0.000182519187378371 575.08386230
16139028 139.435219907407 0.381900104846988 0.000166826463560914 536.90332031
16139029 139.457048611111 0.380004556268989 0.000171886040629823 514.24841309
16139030 139.478935185185 0.377796157201676 0.000165880978055354 466.51693726
16139031 139.503043981481 0.376119045703632 0.000209814826604111 437.29760742
16139032 139.519872685185 0.371437799031496 0.000216376229821817 420.13858032
16139033 139.537835648148 0.370442053391124 0.000188774898570108 378.56817627
16139034 139.559502314815 0.371650200701905 0.000303624207933153 372.12518311
16139054 139.925590277778 0.415728000557571 0.000238923432740065 777.55206299
16139055 139.942951388889 0.406794608824069 0.000186241210491446 728.96813965
16139056 139.965798611111 0.402500983222663 0.000208109303441914 677.16290283
16139057 139.987604166667 0.396824390669922 0.000183004189207926 639.29913330
16140001 140.009247685185 0.398350166480237 0.000179585515046905 605.76568604
16140002 140.030810185185 0.396365021724426 0.000178745020412669 553.48516846
16140003 140.055196759259 0.395827691802583 0.000188610682030714 501.46539307
16140004 140.076678240741 0.39734684357734 0.000239461774475786 456.76284790
16140007 140.099375 0.386150220558294 0.000399351371656196 410.70458984
16140008 140.106273148148 0.384633791692136 0.000191114799363744 397.90518188
16140009 140.127673611111 0.383710946206054 0.000198425480240938 369.94854736
16140010 140.14912037037 0.384500054364126 0.000185409003295031 347.55450439
16140011 140.179074074074 0.379036622579996 0.000221747197113271 313.67761230
16140012 140.198553240741 0.379135996367439 0.000211016999317673 293.05938721
16140013 140.220520833333 0.377359113166753 0.00022232725394458 277.55310059
16140014 140.241956018518 0.376403456770232 0.000467735808900091 264.41326904
16140015 140.2578125 0.378129788779952 0.000591055799631738 254.78637695
16140016 140.268425925926 0.375507323325833 0.000411723718318116 248.21296692
16141003 141.047303240741 0.396394370204034 0.000218606111121216 856.02569580
16141004 141.061354166667 0.393062728758677 0.000381178685646792 805.01257324
16141005 141.070046296296 0.400308268278852 0.000138751636954866 756.05902100
16141006 141.091863425926 0.402480079520673 0.00028371267875841 715.50201416
16141007 141.100162037037 0.408679681113214 0.000175080380215851 682.70788574
16141008 141.121886574074 0.405501357266891 0.000175058023363264 638.24298096
16141009 141.143449074074 0.404222322173634 0.000157898137879105 573.49963379
16141010 141.173460648148 0.408753808273092 0.000193767954393187 496.67071533
16141011 141.214733796296 0.405301247130375 0.000261125076653974 400.65957642
16141014 141.241574074074 0.410046417633133 0.000215225975768201 369.30578613
16141016 141.265347222222 0.396336047848186 0.00020633505783126 339.19006348
16141017 141.288425925926 0.387502620688802 0.000346447315589462 319.19616699
16141018 141.299571759259 0.615550190457227 0.000416691377683689 304.98724365
16141019 141.314988425926 0.388281611097839 0.000462754638537756 290.42108154
16141021 141.321840277778 0.383440776728408 0.000217889625149231 285.15191650
16141022 141.3434375 0.380265331575123 0.000307972150386292 267.40753174
16141029 141.414050925926 0.389661376410212 0.000176128783224979 907.93652344
16141031 141.429131944444 0.394456448320688 0.000256284155990594 802.16088867
16141032 141.438344907407 0.393834202587253 0.000156495223180668 777.34082031
16141033 141.459918981481 0.39642354415956 0.000160271677828357 719.56823730
16141034 141.481458333333 0.406925796641267 0.000172019179707161 673.41357422
16141035 141.50306712963 0.422272491787735 0.000204379690908689 610.99377441
16141036 141.525150462963 0.447599559809525 0.0005040581253771 547.83459473
16141037 141.534872685185 0.432564929140424 0.000300304915764689 518.84271240
16141038 141.548900462963 0.423370157404681 0.000218603919233869 484.08859253
16141040 141.57443287037 0.431754391696488 0.000243908805906721 426.51870728
16141041 141.595266203704 0.430051230270587 0.000723867404730897 378.91561890
16141049 141.9634375 0.389095086525791 0.000127031909990191 964.23046875
16141050 141.985636574074 0.39073681726049 0.000147723783122969 842.13690186
16142001 142.007094907407 0.390532294173988 0.000150343423716558 779.87567139
16142002 142.028877314815 0.393335507437777 0.000227871018222578 714.28735352
16142003 142.042395833333 0.393724165185836 0.000155698102943106 686.19323730
16142004 142.063900462963 0.498126814243661 0.000231944243894154 628.57897949
16142005 142.085983796296 0.391322937721312 0.000295928102349736 572.02099609
16142006 142.096574074074 0.39021846248179 0.00016659986014511 531.41119385
16142007 142.118460648148 0.3891577368114 0.000174553072067405 483.35742188
16142008 142.140034722222 0.387159262055988 0.000178060606499335 445.82870483
16142010 142.164085648148 0.380298217535402 0.000180836959867455 417.86459351
16142012 142.188576388889 0.38230397617652 0.000188302263150474 381.59753418
16142013 142.210011574074 0.381814762374568 0.000299949608203813 356.09402466
16142014 142.221585648148 0.378168236240848 0.000194016801929228 334.06723022
16142015 142.243587962963 0.384897043274159 0.000287152640313919 316.87115479
16142022 142.322916666667 0.38542295973675 0.000143574460493016 982.34387207
16142024 142.341689814815 0.389397395337041 0.000145801707120713 890.61529541
16142025 142.363425925926 0.389392252994591 0.000336020628857857 811.40240479
16142027 142.372233796296 0.390248816184378 0.00014954860042354 759.54431152
16142028 142.393854166667 0.391735861818124 0.000152601577328549 715.55480957
16142032 142.423761574074 0.389261709291272 0.000144340698036853 624.24871826
16142035 142.456493055556 0.389460244535297 0.00016870037356995 537.32568359
16142036 142.47806712963 0.387933985587478 0.000172865293132715 475.74975586
16142037 142.499722222222 0.382769310408936 0.000180697746096522 437.14468384
16142038 142.521319444444 0.385506715322006 0.000185652219292084 410.95623779
16142039 142.542858796296 0.383524246228708 0.000191726737914344 388.56518555
16142041 142.566157407407 0.381968475425776 0.000334191304358576 352.70419312
16142044 142.578634259259 0.380432286623107 0.000199974172050238 340.02041626
16142046 142.600972222222 0.380332680742179 0.000755487473806944 318.13031006
16142048 142.606099537037 0.381663967420894 0.00083634881760885 316.48385620
16142061 142.672581018519 0.385538100071252 0.000130262399496713 978.22473145
16142065 142.698831018519 0.382419067993161 0.000149417410624754 829.04052734
16142066 142.720555555556 0.383179967361877 0.000151875865155669 768.15209961
16142067 142.742164351852 0.387882153351383 0.00016006786623055 708.53125000
16142068 142.763784722222 0.385843791090539 0.000153123295760122 633.33184814
16142069 142.78744212963 0.382971080538365 0.00020270126167001 579.88952637
16142070 142.803784722222 0.380098155449695 0.000165087883207143 530.19665527
16142071 142.825613425926 0.382635498782859 0.000172174550636535 491.20742798
16142072 142.847164351852 0.377768302971225 0.000185712432636318 459.33847046
16142073 142.867939814815 0.280364426529311 0.00119266937522277 431.64694214
16142074 142.871365740741 0.270169336310708 0.00118064229916709 432.56219482
16142075 142.873900462963 0.374598759498507 0.000360767597953417 427.73614502
16142076 142.879282407407 0.374920306767492 0.000181593412069576 422.31378174
16142077 142.9009375 5.08270123742376 0.00275781741726251 390.60971069
16142078 142.920474537037 0.374429995195218 0.00101306239827456 369.50354004
16142079 142.924386574074 0.376698476808269 0.000197829989158932 365.69982910
16142080 142.944664351852 0.377324233917469 0.000179089585547984 343.05096436
16143002 143.03 0.385180358427466 0.000124984798106663 1062.77136230
16143003 143.052314814815 0.384623964395587 0.000148256975631077 905.03210449
16143004 143.073761574074 0.384233350620068 0.000148426370610477 833.79315186
16143005 143.095405092593 0.386804912120982 0.000153063117257138 778.87225342
16143006 143.116886574074 0.38777958203759 0.000156677895282556 700.97961426
16143007 143.138368055556 0.388698996794549 0.00033993970291582 639.88000488
16143008 143.148854166667 0.386548376683867 0.000565662478788135 607.29705811
16143009 143.157592592593 0.389521870681427 0.000168641694850394 560.50866699
16143010 143.179560185185 0.384379933132756 0.000173375872886185 510.92144775
16143011 143.201122685185 0.381647201452733 0.00017947448758607 458.15328979
16143012 143.222615740741 0.380047750440006 0.000186056271799516 396.75433350
16143013 143.244085648148 0.380486072706464 0.000194436220935692 377.77423096
16143014 143.265555555556 0.375835233139209 0.000289041403374609 348.09350586
16143015 143.27837962963 0.374493517826594 0.000201432560822605 329.10018921
16143016 143.300902777778 0.379316645944464 0.000238547050973667 309.90835571
16143018 143.333275462963 0.375065899053006 0.000285226526558496 278.17361450
16143019 143.344988425926 0.376317300229994 0.000200619920255328 269.07235718
16143020 143.371770833333 0.372088289875032 0.000227706106093204 248.11849976
16143021 143.393287037037 0.372548747874292 0.000236209712777757 236.99191284
16143022 143.414872685185 0.374107319038616 0.000291398270299087 211.78359985
16143031 143.482824074074 0.385769184904041 0.00016536349049092 990.10662842
16143032 143.495520833333 0.389267289811985 0.000152189027542725 907.14440918
16143033 143.51712962963 0.386284090017362 0.000151087398168684 835.85272217
16143034 143.53837962963 0.382469576610074 0.000147735554403186 752.67932129
16143035 143.560474537037 0.384157912300886 0.000153296518586259 712.33337402
16143036 143.582430555556 0.384208394968748 0.000158811752564271 651.18103027
16143038 143.609016203704 0.384678554481802 0.000180374169954393 565.36712646
16143039 143.626967592593 0.380140078506294 0.000177804709750152 532.52008057
16143040 143.64619212963 0.379043773184277 0.000164045065983991 475.59375000
16143041 143.670231481481 0.379208302856662 0.000173213031478379 440.56268311
16143042 143.69255787037 0.378650190320728 0.000183331261716051 424.49114990
16143043 143.714027777778 0.37884646315271 0.000222520237335928 374.10577393
16143044 143.731990740741 0.378663460632487 0.000193316613094607 355.60247803
16143045 143.753657407407 0.380705721529218 0.000206598692374083 333.38494873
16143052 143.837789351852 0.390106481682262 0.000131084078048664 950.39465332
16143053 143.860173611111 0.390474956255995 0.000157289994465639 827.29779053
16143054 143.881724537037 0.387337959440875 0.000162184391695939 763.87469482
16143055 143.903275462963 0.387384573582944 0.000158120273411353 718.61767578
16143056 143.924826388889 0.387065957578094 0.000164067320094219 671.35394287
16143057 143.944513888889 0.382673088793003 0.000171263165262897 631.80029297
16143058 143.964722222222 0.383215428516136 0.000164800162337859 561.35363770
16143059 143.986481481481 0.382245550552292 0.000167617243351907 516.88879395
16144001 144.008310185185 0.377243329202459 0.000172652421725189 465.79266357
16144002 144.029814814815 0.378023248353108 0.000177689461583535 445.11206055
16144003 144.051331018519 0.379441490146285 0.000184393936327267 406.98263550
16144004 144.072824074074 0.380677146213488 0.000232747021444272 376.73263550
16144005 144.090231481481 0.379528589632988 0.000192502840272656 356.04486084
16144007 144.117835648148 0.377247999086428 0.000275531357506026 340.02041626
16144012 144.177175925926 0.391671089678879 0.000128656251533755 1123.02600098
16144013 144.199988425926 0.386615864711731 0.000154267863437544 940.88903809
16144014 144.221574074074 0.390251212470352 0.000154755918566658 849.58300781
16144015 144.243136574074 0.384610857936505 0.00014994242531024 805.48785400
16144016 144.264791666667 0.383651915187015 0.000150821923478482 738.42089844
16144017 144.287638888889 0.380803224653364 0.000778716969035738 650.81152344
16144018 144.29431712963 0.38678186419065 0.000302287263792147 637.97894287
16144019 144.303425925926 0.384804149473209 0.000163123202911871 596.47131348
16144020 144.325092592593 0.384014025300666 0.000174979084969295 545.61669922
16144021 144.345648148148 0.382171768033664 0.000171108113984824 509.44277954
16144022 144.36744212963 0.379541641049749 0.000242971510567498 454.70483398
16144023 144.383055555556 0.379105694734356 0.000184748365799645 435.15771484
16144024 144.404525462963 0.376591341363375 0.000191137590514865 396.30416870
16144025 144.42875 0.377324774693795 0.000213503390106637 360.17794800
16144026 144.450509259259 0.375117672985071 0.00022919404032686 340.55783081
16144037 144.530532407407 0.386115903557443 0.000301399700356702 919.66003418
16144038 144.53494212963 0.388482526045705 0.000203951896960269 884.91204834
16144039 144.546354166667 0.389144315896697 0.000149297987328375 848.89648438
16144040 144.567824074074 0.383972097182063 0.00014528679329451 765.19488525
16144041 144.591238425926 0.387328611903416 0.000398626234740343 695.17065430
16144042 144.599282407407 0.385997123501192 0.00016167335938761 674.89215088
16144043 144.620798611111 0.387366451779782 0.000264929709781502 632.06439209
16144054 144.758784722222 0.307937894484413 0.00266697379025773 1043.49621582
16144055 144.760231481481 0.382044782890965 0.000122119426215656 1012.39190674
16144056 144.784155092593 0.38187456079357 0.000147222769600285 882.90515137
16144057 144.8059375 0.38202685917262 0.000347485071610018 795.24298096
16144059 144.812210648148 0.38053832849709 0.000447842086995707 793.55310059
16144060 144.820960648148 0.376216251131429 0.000968933708469533 770.10607910
16144061 144.82212962963 0.380953167145018 0.000157741181341176 781.40710449
16144062 144.841747685185 0.38211090870895 0.000573011242549762 706.52447510
16144064 144.847106481481 66.8572608552604 0.0150341439224737 686.51007080
16144065 144.850868055556 0.373051274171257 0.00015296977002273 676.10675049
16144070 144.893981481481 0.37908291366832 0.000164421097000551 561.30090332
16144071 144.9159375 0.377919379013846 0.000175730714845643 524.75732422
16144072 144.93724537037 0.37890942751267 0.000306638918216005 484.03646851
16144073 144.946805555556 0.372215678755427 0.00017710459614725 451.31384277
16144074 144.968391203704 0.371201959717966 0.00029176924060008 414.93719482
16144075 144.977476851852 0.375494652411152 0.000186390720249136 411.25839233
16144076 144.998993055556 0.368740269892288 0.000289010232730349 367.77383423
16145001 145.012962962963 0.369948130336929 0.00030005557035111 362.04998779
16145002 145.022881944444 0.3731067192204 0.000403322762542066 340.06927490
16145003 145.031157407407 0.370787584532209 0.000208063583261715 344.51864624
16145008 145.115625 0.383883947821761 0.000593898282368387 1015.87731934
16145009 145.117905092593 0.381407963876445 0.000398152337483233 979.22802734
16145010 145.121493055556 0.379763728079067 0.000144578068923676 970.98992920
16145011 145.143287037037 0.38071164979128 0.00015027802986822 828.30108643
16145012 145.164803240741 0.378678349406385 0.00014985758930466 781.77679443
16145013 145.186342592593 0.379323053158387 0.00015012340088212 728.07049561
16145014 145.207835648148 0.377743676929639 0.000157512805940212 654.66644287
16145015 145.229409722222 0.376762146688874 0.000227919583896175 613.84539795
16145016 145.241759259259 0.374139582419352 0.00016148187493533 568.53558350
16145017 145.263333333333 0.375208088289858 0.000166110153881049 523.64831543
16145018 145.28474537037 0.372170560603263 0.000171299273988349 481.47860718
16145019 145.3065625 0.375266594436492 0.000176114255105737 438.52139282
16145020 145.329305555556 0.374714039704663 0.000186100661914508 408.54104614
16145021 145.350266203704 0.372955353199178 0.000204129587350654 387.96710205
16145022 145.37193287037 0.371758338584637 0.000190097406105306 358.65179443
16145023 145.394097222222 0.372820527707989 0.00018528986411106 330.90093994
16145024 145.419456018519 0.36974420463126 0.000389631101685379 312.22726440
16145035 145.510243055556 0.374945172393508 0.000155550374566974 903.07806396
16145036 145.528321759259 0.377557264841645 0.000154307405540553 793.02502441
16145037 145.549756944444 0.376573531999928 0.00028104949887028 741.64221191
16145039 145.559178240741 0.37527083672758 0.000156883005790793 684.97863770
16145040 145.580706018519 0.381122105959268 0.00016282338547963 646.16430664
16145041 145.602222222222 0.374416302668593 0.000164535193476322 594.14782715
16145042 145.622395833333 0.374486168883893 0.000172631000665975 542.02569580
16145043 145.647719907407 0.374559425931742 0.000172687127783366 494.51489258
16145044 145.669293981481 0.372527849892515 0.000178082094344927 450.44128418
16145045 145.690914351852 0.369018039977484 0.000180887502856407 412.66870117
16145046 145.712488425926 0.369344756663432 0.000185618634806587 389.81161499
16145048 145.739606481481 0.368882253632627 0.000193283740912343 350.93740845
16145049 145.76537037037 0.368570487146999 0.000206041452537247 325.55090332
16145050 145.786157407407 0.369750552360378 0.000245783818027677 309.08752441
16145055 145.847256944444 0.380752844667763 0.000124450614835734 1041.33105469
16145056 145.870775462963 0.375568373773528 0.000146889594791798 862.20422363
16145057 145.892465277778 0.375007701590329 0.000146912564221792 789.22277832
16145058 145.914085648148 0.375574328311337 0.000152132257138074 726.06372070
16145059 145.935891203704 0.372780783303586 0.000171016567380925 654.66644287
16145060 145.953784722222 0.372861166252349 0.000175195573253152 583.16363525
16145061 145.974201388889 0.377457240016054 0.00016534466808308 530.19665527
16146002 146.009837962963 0.375217858639252 0.00026227413639218 464.19000244
16146003 146.021527777778 0.372689521929627 0.00017693131113588 438.67443848
16146004 146.043611111111 0.367778260275742 0.000179767120586452 405.32489014
16146005 146.065787037037 0.366270255191375 0.000180172020760962 372.22421265
16146006 146.089699074074 0.364685035402966 0.000367818084523728 355.40585327
16146007 146.098657407407 0.370052709729257 0.000197624209013979 335.33483887
16146008 146.120439814815 0.362932982084101 0.000215990798681689 319.19616699
16146014 146.2065625 0.379889065950943 0.000128202494918934 1114.41809082
16146015 146.228090277778 0.378013617947864 0.000153748910287098 956.04510498
16146016 146.244988425926 0.377408178562515 0.000158728385531294 892.09387207
16146051 146.531956018519 0.385547348181622 0.000173877717788345 871.02325439
16146052 146.5478125 0.380875722139491 0.000260883007516479 801.10473633
16146097 146.63380787037 0.386440642112504 0.000147479561072111 879.84222412
16146098 146.652268518519 0.377859486066916 0.00015177767755241 794.50360107
16146099 146.673981481481 0.383256830415517 0.000325337014935574 717.35028076
16146100 146.684328703704 0.381728145295861 0.00017617945872817 681.65167236
16146106 146.773125 0.378580252748192 0.000146874949383741 898.21972656
16146107 146.790393518519 0.383493807144822 0.000158215082105783 811.19116211
16146109 146.814340277778 0.377753247699864 0.000153288840349822 738.05120850
16146111 146.840034722222 0.377797044099919 0.000154232704306572 682.86621094
16146112 146.861608796296 0.379142579206649 0.00017469530979534 619.91839600
16146114 146.880671296296 0.376248743614417 0.000219424670169034 572.91876221
16146115 146.897291666667 0.374576395157224 0.000165070074954074 531.14703369
16146116 146.920763888889 0.374126990693632 0.000170695590430247 474.34628296
16146117 146.943425925926 0.375726439847783 0.00021674021423785 425.20056152
16146118 146.958715277778 0.370011883151594 0.000182242345864348 405.17416382
16146119 146.980266203704 0.374398633153049 0.000228174184168358 380.25619507
16146120 146.996979166667 0.374689152670063 0.000483099441438189 360.07943726
16147006 147.104965277778 0.388030788178099 0.000129490936128777 956.73162842
16147007 147.126863425926 0.386770163330512 0.000165089187647748 796.24633789
16147008 147.150590277778 0.385291955632627 0.00016551805269 736.09729004
16147009 147.172314814815 0.378401107328348 0.00015807965388616 683.34155273
16147010 147.193993055556 0.375108475028768 0.000153707382768609 631.85314941
16147011 147.215694444444 0.372738223083051 0.000692775668322207 577.19616699
16147012 147.219548611111 0.370861021425484 0.000232919922168562 578.56927490
16147013 147.232280092593 0.374898503833767 0.000191881251253722 540.54705811
16147014 147.253553240741 0.371650532235122 0.000169638250156849 489.52984619
16147056 147.698090277778 0.391690180276329 0.000155989902666972 971.83496094
16147057 147.714756944444 0.388176053228075 0.000153934666134685 853.86053467
16147058 147.736608796296 0.383732147360366 0.000249391581611727 770.00036621
16147059 147.745347222222 0.380083498737518 0.000147831331390012 772.58801270
16147060 147.766840277778 0.387013598935278 0.000163937600406149 690.04821777
16147061 147.791053240741 0.389900782100117 0.00018572587474025 606.08258057
16147062 147.80912037037 0.385512489064522 0.000279808848727682 558.55480957
16147063 147.819513888889 0.388309793499026 0.000176560631215555 541.39196777
16147064 147.841030092593 0.387822570269819 0.000181366830153793 470.24603271
16147065 147.862569444444 0.381763316651241 0.000184845895535994 423.63006592
16147066 147.8840625 0.377300310479541 0.000192832386222755 389.06369019
16147067 147.905763888889 0.379913152121372 0.000196116258101515 371.67977905
16147068 147.927962962963 0.37646252154738 0.000274298829136755 349.66217041
16147069 147.943240740741 0.374130226143309 0.000202235402444803 324.19073486
16147070 147.964791666667 0.372577309867466 0.000214960440188187 306.86776733
16148002 148.037106481481 0.382187260456812 0.000121869278147972 1160.52014160
16148003 148.059976851852 0.378913581369209 0.000156558056277396 953.66882324
16148004 148.075231481481 0.38062243682336 0.000145821414401892 874.98406982
16148005 148.096990740741 0.377753787591701 0.000149275316425827 789.64532471
16148006 148.118680555556 0.379246301224482 0.000153347811566881 728.59857178
16148007 148.140428240741 0.380747813407613 0.000170051933809538 637.08111572
16148008 148.162511574074 0.382055840204414 0.000172608214880258 561.40643311
16148009 148.184166666667 0.377739870449468 0.000175906282725572 477.05017090
16148010 148.205752314815 0.377433715214782 0.000178272991543732 427.22882080
16148011 148.228738425926 0.316364796201315 0.000179243211408477 393.60501099
16148012 148.250335648148 0.161315762783101 0.000224727685621665 361.70504761
16148017 148.289039351852 0.381233391955947 0.00179233232264945 309.71517944
16148018 148.294409722222 0.373282028773406 0.00319155466354029 300.74884033
16148019 148.299618055556 0.375506347239626 0.000205320356691686 313.04901123
16148020 148.323009259259 0.375189142944159 0.000222035252346793 276.98040771
16148021 148.34474537037 0.373585947261097 0.000629039461980185 249.72494507
16148022 148.35505787037 0.375791852923888 0.000286399730105451 237.83909607
16149001 149.006377314815 0.751292092094874 0.000189951692127563 1046.51440430
16149002 149.035891203704 0.702056189780153 0.000187917901847654 785.35455322
16149003 149.057615740741 54.9736044061676 2.11211841116237 678.10388184
16149004 149.061273148148 0.739684716761922 0.000212202967469193 670.34875488
16149005 149.081157407407 0.735421495670782 0.000243266031043955 620.06829834
16149006 149.102916666667 0.754778284990457 0.000393882468767578 539.70489502
16149007 149.153946759259 0.75600320728533 0.000872798332295124 392.01678467
16149008 149.159699074074 0.756173999917241 0.00140830363874189 377.78491211
16149009 149.163252314815 0.741770658133626 0.000880695200772967 369.98715210
16149010 149.171689814815 0.759232127789505 0.00027719441474362 353.53948975
16149011 149.193784722222 0.780065555461122 0.00034738130569131 305.68789673
16149013 149.215393518519 0.762935148806655 0.000295624656431183 266.14532471
16149014 149.240138888889 0.775408001955473 0.000353626409710792 229.28723145
16149024 149.36505787037 0.749359111131331 0.000489597126360999 674.99328613
16149025 149.370578703704 0.73892170373129 0.000855328617184197 644.48419189
16149044 149.774722222222 0.34474005062334 0.000125856572530835 810.15386963
16149048 149.828356481482 0.336985036155089 0.000209199340727813 684.58068848
16149049 149.842118055556 0.332401528810638 0.000134572380699305 665.10766602
16149050 149.863645833333 0.327585465401579 0.000132948209766548 629.52783203
16149051 149.885023148148 0.334334474576591 0.00032394513578663 614.27331543
16149052 149.891956018519 0.332407537844674 0.000139482083776835 591.22100830
16149053 149.913842592593 0.330397403969166 0.000143074264710453 564.50421143
16149054 149.935081018519 0.33111918625575 0.000141182896416757 541.36669922
16149055 149.957071759259 0.334983824337987 0.000148096908070084 500.37539673
16149056 149.97806712963 0.325690113378482 0.000145979652029632 470.16445923
16149057 149.999618055556 0.334048277603315 0.000358851397856757 450.30804443
16150001 150.008136574074 55.7900015244342 0.712448436325237 435.82040405
16150004 150.041516203704 0.32865785368616 0.000217402433747256 372.24554443
16150010 150.105717592593 0.340721571909527 0.000120697360235754 862.94830322
16150011 150.127511574074 0.343315619130078 0.000142115349513514 756.03839111
16150012 150.149108796296 0.350160441499461 0.00014291188510321 716.19757080
16150013 150.170671296296 0.345191565115151 0.000207140778549316 668.17559814
16150014 150.186319444444 0.344605742369234 0.00014091131911667 629.35742188
16150015 150.208032407407 0.346942439832713 0.000151458999730259 596.71777344
16150016 150.2303125 0.344261436240327 0.000200920717694114 527.34777832
16150018 150.247662037037 0.343904616110301 0.000184987616762739 494.15423584
16150019 150.262175925926 0.33943545885007 0.000143926290749677 470.97406006
16150020 150.287939814815 0.344036561335434 0.000155145045077396 443.78857422
16150021 150.310208333333 0.33508185404051 0.000157149385180675 425.46603394
16150022 150.332071759259 0.333635896093502 0.000161561617138002 406.67477417
16150023 150.356018518519 0.339541203701515 0.000162823033653364 384.77301025
16150024 150.379502314815 0.338765551969551 0.000189635322190592 371.56378174
16150042 150.632696759259 0.34639203732838 0.000370885337461711 946.20928955
16150044 150.637465277778 0.342374805472473 0.000122336709323347 909.77722168
16150045 150.659282407407 0.338776171883277 0.000122338918023326 829.07293701
16150046 150.680752314815 0.339344219237244 0.000127928086722863 786.97369385
16150047 150.702696759259 77.2735634848012 0.362016169852248 749.05035400
16150048 150.703784722222 0.342195226555801 0.000139851913558903 749.90258789
16150049 150.7253125 0.342776917947714 0.000149385573633495 692.50622559
16150050 150.745717592593 0.339902256730622 0.000325501717370711 662.16754150
16150052 150.754363425926 0.331603155714434 0.00013776365902454 638.26300049
16150053 150.775960648148 0.340538984725164 0.000317380436772286 595.73767090
16150054 150.783391203704 0.341054619034206 0.000141613828988062 577.11694336
16150055 150.804814814815 0.335594027037984 0.000144432345591626 552.48803711
16150056 150.826087962963 0.335333502944865 0.000148601992525747 511.88021851
16150057 150.847604166667 0.339236363151768 0.000170561524917911 483.28857422
16150058 150.865023148148 0.340777377207625 0.00022276351792793 456.57177734
16150059 150.878645833333 0.327759696798685 0.000156957748606005 423.93206787
16150060 150.899409722222 15.6832744397643 0.0173881027921788 394.23251343
16150061 150.904861111111 0.335853996683656 0.000248225765565356 390.65325928
16150065 150.967777777778 0.341968306896273 0.000116687517586696 991.07812500
16150066 150.99162037037 0.340795599473543 0.000126696214223088 866.99627686
16151001 151.013217592593 0.336468975109005 0.000120342520832409 801.80218506
16151002 151.035393518519 0.342592698089843 0.000136568549332085 768.26770020
16151003 151.057372685185 0.329724297454021 0.000619915058986166 719.13781738
16151004 151.05912037037 0.338950373266719 0.000651857096365341 708.18688965
16151005 151.060902777778 0.331808261428725 0.000137615956413342 709.33734131
16151006 151.083090277778 0.33627924148429 0.000337643976911902 665.23547363
16151010 151.094548611111 0.00655739103618951 5.69592103453129e-06
628.37731934
16151021 151.300972222222 0.338899084419875 0.000268035407418354 889.19641113
16151022 151.325150462963 0.341722895771641 0.000165142012542098 826.43103027
16151023 151.335543981481 0.340545132085048 0.000177643361883588 793.53576660
16151024 151.345763888889 0.331620112652235 0.000157497270651254 765.96673584
16151025 151.359756944444 0.337072111653764 0.000134831503822729 740.31524658
16151026 151.381585648148 0.340302790725436 0.000173927425374819 706.39721680
16151027 151.397696759259 0.332826996179531 0.000137502101741232 662.33795166
16151028 151.419328703704 0.342381444304416 0.000134106454497144 626.80078125
16151029 151.443055555556 0.335271600197383 0.000138933926958278 579.20483398
16151030 151.465185185185 0.336147952632315 0.000220800158456662 522.23455811
16151031 151.476875 0.336574591819383 0.000147150107385604 517.71789551
16151032 151.499386574074 0.334975870263809 0.000148572175920492 479.49618530
16151034 151.533344907407 0.336540346620366 0.000185140960914102 426.36087036
16151035 151.548842592593 0.335146187452066 0.000198642193317111 413.02383423
16151041 151.627766203704 0.343390884265556 0.000122316594277617 962.10284424
16151042 151.649375 0.340144220466155 0.000126772832319414 837.46716309
16151043 151.670659722222 0.336807069614821 0.000144992740696126 767.84161377
16151044 151.691203703704 0.333172520819814 0.000143493639279726 715.60113525
16151045 151.712418981481 0.337543531005656 0.000138037356852266 704.69281006
16151046 151.733900462963 0.333452023535506 0.000153257547198452 664.55371094
16151047 151.753958333333 79.6643516233061 0.893354013734951 635.87683105
16151048 151.754872685185 0.333192570880172 0.000139994923644838 626.92858887
16151049 151.776122685185 0.337675388923968 0.000140039356622842 595.01330566
16151050 151.797662037037 0.334378973476653 0.000156547032582952 564.93029785
16151053 151.819085648148 0.336058911970413 0.000192901254512351 527.85913086
16151054 151.831099537037 0.334380502556927 0.000894325426924384 504.08242798
16151055 151.832372685185 0.33592095196187 0.000145570835701741 510.00537109
16151056 151.854456018519 0.330425827670332 0.00014389988684069 479.28311157
16151057 151.879837962963 0.333765153253043 0.000351938200673585 445.15213013
16151062 151.903032407407 0.327176856561355 0.000194377312708532 435.35168457
16152007 152.09 0.338729449601943 0.000120118796629179 977.22967529
16152008 152.11244212963 0.341604324920822 0.000130543044521494 871.68334961
16152009 152.134016203704 0.341671550074523 0.000128990888423715 811.34692383
16152019 152.290451388889 0.328683459627679 0.000122110788567316 1035.22253418
16152020 152.312164351852 81.3240490162318 0.355471451813911 926.60839844
16152021 152.313136574074 0.333219936855842 0.000136789646767659 905.55877686
16152022 152.334861111111 0.33449273001318 0.00011296731332552 822.42565918
16152023 152.361296296296 0.327969768911078 0.00030980513285586 749.17822266
16152024 152.364965277778 0.322310353099247 0.000132852179755681 735.37243652
16152025 152.386689814815 0.328058170075777 0.000136617867433136 691.95227051
16152028 152.433217592593 0.328848616686361 0.000136852574082231 608.47821045
16152029 152.454791666667 0.326351298955651 0.00013866080240678 564.84509277
16152030 152.477372685185 0.328671670610473 0.000141982352866895 547.41735840
16152031 152.499039351852 0.318222553014775 0.000138138431619451 515.37426758
16152032 152.520706018519 0.324095569113603 0.000173089435665418 487.63482666
16152033 152.537962962963 0.321043338854522 0.000258983211148754 450.77673340
16152034 152.546840277778 0.325212984783011 0.000173327578921762 431.13330078
16152035 152.564479166667 0.321473526040897 0.000172651204926426 411.27676392
16152045 152.744351851852 0.345584477574495 0.000125572728469296 952.64343262
16152046 152.765162037037 0.356206510566608 0.000129801471851576 750.88262939
16152047 152.786157407407 0.335009320122949 0.0001340404943979 654.28454590
16152048 152.80875 0.326591042063071 0.000307324391079489 669.92266846
16152049 152.8153125 0.328579578194153 0.000146429220850112 668.13299561
16152050 152.836759259259 0.341967845997704 0.000203464345584755 655.60546875
16152051 152.862222222222 0.327367671470498 0.000194022918161504 606.43298340
16152052 152.878553240741 0.339631838405003 0.000161837600072259 578.69348145
16152053 152.899884259259 0.328593972528449 0.000653989045507694 533.90979004
16152054 152.902037037037 0.329725163820966 0.000157470809072514 533.27069092
16152055 152.923460648148 0.334932264657325 0.000198234713899544 491.38452148
16152056 152.937800925926 0.338386723504219 0.000831462773893782 484.22601318
16152057 152.943900462963 0.328850628774429 0.000151267900331095 463.17636108
16152058 152.9653125 0.325952766955609 0.000133953741731806 441.23190308
16152059 152.994699074074 0.324031721934173 0.000155359498995421 419.79888916
16153001 153.016238425926 0.31965111843795 0.000225858747283534 394.99957275
16153007 153.087638888889 0.324176977488665 0.000114427330635729 1044.51171875
16153009 153.111469907407 0.320561937061255 0.00011194646399182 878.67150879
16153010 153.133321759259 0.325533309111341 0.00010401579240416 814.15930176
16153011 153.159097222222 0.328197636413299 0.000124611851726245 755.56982422
16153012 153.181921296296 0.327952777278947 0.000199348651607203 706.95117188
16153013 153.191469907407 0.325754344519314 0.00015115091165178 678.52996826
16153014 153.207928240741 0.329079222386021 0.000152196165897668 640.64916992
16153015 153.227847222222 0.323574966427733 0.000133660574056169 609.96960449
16153016 153.249641203704 0.321495011142188 0.000136198551840342 557.26037598
16153017 153.271712962963 0.321500415377633 0.000543661364242998 536.16821289
16153019 153.287800925926 0.327975893423799 0.000141374969219804 513.84027100
16153020 153.309768518519 0.323077629109406 0.000534182229481113 502.54846191
16153021 153.312488425926 0.322992451167801 0.000142273899136434 497.09432983
16153022 153.334224537037 0.323982864656039 0.000162587509097262 478.47357178
16153032 153.616319444444 0.338955580966996 0.000117117519116246 1039.73937988
16153033 153.640034722222 0.340410142894327 0.000244469221298132 818.76116943
16153034 153.647743055556 0.344650769545237 0.000141690880903117 785.69549561
16153035 153.668877314815 0.271220594404708 0.000885916382813416 746.74938965
16153036 153.672152777778 0.344026361019685 0.000147536110276734 739.33514404
16153037 153.688634259259 0.338720609039321 0.00017354557796106 709.38000488
16153038 153.700324074074 79.0481096481114 0.00352240058476863 675.07849121
16153039 153.722002314815 0.345410684279433 0.00012327161202042 646.74249268
16153040 153.748888888889 0.338594675432169 0.000132938106599834 585.08508301
16153041 153.771342592593 0.332902081873369 0.000133722451266299 544.43469238
16153042 153.792951388889 0.334034098438788 0.00013645212007763 514.05334473
16153043 153.814583333333 0.333348554160588 0.000137709428141434 488.95571899
16153044 153.837002314815 0.328695439348082 0.00014219103976949 463.17636108
16153046 153.860520833333 0.329193453110951 0.000301596849187362 419.54315186
16153047 153.871261574074 0.334258174565733 0.000147969849122055 422.86685181
16153048 153.89369212963 0.337772057247113 0.000182345739306185 391.33505249
16154003 154.153854166667 0.340998706145274 0.000130614934284556 1068.41625977
16154004 154.174212962963 0.335791268517656 0.000129479945844881 956.56365967
16154005 154.192546296296 0.334866920664684 0.00011917251228746 906.07012939
16154006 154.2159375 0.326840717740997 0.000113211765176038 848.11981201
16154007 154.238113425926 0.332814283615539 0.000332196710138078 791.95910645
16154008 154.241481481481 0.327459994803954 0.0001540402257866 772.40093994
16154009 154.256875 0.324434113429255 0.000162701607085216 749.47644043
16154010 154.271701388889 77.1607478594762 0.136518574856802 697.27862549
16154011 154.275497685185 0.325669415764072 0.000192770087027212 679.42474365
16154021 154.983564814815 82.2063134238614 0.210556278567988 1076.00085449
16154022 154.985810185185 0.327582930276543 0.000113610699244554 1052.77807617
16155001 155.007685185185 0.327092949449322 0.000113765002344838 941.26641846
16155002 155.029143518519 0.321491109105573 0.000107423546747517 871.64080811
16155003 155.052048611111 0.320660860730191 0.00011806731160005 826.85711670
16155004 155.07443287037 0.324097023696947 0.000142014828641837 775.98022461
16155005 155.088738425926 0.330395708097068 0.000639358383636143 755.10101318
16155006 155.090069444444 0.324306421544078 0.00015866987145266 752.37396240
16155007 155.108252314815 0.328411660759591 0.000130544422027974 690.03479004
16155008 155.12974537037 0.32002563730531 0.00013023712386431 620.11096191
16155011 155.154351851852 0.326101617556446 0.000209468721270045 583.42327881
16155012 155.164664351852 0.327690962650655 0.000135838242214201 571.83319092
16155013 155.187395833333 0.331904810238561 0.000140970689982006 538.46917725
16155014 155.20900462963 0.32355405417749 0.000132912487300064 511.07064819
16155015 155.236099537037 0.328857447623078 0.000150127708925413 471.31500244
16155016 155.257465277778 0.325600241860939 0.000151754010165181 452.73675537
16155017 155.279293981481 78.7074632004256 1.09831054602409 434.84036255
16155018 155.281006944444 0.320561415610981 0.000557117743263507 424.78424072
16155019 155.283159722222 0.316092784205846 0.000153167290031092 430.40887451
16155028 155.6796875 0.332404478055523 0.000115435959031948 1006.92919922
16155029 155.70130787037 0.248659858223559 0.00021140572446631 863.37438965
16155030 155.706990740741 0.333674444516011 0.000123534540399026 850.80432129
16155031 155.728726851852 75.49285663498 0.0418958450269873 789.44519043
16155032 155.749988425926 0.330675836637819 0.000130734843673936 756.16632080
16155034 155.775046296296 0.328745848940873 0.00013951828718094 701.49700928
16155035 155.795590277778 0.328327306844648 0.000285101278619479 656.41510010
16155036 155.802789351852 0.328773169506485 0.000268248708606306 640.09527588
16155037 155.810046296296 0.330111710995441 0.000137523692210099 626.80078125
16155038 155.834270833333 0.325178648831421 0.000133857385191862 599.78570557
16155039 155.855821759259 72.1734616176803 0.840047779704406 576.77600098
16155040 155.85806712963 0.323967556427624 0.00018666048866347 560.37097168
16155041 155.874456018519 0.329879702853445 0.000137684484253818 551.29492188
16155042 155.896400462963 0.325107584151176 0.000141416050645293 521.76580811
16155044 155.919155092593 0.323544641399406 0.00241280779005644 501.48324585
16155045 155.920462962963 0.3237135899702 0.00026783549908114 486.22869873
16155047 155.930127314815 0.323612651138124 0.000146647315194397 475.83166504
16155048 155.95162037037 0.325487989994175 0.000166775662392032 462.75030518
16156005 156.1228125 0.340079327418673 0.00012012783018462 1044.63952637
16156006 156.144386574074 0.34680563910086 0.000259042764051878 869.29718018
16156007 156.150555555556 0.338063128232969 0.000114981727217973 843.34747314
16156008 156.172581018519 0.344450902885407 0.000119417481845037 780.41174316
16156009 156.194201388889 0.335498781245022 0.000132362704867966 739.71862793
16156010 156.216747685185 73.3224231828577 0.118480855305924 709.12426758
16156011 156.220729166667 0.336534108475012 0.000176226224538806 698.34387207
16156012 156.235671296296 0.33700525752435 0.000232458428513376 690.41833496
16156013 156.245069444444 0.336845698252882 0.000132495140167666 662.38055420
16156014 156.266481481481 0.336155127217795 0.000138015801391921 643.88757324
16156015 156.287951388889 0.335381635305426 0.000136815364226866 613.84716797
16156017 156.311157407407 0.332565406765999 0.000137884671079038 582.61364746
16156019 156.333726851852 0.336796908043017 0.000143263547611052 558.62390137
16156020 156.355277777778 0.333414132935294 0.00014705538801694 530.03228760
16156021 156.380405092593 0.336406785788764 0.000152679014155119 489.38189697
16156022 156.402349537037 0.332307748254043 0.000196157423331297 442.93634033
16156028 156.490219907407 0.385824484068256 0.000611060873583794 117.94593048
16156030 156.501388888889 0.364272768125348 0.000474670647156918 105.58888245
16156031 156.514652777778 0.367875554518851 0.000560642475287765 101.07215881
16156032 156.524826388889 0.380665757960462 0.000845414241764668 100.60343933
16156033 156.531076388889 0.354032979855909 0.000341891320023285 95.78845978
16156034 156.559166666667 0.362006507709932 0.00204093661276108 93.31704712
16156043 156.70380787037 0.33253758711128 0.000125467162126604 950.42761230
16156045 156.72412037037 0.324279706777607 0.000195644029709811 883.61437988
16156048 156.764756944444 0.325005802767292 0.000114550792751863 786.29199219
16156049 156.786481481481 0.323001678904246 0.000128789175436944 731.28186035
16156050 156.808576388889 0.327256326555466 0.000151370312333577 677.59252930
16156051 156.827685185185 0.326255749709374 0.000133033994434334 641.33099365
16156052 156.849583333333 0.317235596825011 0.000133962722166108 610.26788330
16156053 156.871157407407 0.316278405662169 0.000132275740382995 579.97180176
16156054 156.893217592593 0.320996981527667 0.000138862157188171 539.96057129
16156055 156.914722222222 0.317544116961057 0.000663752826710612 523.93902588
16156056 156.919652777778 0.320073630670637 0.000124295140285376 521.68060303
16156057 156.951018518519 0.315803912462341 0.000146184117800522 474.12728882
16156059 156.973344907407 0.31727500930632 0.000275857902407569 455.29339600
16157004 157.072962962963 0.338518199937031 0.000120221169626238 1089.55102539
16157005 157.09474537037 0.335716534919218 0.000118715815091282 924.73352051
16157006 157.116296296296 0.337979828449251 0.000117775927214099 858.26110840
16157007 157.137939814815 0.337108517988518 0.000156391352186945 806.78759766
16157010 157.155844907407 0.336462258960692 0.000973928315018467 786.33459473
16157011 157.157685185185 0.328529665821898 0.000881474644337483 767.03198242
16157013 157.162164351852 0.340094750563733 0.00012729558690595 768.13989258
16157015 157.185439814815 0.330545845275567 0.000247042415550158 720.58654785
16157016 157.193819444444 0.333071134052406 0.000172991429359108 700.30395508
16157017 157.209282407407 0.336933073935243 0.00024536484290311 674.05584717
16157018 157.216412037037 0.336425702391323 0.000163930364678787 656.54290771
16157019 157.231655092593 0.333083613752365 0.000199189922107912 638.56127930
16157020 157.245092592593 0.334105520531817 0.000137268410883657 603.96154785
16157021 157.267233796296 0.331720361028049 0.000142476103983404 568.38171387
16157022 157.28875 0.336054892361298 0.000690108568425121 538.72479248
16157024 157.297592592593 0.326982439034103 0.000148242840867506 516.78039551
16157025 157.324178240741 0.333136837356106 0.000157995827296188 463.04852295
16157026 157.3459375 0.334889404897715 0.00016086908721144 420.09710693
16157027 157.3678125 0.331053543290515 0.000268443150622655 377.40142822
16157034 157.4365625 0.337150687144906 0.000470356470913476 980.68109131
16157035 157.439467592593 0.338920323755284 0.000129235907272728 954.98693848
16157036 157.458113425926 0.33147948109055 0.00011738032116844 862.77783203
16157037 157.479722222222 0.338782747176548 0.000119299842281198 817.65332031
16157038 157.501365740741 0.334018234667486 0.000116170806315654 764.00665283
16157039 157.523993055556 0.336519380352064 0.000126458674808473 743.55358887
16157040 157.550150462963 0.335413361372662 0.000147941398957724 680.06390381
16157042 157.586134259259 0.336144155846547 0.000144790439777361 601.06402588
16157043 157.607731481481 0.335568029391116 0.000144962411335363 555.42816162
16157044 157.629560185185 0.334786603098189 0.000168623605797816 496.75347900
16157045 157.652222222222 0.334954524998478 0.000155270447721392 456.87002563
16157046 157.675208333333 0.334733790388381 0.000167192240690845 425.12518311
16157047 157.694965277778 33.107953860469 1.65904900913218 399.13275146
16157048 157.699710648148 0.337818525368328 0.00232893392672932 387.96881104
16157049 157.701388888889 0.333122597021817 0.000293132747400037 387.20181274
16157050 157.708136574074 0.338991827861618 0.000433743572071365 377.52926636
16157059 157.812291666667 0.341013331722701 0.000142323951485906 1118.56860352
16157062 157.833900462963 0.337402635378109 0.000118619578718794 945.48480225
16157063 157.855405092593 0.339496933699707 0.00011670562568188 872.57824707
16157064 157.877199074074 0.333460748670738 0.000116007257762585 834.31408691
16157065 157.898888888889 0.334738246842974 0.00013055823665255 776.23590088
16157066 157.92056712963 0.334125666785939 0.000294013977173819 749.43389893
16157067 157.930289351852 0.335634841796965 0.000485069349885128 719.52130127
16157068 157.937615740741 0.338057135030572 0.000133587676700117 697.15075684
16157069 157.959328703704 0.330519738921487 0.000202095243442184 642.48144531
16157071 157.98 0.337818740370409 0.00175350888335231 592.79754639
16157072 157.985706018519 0.332761912808237 0.000241891918294249 569.53222656
16157073 157.997349537037 0.32767021497516 0.000137644966046412 552.57324219
16158001 158.019930555556 0.334862940988058 0.000189956684228214 515.92822266
16158002 158.03412037037 0.338000122570627 0.000201317588234951 495.34735107
16158003 158.047893518519 0.334192060538381 0.00044002475480505 474.12728882
16158004 158.052581018519 0.3356762180746 0.000343851724364416 470.50546265
16158005 158.058564814815 0.333079445412989 0.000148516571750191 455.97521973
16158006 158.08224537037 0.341193213928141 0.000227239718333287 424.23037720
16158015 158.219386574074 0.333136496537736 0.000294019066270928 1099.18090820
16158016 158.225590277778 0.343756056005711 0.000127216507146115 1043.36120605
16158017 158.245381944444 0.330662442103397 0.000116895058671843 930.31555176
16158018 158.266851851852 0.332969450666001 0.00011013744367024 832.90789795
16158019 158.290810185185 0.332990067010449 0.000116280277468968 794.30279541
16158020 158.313414351852 0.334747129289543 0.000131120978333288 764.98669434
16158021 158.334421296296 73.9436139052234 0.135225434223295 725.69982910
16158022 158.337037037037 0.32995302080932 0.000383297353626527 727.87292480
16158023 158.341574074074 0.333842340462479 0.000130842781448204 698.76989746
16158024 158.362986111111 0.33869259118348 0.000146292858560952 651.81317139
16158025 158.385115740741 0.334663548977426 0.000318565064799989 614.74206543
16158026 158.391331018519 0.333830869817168 0.00113674659566859 616.40380859
16158027 158.392465277778 0.336504870744789 0.000234548323397554 601.19183350
16158028 158.401145833333 0.329036572816555 0.000277981400917383 595.39685059
16158029 158.410532407407 0.334893419896882 0.000239030401111934 570.17138672
16158030 158.418055555556 0.33693886676508 0.000141280066040258 558.24041748
16158031 158.439814814815 0.33510564952692 0.000145735585779199 529.60620117
16158032 158.474259259259 0.331782253680278 0.000438746027730005 438.12139893
16158033 158.478009259259 0.334129366418994 0.000156764383517761 433.09335327
16158034 158.499965277778 0.337527026455497 0.000446789683738151 404.75738525
16158039 158.569699074074 83.8873637416131 0.348521279567983 1017.88012695
16158042 158.57337962963 0.336971411481606 0.000266830786144614 959.63159180
16158043 158.578321759259 0.334041065976101 0.000394762810393192 924.69097900
16158044 158.585289351852 0.32982898105294 0.000498460009145959 885.10565186
16158045 158.588171296296 0.329489112572782 0.00014878718744863 870.83123779
16158046 158.60099537037 0.337641791288519 0.000181600256081924 814.54266357
16158047 158.610405092593 0.330896219279445 0.000121142683132962 821.31787109
16158048 158.630439814815 0.332639709075177 0.000128948955513353 775.12799072
16158049 158.652395833333 0.329356027845169 0.000129659501639113 736.39501953
16158051 158.675162037037 0.329969186825796 0.00016099014508624 699.62219238
16158052 158.692048611111 0.328948961837014 0.000157959152867888 649.81048584
16158060 158.821076388889 0.30730423765944 0.00010968231301143 900.01940918
16158062 158.868587962963 0.329414327387412 0.000132925477263872 732.43218994
16158064 158.891030092593 0.33240469832687 0.000133236437867773 701.28399658
16158066 158.917071759259 0.329721620135493 0.000133274181814977 670.13568115
16158069 158.959097222222 0.333082920313909 0.000138121860591202 601.40490723
16158070 158.980671296296 0.327103340451166 0.000137776835864746 572.55755615
16159002 159.004386574074 0.3309726265381 0.000140968709451842 548.18438721
16159003 159.025902777778 0.32923190645777 0.000144213386861176 528.28527832
16159004 159.047476851852 0.326736965786977 0.000192824802754635 490.06362915
16159009 159.126006944444 0.347288760924577 0.000956501432253695 1095.26074219
16159010 159.128310185185 0.349600235673832 0.000135338765372059 1073.82763672
16159011 159.146944444444 0.343805486716503 0.000117845426578168 936.74975586
16159012 159.168888888889 0.33997459245179 0.000117942603406767 855.53405762
16159013 159.19037037037 0.342183738570936 0.000112395652504966 817.01409912
16159014 159.214363425926 0.3388908535861 0.000132025503464332 758.76550293
16159015 159.235763888889 0.331047369195256 0.000243404392071118 702.60491943
16159017 159.25130787037 0.344076755350032 0.000139194244805238 684.83630371
16159018 159.272523148148 0.33934655438835 0.000130123304940747 627.86602783
16159019 159.298657407407 70.4658266570247 0.956048391628178 515.97082520
16159020 159.299930555556 0.34485348087435 0.000172094836609278 506.76693726
16159023 159.323287037037 0.340465386239485 0.000165911517447285 412.72549438
16159024 159.345266203704 0.337743959071689 0.000247254499425125 371.94726562
