16125035 125.63181712963 0.430567718783719 5.34043486818828e-05 1137.74121094
16125038 125.662986111111 0.400594530147896 0.000268270820347798 737.83648682
16125039 125.665798611111 0.400188398219735 4.1876393782912e-05 707.78747559
16125042 125.689236111111 0.411142697960779 7.98902196611632e-05 578.62078857
16125043 125.695972222222 0.407380871711557 4.74149499174802e-05 554.35675049
16125050 125.73931712963 0.405622972381155 4.89131003908085e-05 460.77069092
16125052 125.765763888889 0.407983317637611 0.000187163398613526 392.37921143
16125053 125.771423611111 0.408212705998228 5.13861400468075e-05 399.79351807
16125054 125.792789351852 0.406952998298555 5.35034642008992e-05 353.33053589
16125056 125.817395833333 0.406427430459595 5.31879251399806e-05 335.93557739
16125057 125.840347222222 0.406526377822491 5.66712055699883e-05 314.75885010
16125058 125.861909722222 0.400607504859572 5.8475834552511e-05 292.45715332
16125060 125.886180555556 0.399792780955591 6.21644062704519e-05 262.78268433
16125061 125.909027777778 0.39896781981623 6.20750773560921e-05 246.18290710
16125062 125.930798611111 0.397242496255505 6.40954309659104e-05 237.00497437
16125063 125.952222222222 0.39603603874271 0.000189737615255023 208.86590576
16126006 126.083321759259 0.434927702034128 3.92871203251858e-05 749.49841309
16126007 126.105902777778 0.428894638707633 4.04989031864678e-05 629.24084473
16126008 126.129351851852 0.424812079500147 4.99816810162763e-05 554.19415283
16126009 126.149525462963 0.421794017461288 4.46284123596544e-05 521.78576660
16126010 126.172048611111 0.37058252877469 4.39204774840951e-05 489.35864258
16126011 126.197060185185 0.359816988507441 4.76263846084312e-05 410.82678223
16126012 126.219652777778 0.364028388288158 4.94890789226445e-05 400.53668213
16126013 126.241331018519 0.368961097872454 4.49985580748394e-05 384.26098633
16126014 126.268240740741 0.369148171602734 0.000166607930312144 352.89694214
16126015 126.27369212963 0.3719337666208 5.14648438193106e-05 347.85046387
16126016 126.295925925926 0.373873909910074 5.27979639656397e-05 340.51913452
16126017 126.318703703704 0.374150383585622 5.28945017892333e-05 337.65295410
16126018 126.340729166667 0.376173943098365 6.96657442986412e-05 311.09127808
16126030 126.496377314815 0.46493499006166 3.03322844101337e-05 1993.21472168
16126031 126.517546296296 0.449662115537694 3.44724753867232e-05 1334.87536621
16126032 126.538715277778 0.437954328143467 3.66862294331128e-05 986.01141357
16126033 126.560555555556 0.422830211381301 3.67330740103388e-05 838.55578613
16126034 126.582164351852 0.409201232684228 3.35919943325568e-05 934.27392578
16126035 126.606944444444 0.396384806365885 5.34443302650756e-05 963.26678467
16126036 126.619386574074 0.385847600497919 3.62790302008605e-05 924.25299072
16126037 126.639965277778 0.376702430107394 3.61364351527348e-05 899.37725830
16126038 126.66150462963 0.369010458562081 3.71056792873566e-05 824.13537598
16126039 126.683078703704 0.361698298692274 3.83330731193014e-05 791.54711914
16126040 126.704571759259 0.356059463471053 3.96951334753013e-05 677.57086182
16126041 126.726168981481 0.349348299453888 4.1614943900964e-05 649.43927002
16126042 126.750497685185 0.344921049985028 4.32678706625762e-05 567.92083740
16126043 126.772083333333 0.344133015354952 5.04911344614046e-05 489.51531982
16126044 126.793449074074 0.339912776547618 5.26626370263927e-05 441.92401123
16126050 126.914409722222 0.424381986070922 2.96536176637014e-05 2118.82983398
16126051 126.932546296296 0.396773557432294 2.76438325473124e-05 1935.62939453
16126052 126.954178240741 0.375676671636148 2.84832121431067e-05 1803.52197266
16126053 126.975694444444 0.362270503832623 3.26062550317903e-05 1631.33056641
16127005 127.013819444444 0.34756170004101 4.03082677261839e-05 1290.73449707
16127006 127.026979166667 0.346501402906009 7.10408270335596e-05 1230.07592773
16127007 127.034502314815 0.34314765935751 3.44821540587172e-05 1170.33459473
16127008 127.053819444444 0.341954562193839 3.42726840803215e-05 968.08239746
16127009 127.075439814815 0.341137648035676 3.59086488433707e-05 861.50921631
16127010 127.097280092593 0.340346302835756 3.54697887400776e-05 774.37219238
16127011 127.122222222222 0.338614394353489 3.98967836026317e-05 623.29602051
16127012 127.144108796296 0.340667987568166 5.44332721917575e-05 575.32122803
16127013 127.160486111111 0.338805864207596 4.16142020659447e-05 542.83624268
16127014 127.184560185185 0.341810380778746 4.64650192658137e-05 470.81506348
16127015 127.206076388889 0.340817540481748 4.79788819089141e-05 423.43908691
16127016 127.228368055556 0.345889608176374 7.42253914433667e-05 376.76800537
16127017 127.340150462963 0.433002809781123 2.49957945412284e-05 2692.70654297
16127018 127.363981481481 0.409550831160339 2.76629483869724e-05 2170.20458984
16127019 127.385358796296 0.39095214811843 2.83052099832665e-05 1881.71374512
16127020 127.407118055556 0.376416261339957 2.81913689794875e-05 1817.91833496
16127021 127.428738425926 0.362763475694252 2.88375501306772e-05 1749.32409668
16127022 127.450173611111 0.357666508873607 0.000136021125814905 1648.83215332
16127023 127.453530092593 0.355097279803897 4.92826906660352e-05 1587.29479980
16127024 127.463518518519 0.352901752908767 6.42156568290107e-05 1527.45141602
16127025 127.469756944444 0.347858516008353 3.05602122422953e-05 1457.72802734
16127026 127.49150462963 0.345596889781463 3.18735385558301e-05 1318.91735840
16127027 127.512951388889 0.343649357315643 5.50753473087621e-05 1238.89978027
16127028 127.528761574074 0.342015125260145 3.35340693684216e-05 1111.18261719
16127029 127.550162037037 0.340760669500101 3.50367109241567e-05 1017.30834961
16127030 127.571458333333 0.341766722649156 4.2356701396785e-05 886.58752441
16127031 127.588923611111 0.341109609712437 3.75334357877666e-05 832.00256348
16127032 127.609803240741 0.340247119891913 3.98050883168606e-05 766.96038818
16127033 127.629305555556 0.339863166189563 6.57773391902899e-05 724.27404785
16127047 127.8553125 0.399982140831034 2.77953409965344e-05 1995.47302246
16127048 127.881018518519 0.375422571534826 4.75006972371488e-05 2039.50878906
16127049 127.896261574074 0.365057237449389 4.26566071692162e-05 1780.37500000
16127052 127.939178240741 0.367531403219076 3.49283732225573e-05 1194.36181641
16127053 127.960590277778 0.367285905156497 4.13943768544224e-05 885.19482422
16127054 127.978402777778 0.365896044024907 0.000183733719823785 758.11010742
16127055 127.982974537037 0.364042753984851 3.71984379602026e-05 734.93383789
16128001 128.006435185185 0.360917865799933 3.81650131766712e-05 727.51892090
16128002 128.030810185185 0.359897545944378 3.97145165071417e-05 694.82104492
16128003 128.052395833333 0.358792036907081 4.56843955155087e-05 675.47076416
16128005 128.124953703704 0.439618962237151 0.000180202410963414 3466.43847656
16128006 128.126724537037 0.438670080644712 0.000178754645092964 3336.58935547
16128007 128.127928240741 0.420608346191422 2.43606893016473e-05 3248.51757812
16128008 128.154849537037 0.394220215382052 3.91885599597036e-05 2602.94140625
16128009 128.168078703704 0.384145147116308 3.69631981781847e-05 2322.63647461
16128010 128.181342592593 0.372365896190765 3.21714100436577e-05 1931.11291504
16128011 128.202939814815 0.364076096356555 3.36447309125569e-05 1562.45422363
16128012 128.224537037037 0.359724475713381 3.62406270329838e-05 1216.07592773
16128013 128.246296296296 0.360072143897605 0.000585001953417302 879.43835449
16128014 128.2490625 0.362773389138489 0.000258293963086976 885.39373779
16128015 128.263414351852 0.359336020598314 3.68882316725862e-05 792.67352295
16128016 128.286180555556 0.354016413461193 4.81126957224595e-05 779.20776367
16128020 128.310694444444 0.350881463810735 0.000116470051605131 699.42767334
16128021 128.314305555556 0.351105685456973 3.93157257397479e-05 692.87579346
16128022 128.337175925926 0.349070011887515 4.21472684222548e-05 626.01098633
16128028 128.439525462963 0.435692644105161 3.69032845699256e-05 3385.70629883
16128029 128.454548611111 0.4128917069433 3.53630235492244e-05 3117.82153320
16128030 128.46568287037 0.397305301601067 2.71079304951096e-05 2964.54321289
16128031 128.485844907407 0.387773433830523 6.56363091756797e-05 2741.82348633
16128032 128.490081018519 0.384918776796015 8.28231278102829e-05 2692.98901367
16128034 128.498078703704 0.37958466401296 4.13183173687147e-05 2531.80664062
16128035 128.508159722222 0.37334214800481 4.57873369721695e-05 2375.70532227
16128036 128.517476851852 0.368037455735553 2.73690424292352e-05 2300.05419922
16128037 128.539363425926 0.363993682903241 2.73243958387843e-05 2016.36169434
16128038 128.562638888889 0.360770929951223 9.13560776713643e-05 1888.20629883
16128039 128.56787037037 0.359377649755909 2.95620249961067e-05 1749.32409668
16128040 128.588344907407 0.355738866203556 2.97117861058115e-05 1675.64880371
16128041 128.60962962963 0.353823739834017 3.08266747899249e-05 1546.92871094
16128042 128.630775462963 0.353065939081944 7.76628845729318e-05 1380.04260254
16128043 128.636030092593 0.352134384889423 3.0897002888749e-05 1356.56176758
16128044 128.657511574074 0.350279334280054 8.98215621801282e-05 1326.73620605
16128047 128.718344907407 0.387752141431141 2.72698989653548e-05 2843.72680664
16128048 128.739837962963 0.376023965493793 2.50586915322505e-05 3307.79663086
16128049 128.761284722222 0.363586486070901 2.74087165072514e-05 2909.49853516
16128050 128.782673611111 0.355939653308414 2.70815415982654e-05 2360.17993164
16128051 128.804293981481 0.349854645366766 3.04716170305001e-05 2081.00415039
16128052 128.825833333333 0.347013926164297 4.25041198213134e-05 1808.03845215
16128053 128.838981481481 0.344265876747687 0.000198036589231633 1629.35485840
16128054 128.844398148148 0.343724239682553 5.86324891898097e-05 1659.27661133
16128055 128.856574074074 0.341936883337668 2.93958388378323e-05 1470.71301270
16128056 128.880335648148 0.336843903718912 0.000625685303303198 1282.08386230
16128057 128.884652777778 0.342159993419588 5.02597454073011e-05 1283.12951660
16128058 128.897106481481 0.343968177875107 3.1945665941777e-05 1188.49877930
16128059 128.919050925926 0.341560311448455 3.35105706745111e-05 1066.85388184
16128060 128.939780092593 0.3409342298133 3.46607808895377e-05 6865.38183594
16128061 128.9603125 0.340702823462209 0.000141708656880235 1376.66357422
16128062 128.963541666667 0.341673816227804 0.000118428269991274 1376.66357422
16128064 128.971203703704 0.340803078508866 3.39108108387024e-05 1376.66357422
16128065 128.993796296296 0.340866546514953 4.3322392750265e-05 1121.84045410
16129001 129.063159722222 0.403531117984778 2.47084323299838e-05 4028.45947266
16129002 129.088032407407 0.373600384329282 2.40076908399965e-05 3728.95971680
16129003 129.110914351852 0.354542428606223 2.61428023146615e-05 3584.43188477
16129004 129.132569444444 0.345760994617945 2.58538998224827e-05 3296.50537109
16129005 129.154571759259 0.336413687028382 2.6386300586905e-05 2965.10742188
16129006 129.176840277778 0.332906075546608 2.87216133327135e-05 2630.60498047
16129007 129.197858796296 0.331410573862359 2.91333324478898e-05 2250.65478516
16129008 129.220636574074 0.330043696318748 2.63072171761771e-05 2037.25048828
16129009 129.244826388889 0.329901307034198 2.7643911713878e-05 1840.78283691
16129010 129.267083333333 0.331011159184051 2.9161056253708e-05 1686.65783691
16129011 129.289444444444 0.329449387486789 2.91770121245036e-05 1580.52014160
16129012 129.311041666667 0.326921311189621 0.000214640746379182 1540.15393066
16129013 129.317638888889 0.326276748089017 5.15850382652534e-05 1381.73608398
16129014 129.326284722222 0.325925565954305 3.67227810387283e-05 1330.79931641
16129015 129.342534722222 0.323826262461812 0.00029310863738656 1256.21081543
16129016 129.344895833333 0.324576722731944 0.000154835032038179 1273.48950195
16129017 129.347696759259 0.323713061536672 0.000126928544656836 1265.98315430
16129018 129.350648148148 0.32536477379484 0.000162189259391598 1234.10253906
16129019 129.353229166667 0.322985253406947 0.000214681150482768 1257.49243164
16129022 129.415891203704 0.397855053105651 2.82848150523327e-05 4103.82861328
16129023 129.439918981481 0.373983076074358 2.94104942651143e-05 3510.47436523
16129025 129.462280092593 0.356336198113645 3.14533548005866e-05 3000.67504883
16129029 129.499409722222 0.349912390636075 2.78869186357233e-05 2293.56152344
16129030 129.520740740741 0.343005965508501 3.05280632538106e-05 2185.16577148
16129031 129.541909722222 0.341254924923344 2.97085765402095e-05 1894.69873047
16129032 129.562546296296 0.338292484951672 2.87464481076251e-05 1746.78344727
16129033 129.584525462963 0.337922712206003 2.95181626841701e-05 1631.33056641
16129034 129.605949074074 0.336752963313323 3.02127326522045e-05 1474.94714355
16129035 129.627418981481 0.33530926225811 3.07590952298863e-05 1339.51074219
16129036 129.648935185185 0.336668545946066 4.33626435414265e-05 1212.10217285
16129037 129.690659722222 0.335683802099079 3.28136809108951e-05 1082.83886719
16129038 129.7121875 0.336397806820368 3.34605539458898e-05 1023.16766357
16129039 129.733680555556 0.335792494116014 3.57685028310235e-05 960.34289551
16129043 129.809664351852 0.406284586147307 2.93269782738775e-05 4479.82666016
16129044 129.828958333333 0.379249459118055 2.3841773195063e-05 4105.80468750
16129045 129.850393518519 0.358941544516236 2.35789159117271e-05 3894.37622070
16129046 129.871886574074 0.343269409918097 2.72142024370889e-05 3498.05395508
16129047 129.893587962963 0.336933763755181 2.63825313835383e-05 3125.44311523
16129048 129.915081018519 0.332681393378705 2.64320363607645e-05 2746.90429688
16129049 129.938344907407 0.332473962353637 2.6335156877224e-05 2409.57885742
16129050 129.959826388889 0.330536695909754 2.65322696703104e-05 2187.42382812
16129051 129.98193287037 0.330709746407435 2.73186707741322e-05 2021.44287109
16130001 130.003831018519 0.329288890308292 2.78999083997438e-05 1817.63610840
16130002 130.025358796296 0.329840301925586 2.85292198091163e-05 1654.47766113
16130003 130.04712962963 0.329592596667792 3.33707468327638e-05 1553.13891602
16130004 130.066944444444 0.328875266951495 3.00283161262206e-05 1428.93530273
16130005 130.088668981481 0.326448132376563 3.726951220668e-05 1344.16308594
16130012 130.341747685185 0.363212751262149 8.76177906195567e-05 3398.97338867
16130015 130.350231481481 0.361096556060701 0.000207949551962677 3170.32592773
16130016 130.353287037037 0.349499370207304 7.27613381249418e-05 3133.34692383
16130017 130.357002314815 0.346264452577181 4.3289377710732e-05 3072.09228516
16130032 130.697534722222 0.435758879960823 0.000197429681465236 3621.69311523
16130033 130.698854166667 0.421205826795935 2.49091481796209e-05 3530.23364258
16130034 130.719467592593 0.396624197643829 2.71116368051267e-05 3083.10131836
16130035 130.740914351852 0.375748460154646 2.75460103557942e-05 2865.74462891
16130036 130.762465277778 0.372863132851984 0.000584861537705531 2603.50585938
16130037 130.764305555556 0.369307608280093 0.000547903603107515 2580.92333984
16130038 130.767789351852 0.363945215825392 2.69327410110295e-05 2573.86645508
16130039 130.78931712963 0.360673799602505 0.000507389732424196 2379.65722656
16130040 130.79318287037 0.353950038270329 2.6679642059839e-05 2298.07788086
16130041 130.8146875 0.351033503033031 0.000529149198582405 2116.00708008
16130043 130.826840277778 0.351288473168384 0.000566330856494019 2049.67089844
16130044 130.829594907407 0.348138977969656 2.75673302391979e-05 2023.41870117
16130045 130.850810185185 0.344410432327696 3.27531830814845e-05 1917.28125000
16130046 130.868229166667 0.339439647294292 2.85952716275921e-05 1799.00524902
16130047 130.889351851852 0.339107040870825 4.5253609898643e-05 1686.93994141
16130048 130.905405092593 0.336756966399179 2.9320055956659e-05 1552.00988770
16130049 130.926944444444 0.336343281776927 2.99975987424929e-05 1460.26843262
16130051 130.951134259259 0.335436827262099 3.12440793157177e-05 1351.58752441
16130052 130.972569444444 0.335046450451563 2.80049831051586e-05 1225.05932617
16130053 130.999918981481 0.335190005646897 0.000140205918493929 1101.29101562
16131004 131.068298611111 0.410803343649255 2.40976840998395e-05 4089.99682617
16131005 131.089918981481 0.382568286417301 2.60819285304756e-05 3520.35400391
16131006 131.111736111111 0.361682316748388 2.64059566843156e-05 3395.86816406
16131007 131.133518518519 0.348252343205675 2.69932698393999e-05 3166.37402344
16131008 131.155092592593 0.339647579264034 2.79121051652987e-05 3019.87011719
16131009 131.1771875 0.334651935434825 2.61747006163064e-05 2611.40991211
16131010 131.20212962963 0.330193612071895 2.69392450583463e-05 2285.09277344
16131011 131.223726851852 0.328585316375077 2.72066533852892e-05 2009.86926270
16131012 131.24556712963 0.329385610719675 2.67127946630104e-05 1855.74389648
16131013 131.269479166667 0.328416344057096 2.86684148351034e-05 1642.62207031
16131014 131.291365740741 0.327746459046287 2.97707597799784e-05 1505.43334961
16131026 131.608009259259 0.38429913173812 0.000924741256950873 2721.35937500
16131028 131.645891203704 0.365736985969946 3.21855317180982e-05 2192.61889648
16131029 131.661666666667 0.361391299423749 5.90442911417895e-05 1974.98730469
16131030 131.666412037037 0.357298966277899 3.1209487329105e-05 1969.33081055
16131032 131.682152777778 0.351753643972474 6.06177553319851e-05 2460.06127930
16131034 131.68849537037 0.349262035125693 8.38186780409848e-05 1779.64282227
16131036 131.693460648148 0.34669052228906 0.000108931631770167 1741.85864258
16131037 131.695335648148 0.34761688324281 4.73744818960578e-05 1680.64306641
16131039 131.704305555556 0.342823720200777 2.5877491679093e-05 1690.24267578
16131040 131.725902777778 0.338487250893562 9.84089827363637e-05 1497.23840332
16131041 131.729560185185 0.339914566927705 2.50294217994801e-05 1482.96252441
16131042 131.75375 0.338068193146568 2.73178294255639e-05 1345.92932129
16131043 131.775104166667 0.335879755405746 2.77799982454569e-05 1233.70202637
16131044 131.796666666667 0.335958607030667 2.86831373085222e-05 1163.90637207
16131045 131.818101851852 0.335299517133122 6.98379979421037e-05 1072.54260254
16131046 131.823020833333 0.33283851866996 7.26995821151708e-05 1067.77856445
16131047 131.830520833333 0.332521227678093 2.96917739260165e-05 1045.88562012
16131048 131.852013888889 0.332571678055483 0.000193795994597537 975.55462646
16131049 131.854930555556 0.333251827236219 3.07529347483073e-05 956.20275879
16131050 131.87630787037 0.33203976262618 3.37553375078681e-05 929.01422119
16131054 131.959074074074 0.386014749921036 2.39347563075537e-05 2914.81738281
16131055 131.984259259259 0.363414649847449 4.0191727557014e-05 2451.65063477
16132001 132.016585648148 0.345692948455466 2.84811547641992e-05 1934.21093750
16132002 132.039814814815 0.338348549611043 2.93770488808188e-05 1643.61657715
16132003 132.061770833333 0.334169946401772 3.35173894943901e-05 1459.41760254
16132021 132.432164351852 0.403718984452846 2.35945278442186e-05 3587.03710938
16132022 132.45255787037 0.380771253672506 2.88916879269712e-05 3352.22900391
16132023 132.466956018519 0.361429178383865 2.52998054739429e-05 2446.37866211
16132024 132.488923611111 0.349151223642741 2.44097826957916e-05 2205.71166992
16132025 132.513587962963 0.345109545462224 2.42425181989328e-05 1999.96081543
16132026 132.536168981481 0.334753800964248 2.62925625219532e-05 1721.82324219
16132027 132.559803240741 0.332132094003279 2.71863913002896e-05 1429.70300293
16132028 132.584016203704 0.3322971478347 5.38160774714836e-05 1230.47558594
16132029 132.604131944444 0.335583537600669 4.19843345041134e-05 1092.44140625
16132030 132.622361111111 0.333893774513323 2.91238748819763e-05 1064.09497070
16132032 132.645925925926 0.334921442736656 3.19901802967451e-05 945.24328613
16132033 132.667766203704 0.334078761660639 6.93492638243126e-05 877.34020996
16132046 132.834699074074 0.393082630683213 2.36896284768394e-05 3383.41503906
16132047 132.861134259259 0.369796113606543 2.97781066844974e-05 2774.29541016
16132048 132.877951388889 0.361604074750792 4.03805821725493e-05 2392.37939453
16132049 132.885798611111 0.356238346564876 2.44094875119326e-05 2317.51977539
16132050 132.907569444444 0.348613232362194 2.41045950700449e-05 2050.32812500
16132051 132.930081018519 0.343875915035139 2.49403087116189e-05 1751.82849121
16132052 132.951782407407 0.340568729764418 4.90796983301645e-05 1665.37890625
16132053 132.961423611111 0.337837401240524 2.60426909517803e-05 1547.14831543
16132054 132.983287037037 0.336572870942291 2.65641490791095e-05 1408.56420898
16133001 133.005173611111 0.334045788971563 2.45078073955428e-05 1300.03137207
16133002 133.032569444444 0.331530728148434 2.85536558489111e-05 1179.27319336
16133003 133.054328703704 0.332586077538386 2.9150841613994e-05 1103.59960938
16133004 133.076296296296 0.332400117816724 3.00828978105632e-05 1032.63989258
16133005 133.098043981481 0.331622985300076 5.79099451791759e-05 960.36108398
16133006 133.107592592593 0.330365823401845 3.11280791332412e-05 919.16931152
16133007 133.129178240741 0.331735445239645 3.19988340634388e-05 853.11022949
16133008 133.150960648148 0.332349177210066 3.27775329358482e-05 814.41888428
16133009 133.172615740741 0.332047699965972 3.36582033579585e-05 754.57086182
16133010 133.194502314815 0.331856045899606 3.47294631913799e-05 700.26641846
16133011 133.216122685185 0.332024546054157 3.55830428868755e-05 677.14422607
16133012 133.23787037037 0.331442899855885 0.000149914374808727 628.52404785
16133013 133.244166666667 0.332482297987936 3.70731662894919e-05 636.65838623
16133014 133.265983796296 0.334776254313084 7.31666188871513e-05 573.42266846
16133085 133.816550925926 0.386522930033766 2.21767525907323e-05 3251.33471680
16133086 133.842673611111 0.360387386446352 2.23721234014449e-05 2625.15209961
16133087 133.868865740741 0.35290002400323 2.48292731436545e-05 2196.32226562
16133088 133.890659722222 0.343740258814057 2.4484531192225e-05 1992.63049316
16133089 133.912939814815 0.33793914390487 2.46079717298009e-05 1778.12292480
16133090 133.935590277778 0.335562729455908 7.57890007114227e-05 1639.60876465
16133091 133.940462962963 0.332593675202259 2.54215742935739e-05 1535.30566406
16133092 133.963553240741 0.330822037411086 2.66558461784121e-05 1393.47314453
16133093 133.985833333333 0.329762304946846 2.72724670063257e-05 1344.26159668
16134001 134.007627314815 0.326017241550184 2.77972819815855e-05 1239.19409180
16134002 134.029340277778 0.3264443396386 2.87280166325318e-05 1139.81018066
16134003 134.051215277778 0.32725362233727 3.61361028645113e-05 1103.28918457
16134004 134.06931712963 0.323121170880394 3.0033767427868e-05 1008.11688232
16134005 134.0909375 0.325996345511655 3.98372543584643e-05 964.52465820
16134010 134.211747685185 0.404824995541669 2.3855526493952e-05 2370.67260742
16134012 134.236886574074 0.386959022113389 3.26428363982307e-05 2130.60351562
16134013 134.248310185185 0.369727576188701 2.6864327828102e-05 2084.31420898
16134014 134.26994212963 0.362875358628814 2.46921642979096e-05 1879.02978516
16134015 134.293657407407 0.355703445029743 2.52658911513875e-05 1787.82458496
16134016 134.315590277778 0.349072420744064 2.97111268386124e-05 1622.90185547
16134017 134.334259259259 0.343732761769722 2.52607389258563e-05 1508.24230957
16134018 134.358738425926 0.342007747176649 2.7001874467526e-05 1358.29687500
16134019 134.381273148148 0.34036343646241 2.59352739027141e-05 1256.21166992
16134028 134.430810185185 0.337819140946022 2.59612183353677e-05 1056.28076172
16134029 134.461527777778 0.337287451266735 3.10327207675723e-05 947.31475830
16134030 134.483541666667 0.33723594030624 3.55952964863564e-05 875.02453613
16134042 134.736979166667 0.393718857305459 9.49532055945115e-05 2476.24121094
16134043 134.740729166667 0.393784616708272 2.86991464989512e-05 2474.06201172
16134044 134.755844907407 0.3792745028301 2.29021630136177e-05 2341.54760742
16134045 134.777905092593 0.36134175901565 2.36430847597271e-05 2150.90795898
16134046 134.80025462963 0.350712134194593 2.36852409985904e-05 1873.15380859
16134047 134.823969907407 0.344500033953381 2.51158573815815e-05 1729.29870605
16134048 134.845763888889 0.341149919307571 2.94028746709936e-05 1609.88549805
16134049 134.865393518519 0.337686531744108 9.77520603482228e-05 1469.78466797
16134050 134.867627314815 0.337052810673757 0.000248176906749816 1470.65014648
16134051 134.869768518519 0.337463947271296 0.000114053048405639 1467.01708984
16134052 134.873287037037 0.337747661912832 0.000131506139135327 1438.94995117
16134053 134.874733796296 0.337352688258748 5.80870344434931e-05 1446.50341797
16134054 134.879560185185 0.335587759894542 2.64519400480022e-05 1433.12463379
16134055 134.901863425926 0.334029725959991 2.77680698302232e-05 1272.16760254
16134056 134.923460648148 0.333190967182461 4.65332155965557e-05 1198.54187012
16135001 135.001261574074 0.392469453353874 2.24425547241921e-05 3029.67285156
16135002 135.022766203704 0.371472935890749 2.49615715954987e-05 2504.99755859
16135003 135.044178240741 0.356884295453917 2.62626330057622e-05 2276.14892578
16135004 135.065775462963 0.346984775579941 2.55600811296426e-05 2100.29516602
16135005 135.087488425926 0.341849065479087 2.4509736764063e-05 1870.41516113
16135006 135.109155092593 0.339179630596464 2.88165367304015e-05 1659.32958984
16135007 135.129236111111 0.335535631339829 2.57965797527394e-05 1521.57092285
16135008 135.151724537037 0.332295862937808 2.68844284814203e-05 1419.79907227
16135009 135.173587962963 0.331755792214022 2.70265320932716e-05 1321.99145508
16135010 135.195358796296 0.330030886403999 2.68211140603008e-05 1240.00244141
16135011 135.219108796296 0.32992493195911 2.67253781272951e-05 1179.90844727
16135012 135.243993055556 0.329698113986736 5.48266044096364e-05 1098.32568359
16135013 135.25494212963 0.328708232773973 3.00911046002541e-05 1022.92980957
16135014 135.27724537037 0.328888836263435 4.00292512840098e-05 991.56994629
16135024 135.524131944444 0.404664569251402 3.27422221109246e-05 2715.17041016
16135025 135.544155092593 0.386184379492677 3.45334993875077e-05 2332.82690430
16135026 135.557361111111 0.377848043540051 4.44432460264934e-05 2124.64404297
16135031 135.576863425926 0.364450230412507 5.00450123539618e-05 2015.08532715
16135032 135.582696759259 0.358694001034461 2.4822402120538e-05 1921.66503906
16135033 135.604375 0.350960692455561 2.53108955359684e-05 1747.68640137
16135034 135.626041666667 0.34675835919454 3.08761646079164e-05 1559.03308105
16135035 135.643599537037 0.343260809173943 2.62706464164476e-05 1447.01892090
16135036 135.665856481481 0.341480268681224 2.80049494225807e-05 1353.27783203
16135037 135.686782407407 0.338536863730102 2.75683840398148e-05 1270.86218262
16135038 135.708611111111 0.335574922837939 2.83020224883117e-05 1182.60937500
16135039 135.730300925926 0.334994353704484 2.84755940811744e-05 1142.95007324
16135040 135.752881944444 0.334889426285043 3.78412363890459e-05 1060.26208496
16135041 135.769340277778 0.334134893593093 3.06859193048347e-05 1003.59570312
16135042 135.791412037037 0.334678332874993 7.46639404349072e-05 901.02893066
16135043 135.796979166667 0.333868887085003 3.62533659092742e-05 918.58258057
16135047 135.899548611111 0.420625933651681 0.000207157686487748 2504.50756836
16135048 135.900659722222 0.407593527436683 2.23391673988763e-05 2456.21289062
16135049 135.923599537037 0.390900440247675 3.35542309343093e-05 2088.09130859
16135050 135.93625 0.380472037734564 4.4256911572578e-05 2045.35656738
16135051 135.943368055556 0.377260196401291 0.000138760245562236 1939.00378418
16135053 135.945613425926 0.371460218539773 3.95799308567489e-05 1929.62500000
16135054 135.953796296296 0.367763284673257 4.82376658460993e-05 1916.30358887
16135055 135.960416666667 0.364639017939619 5.87992543230473e-05 1892.19262695
16135056 135.964618055556 0.357901207314363 2.45903004727131e-05 1821.14062500
16135057 135.985648148148 0.352949504739987 0.000105910509143897 1629.61083984
16135061 135.990497685185 0.34935003704658 2.53511092570505e-05 1638.51660156
16136001 136.012106481481 0.344375608334991 3.15754556179069e-05 1499.15832520
16136002 136.029398148148 0.341394399431987 2.63729595434963e-05 1421.16345215
16136003 136.050972222222 0.337122957294775 2.70226181152621e-05 1337.09924316
16136004 136.072615740741 0.335889531844534 3.82150925579214e-05 1220.97607422
16136011 136.207268518519 0.408503351078001 2.19369716859698e-05 2982.55957031
16136013 136.231759259259 0.381435204668742 2.30172686281572e-05 2468.98364258
16136014 136.253472222222 0.365753589782749 2.31414503851679e-05 2167.04443359
16136015 136.275081018519 0.360137449442186 4.98509754820106e-05 2026.78723145
16136016 136.284085648148 0.353677954487516 2.38464038093314e-05 1954.63183594
16136017 136.305949074074 0.347495211434774 2.24077493267755e-05 1779.45263672
16136018 136.334421296296 0.344179176675527 0.000130822582131528 3205.47363281
16136019 136.336203703704 0.342544345673835 2.58018492390955e-05 756.79736328
16136020 136.35818287037 0.340550500811237 2.66065483037323e-05 670.37884521
16136021 136.380648148148 0.337968943680637 2.54633269471336e-05 564.69409180
16136022 136.406145833333 0.33664181123738 2.59135470303087e-05 514.07049561
16136023 136.431990740741 0.335363074900535 2.78362592573944e-05 539.19500732
16136024 136.458229166667 0.335892192396575 2.99042810191537e-05 492.35061646
16136025 136.480266203704 0.334662171403472 3.61420397380069e-05 446.86245728
16136035 136.618043981481 0.408271834044217 2.52394676522135e-05 3157.77832031
16136036 136.634965277778 0.389020771056831 2.18484211413206e-05 2486.68164062
16136037 136.659884259259 0.378925845097668 7.129858504488e-05 2125.06933594
16136038 136.663252314815 0.377094770148062 0.000135050737457135 2117.84814453
16136039 136.664861111111 0.376292989454361 0.000174909988376089 2097.13427734
16136040 136.66619212963 0.374372419386824 5.36709852302161e-05 2044.94262695
16136041 136.672349537037 0.372154506554951 0.00014060953261937 1980.85717773
16136042 136.674166666667 0.371071968839012 5.46216877766595e-05 1970.13818359
16136043 136.678784722222 0.363304010178732 2.40161964146834e-05 1970.13818359
16136044 136.701041666667 0.355762749956405 2.42765800952716e-05 1940.80297852
16136045 136.723090277778 0.347596670550563 2.90305119689789e-05 1866.11682129
16136046 136.741516203704 0.340795814246221 2.51151529717608e-05 1715.66906738
16136047 136.763275462963 0.336385476382372 2.67432326812917e-05 1543.78576660
16136048 136.783958333333 0.334804314510781 2.62981095440236e-05 1452.86828613
16136049 136.805555555556 0.333893582251302 2.65337745671657e-05 1372.22277832
16136050 136.82775462963 0.331506060833169 2.74994828047306e-05 1249.55651855
16136051 136.849571759259 0.331760593158223 3.01712134941976e-05 1240.97277832
16136052 136.871226851852 0.330281543080424 2.85712710512986e-05 1091.35864258
16136053 136.893553240741 0.329836814748133 2.63302077166291e-05 1075.00427246
16136057 136.986851851852 0.412031427563398 2.20089978037638e-05 3122.31250000
16137001 137.008530092593 0.388566324250446 2.36472232466669e-05 2482.79150391
16137002 137.030543981481 0.371448061214604 2.41755483655376e-05 2191.53051758
16137003 137.052523148148 0.357645868101244 2.37652486463545e-05 2050.95019531
16137004 137.075162037037 0.348320018141295 2.47508717764253e-05 1917.49401855
16137005 137.096701388889 0.34080717109814 2.83042866776074e-05 1756.91943359
16137006 137.116666666667 0.33614083035255 2.58252187188292e-05 1625.98266602
16137007 137.138333333333 0.334473981700161 2.65044052882226e-05 1435.00830078
16137008 137.160034722222 0.33333439037411 3.58987665275488e-05 1304.64257812
16137009 137.1746875 0.481655947952423 2.35221325467648e-05 1228.86364746
16137010 137.192106481481 0.333204504739014 2.87629895269798e-05 1176.41625977
16137011 137.21369212963 0.333681430677997 2.82174757428233e-05 1068.23937988
16137012 137.241157407407 0.331922545559858 2.96685014059027e-05 993.07067871
16137013 137.263935185185 0.332185930787273 2.9462328325419e-05 919.60955811
16137017 137.344016203704 0.398685133406168 2.1078018757486e-05 3512.43627930
16137018 137.367407407407 0.376481576873207 2.18892509013926e-05 2792.60961914
16137019 137.391944444444 0.361269126007584 2.31839661669693e-05 2439.68432617
16137020 137.414814814815 0.348550130521821 2.42059260020672e-05 2171.14697266
16137021 137.436631944444 0.341948740367239 1.97158654761786e-05 1971.95556641
16137022 137.472488425926 0.336765244641162 3.68312127075442e-05 1610.60729980
16137028 137.508865740741 0.332784715040432 2.60225051272864e-05 1449.59826660
16137029 137.531365740741 0.331902979141738 2.45306603811237e-05 1335.43579102
16137030 137.557835648148 0.330333145227504 2.77582379837847e-05 1187.54028320
16137031 137.580081018519 0.331482152567409 3.54381801230137e-05 1131.19006348
16137032 137.597303240741 0.331440166551179 2.93274744193133e-05 1078.23779297
16137033 137.619108796296 0.330586695180485 3.65199636211445e-05 1052.60498047
16137038 137.715891203704 0.395397504389817 2.19129090922581e-05 2963.85498047
16137039 137.737638888889 0.371995761916739 2.32839548436077e-05 2488.62866211
16137040 137.760439814815 0.354531786925313 2.40741479368837e-05 2226.34765625
16137041 137.782766203704 0.346087062453116 2.42319138027747e-05 2005.26623535
16137042 137.805509259259 0.339292833580592 2.48882708292863e-05 1844.71252441
16137043 137.82755787037 0.335653116583047 2.47739711765336e-05 1602.49609375
16137044 137.851226851852 0.333776196237754 8.32475588177365e-05 1446.50341797
16137045 137.856030092593 0.332499859795013 2.69851404596147e-05 1353.94653320
16137046 137.877928240741 0.331250096982536 2.73109474023959e-05 1321.99145508
16137047 137.899872685185 0.330876137988727 2.76837798800393e-05 1203.01672363
16137048 137.922210648148 0.328157252637301 2.85756981540815e-05 1108.41540527
16137049 137.944305555556 0.328572630611301 2.76092501727867e-05 1055.35778809
16137051 137.980659722222 0.327057676733111 6.51345696632675e-05 944.79962158
16137052 137.988449074074 0.326859270163298 3.81115610992987e-05 957.39025879
16138013 138.094270833333 0.397493601032762 5.43819485969609e-05 2482.54882812
16138014 138.100081018519 0.380374638895645 2.34372395415466e-05 2434.19848633
16138015 138.122060185185 0.363644510521947 2.38236893086231e-05 2272.56152344
16138016 138.143703703704 0.350750097967133 2.42506097622097e-05 2084.31420898
16138017 138.165439814815 0.34072929362692 2.45312214626535e-05 1858.51159668
16138018 138.188078703704 0.335420258721712 6.13315206572723e-05 1702.46728516
16138019 138.192847222222 0.335461062550195 4.6283147990497e-05 1610.96813965
16138020 138.199791666667 0.334097320077993 6.14096390453683e-05 1581.85656738
16138021 138.206030092593 0.332895830547455 2.63462302819497e-05 1508.06738281
16138022 138.227662037037 0.331853851619182 2.60351029094995e-05 1361.31213379
16138023 138.251064814815 0.330056574295052 2.74063321961686e-05 1236.12377930
16138024 138.274143518519 0.32948799995847 2.85919447800716e-05 1151.75793457
16138025 138.296134259259 0.329077129670257 2.88864563594887e-05 1050.31274414
16138026 138.318240740741 0.328660186868367 4.35747041804083e-05 1018.53942871
16138027 138.331678240741 0.329622176612571 3.01364096839552e-05 981.53234863
16138028 138.354027777778 0.328581320664143 2.96117498967669e-05 920.04974365
16138029 138.37818287037 0.329797145113546 3.86705241143446e-05 875.45849609
16138040 138.515289351852 0.410866588282764 2.47756596815558e-05 2953.82031250
16138042 138.541782407407 0.376885958860134 2.34815452168377e-05 2467.53417969
16138043 138.564293981481 0.365041843222704 5.20914426784818e-05 2180.45312500
16138044 138.570752314815 0.356744062906542 2.36300090482013e-05 2181.53735352
16138045 138.593136574074 0.345955600826954 2.41975277949526e-05 1927.03564453
16138046 138.614930555556 0.340810456899298 2.41487476781657e-05 1758.05163574
16138047 138.642326388889 0.335004514993538 2.58754457173572e-05 1509.29284668
16138048 138.663993055556 0.332214488240586 2.62731376828902e-05 1416.90173340
16138049 138.685729166667 0.330597185631366 2.66796245677888e-05 1294.27587891
16138050 138.708356481481 0.328602524292494 2.70035960930847e-05 1256.04931641
16138051 138.731550925926 0.326902223777696 2.83411935034635e-05 1141.37963867
16138052 138.754224537037 0.327467053268454 2.93597622684327e-05 1042.98828125
16138053 138.776076388889 0.327197456818924 0.00042264530689159 1005.55413818
16138054 138.779895833333 0.325839769524006 3.12021943372424e-05 958.13262939
16138055 138.8015625 0.327150789221952 7.17613387675481e-05 893.88916016
16138059 138.868923611111 0.390021553817126 2.29297442907806e-05 3703.21875000
16138060 138.889224537037 0.376051925594707 0.000155972534338449 3262.64672852
16138061 138.890428240741 0.365136025514428 2.15007493135975e-05 3206.08520508
16138062 138.911898148148 0.348791503468281 2.16050657725646e-05 2808.84692383
16138063 138.933877314815 0.338695157924508 2.19072329818315e-05 2573.11987305
16138064 138.955810185185 0.332695952266038 2.18423454893634e-05 2219.52539062
16138065 138.978842592593 0.330463900767517 3.52712682058191e-05 1917.09729004
16138066 138.990601851852 0.32812161733536 3.29591953368212e-05 1831.16638184
16139001 139.007060185185 0.32543172475766 5.56329553899712e-05 1683.40954590
16139002 139.011655092593 0.323180310543759 2.57229910682998e-05 1662.99438477
16139003 139.033194444444 0.323804935901777 2.63275603937899e-05 1432.95361328
16139004 139.054814814815 0.324722772443029 2.73859699565313e-05 1324.31127930
16139005 139.076493055556 0.323882088041972 2.80773582187452e-05 1217.92248535
16139006 139.097951388889 0.323537878857299 0.000101367218261793 1106.23974609
16139007 139.10162037037 0.323225797312865 3.88075773003328e-05 1083.47985840
16139008 139.115949074074 0.324291110161423 2.96553720615077e-05 1046.34338379
16139009 139.137685185185 0.324071389833024 3.05977411230265e-05 981.23321533
16139010 139.159131944444 0.323648862656631 3.11586233204453e-05 915.65020752
16139011 139.18087962963 0.32535020925264 3.20637842483103e-05 868.08764648
16139012 139.202361111111 0.326717728241776 3.27758843893103e-05 810.87390137
16139013 139.223969907407 0.326046078888332 4.9501026072957e-05 763.20764160
16139021 139.298703703704 0.401207993749941 3.45073994220328e-05 3201.80493164
16139022 139.308229166667 0.38244862784523 2.25313887125067e-05 2958.07055664
16139023 139.330185185185 0.365468672328837 2.31515559936405e-05 2532.36157227
16139024 139.352037037037 0.354266240516562 2.37642588767982e-05 2281.98852539
16139025 139.373020833333 0.345930116550354 2.34726412503513e-05 2126.13256836
16139026 139.394953703704 0.339932623617522 2.64010464553009e-05 1867.28857422
16139027 139.417465277778 0.337277521272 2.83190438874418e-05 1647.44653320
16139028 139.435219907407 0.335969244429152 2.56443171281643e-05 1518.05822754
16139029 139.457048611111 0.334665408747812 2.65367775707738e-05 1443.58300781
16139030 139.478935185185 0.33407899258397 2.59870947369709e-05 1290.66333008
16139031 139.503043981481 0.334048053839777 3.26917262407102e-05 1198.54187012
16139032 139.519872685185 0.33565945820731 3.51443463555466e-05 1144.99267578
16139033 139.537835648148 0.335200294591156 3.02866946116722e-05 1017.02679443
16139034 139.559502314815 0.334848764855275 4.84039045225608e-05 997.42694092
16139054 139.925590277778 0.371827442650674 3.64171561603758e-05 2440.63964844
16139055 139.942951388889 0.355508518312041 2.86465083440162e-05 2229.65454102
16139056 139.965798611111 0.343123249476445 3.04222937892753e-05 2021.03332520
16139057 139.987604166667 0.33390101762291 2.71312280381663e-05 1877.26550293
16140001 140.009247685185 0.326238287883326 2.62267152789563e-05 1755.22143555
16140002 140.030810185185 0.322025888297666 2.61263653404177e-05 1573.63635254
16140003 140.055196759259 0.319161758179978 2.74966889062643e-05 1402.28222656
16140004 140.076678240741 0.318581382511915 3.50215550459476e-05 1259.78833008
16140007 140.099375 0.31893663120919 5.99999703238289e-05 1115.73010254
16140008 140.106273148148 0.319053767801503 2.92914623360417e-05 1076.23583984
16140009 140.127673611111 0.317667997303635 3.02551512470693e-05 990.81976318
16140010 140.14912037037 0.318155945382226 2.85884218646073e-05 923.27990723
16140011 140.179074074074 0.318621462615472 3.47561547698581e-05 822.65899658
16140012 140.198553240741 0.318387157105291 3.30343551199874e-05 762.37078857
16140013 140.220520833333 0.318453825442048 3.48323916860771e-05 717.52392578
16140014 140.241956018518 0.318034602506222 7.45145107052187e-05 679.85485840
16140015 140.2578125 0.317763658742123 9.12640485368147e-05 652.46087646
16140016 140.268425925926 0.317494463850965 6.41256430422299e-05 633.85534668
16141003 141.047303240741 0.409623907431379 3.55182860736906e-05 2825.49926758
16141004 141.061354166667 0.390498265381776 5.53123072115859e-05 2568.08105469
16141005 141.070046296296 0.374022127122064 2.21804978510293e-05 2345.22827148
16141006 141.091863425926 0.360872354832057 4.18730502827854e-05 2173.95727539
16141007 141.100162037037 0.351627011058533 2.49452359830974e-05 2042.66723633
16141008 141.121886574074 0.342648382888575 2.54478654272595e-05 1873.34936523
16141009 141.143449074074 0.335571992102685 2.28397477730705e-05 1641.97619629
16141010 141.173460648148 0.328591620841315 2.76021785849816e-05 1386.88134766
16141011 141.214733796296 0.326571394035005 3.82527507665252e-05 1084.71447754
16141014 141.241574074074 0.325745054056547 3.12579438082586e-05 988.87023926
16141016 141.265347222222 0.327773353579701 3.13649226916567e-05 898.25854492
16141017 141.288425925926 0.327848615122127 5.3386270301113e-05 838.91961670
16141018 141.299571759259 0.327187572412552 4.10901600117899e-05 797.15820312
16141019 141.314988425926 0.329604647320002 7.33891006813082e-05 754.71008301
16141021 141.321840277778 0.329706279743266 3.44249861945901e-05 739.44726562
16141022 141.3434375 0.329273423012686 4.92788794573978e-05 688.41021729
16141029 141.414050925926 0.408820285341817 2.92041090083579e-05 3120.47778320
16141031 141.429131944444 0.390893546376419 3.85065477406818e-05 2554.52929688
16141032 141.438344907407 0.375089482485151 2.34187115177794e-05 2439.68432617
16141033 141.459918981481 0.357263870662421 2.39333007325427e-05 2190.66015625
16141034 141.481458333333 0.345258854677864 2.46711818440048e-05 2006.49206543
16141035 141.50306712963 0.335761447463878 2.71622381508898e-05 1773.94689941
16141036 141.525150462963 0.328340756663416 6.02875783401114e-05 1554.59362793
16141037 141.534872685185 0.328860012102167 3.79421762166075e-05 1458.55517578
16141038 141.548900462963 0.327352054305473 2.94311204365368e-05 1346.59667969
16141040 141.57443287037 0.325158334400399 3.21220262728425e-05 1164.85485840
16141041 141.595266203704 0.323604004011919 9.53900820747357e-05 1018.08557129
16141049 141.9634375 0.429969232546475 2.15161263628477e-05 3446.39746094
16141050 141.985636574074 0.395347944497527 2.30123509657154e-05 2752.30395508
16142001 142.007094907407 0.374039797613365 2.34941715512753e-05 2451.17089844
16142002 142.028877314815 0.362595432526233 3.51934414661715e-05 2168.98730469
16142003 142.042395833333 0.353639078193445 2.40290902168293e-05 2056.34643555
16142004 142.063900462963 0.346140718578 2.49812878022093e-05 1837.73876953
16142005 142.085983796296 0.342312192099879 4.60840573276527e-05 1636.87927246
16142006 142.096574074074 0.339495744380327 2.62557871219179e-05 1499.85656738
16142007 142.118460648148 0.336661563075662 2.74445983031307e-05 1344.26159668
16142008 142.140034722222 0.334979443006454 2.83462556396427e-05 1225.31982422
16142010 142.164085648148 0.333520071064923 2.92958969364356e-05 1137.92749023
16142012 142.188576388889 0.332669566498484 3.02949639226192e-05 1026.26440430
16142013 142.210011574074 0.333501584620836 4.83554230316699e-05 948.93859863
16142014 142.221585648148 0.332584049437593 3.16005615409412e-05 882.99188232
16142015 142.243587962963 0.331286574725077 4.60763383204551e-05 832.06250000
16142022 142.322916666667 0.422039963958938 2.44939989328851e-05 3551.26562500
16142024 142.341689814815 0.390526254065512 2.27527336450384e-05 3020.19482422
16142025 142.363425925926 0.376056223166696 4.85137407734013e-05 2598.73461914
16142027 142.372233796296 0.363936568079405 2.31029478138019e-05 2360.46533203
16142028 142.393854166667 0.352498094068881 2.35322234284164e-05 2174.17382812
16142032 142.423761574074 0.342625069547718 2.2523049528729e-05 1821.91076660
16142035 142.456493055556 0.338412315092322 2.6492737926692e-05 1519.46301270
16142036 142.47806712963 0.338302995478301 2.74273141454244e-05 1320.00427246
16142037 142.499722222222 0.337946349234797 2.88356573995786e-05 1198.06286621
16142038 142.521319444444 0.337953770790632 2.9591613126563e-05 1116.50915527
16142039 142.542858796296 0.337658719323985 3.06733877267728e-05 1047.56420898
16142041 142.566157407407 0.337623398694662 5.42578435156971e-05 938.74182129
16142044 142.578634259259 0.337449771143959 3.23279794068301e-05 900.73718262
16142046 142.600972222222 0.337782181118653 0.000122959898953447 835.77490234
16142048 142.606099537037 0.338828736027062 0.000127597761038945 830.92114258
16142061 142.672581018519 0.424950921442534 2.19599303364293e-05 3527.41821289
16142065 142.698831018519 0.386160497427057 2.34122586768335e-05 2685.54882812
16142066 142.720555555556 0.368654941616039 2.37926991174432e-05 2398.48071289
16142067 142.742164351852 0.357320026749502 2.46809035316225e-05 2145.54931641
16142068 142.763784722222 0.348548903942377 2.39771001080389e-05 1855.20214844
16142069 142.78744212963 0.344312290435836 3.17011094506968e-05 1664.09484863
16142070 142.803784722222 0.341337398306844 2.62562350134083e-05 1495.84313965
16142071 142.825613425926 0.339010340393085 2.73171631665334e-05 1369.36596680
16142072 142.847164351852 0.337362938162872 2.95446252980657e-05 1267.93127441
16142073 142.867939814815 0.336437189165897 0.000175147920380465 1180.86145020
16142074 142.871365740741 0.335380386206567 0.00017577331047864 1183.72229004
16142075 142.873900462963 0.336483485046494 6.02792853887851e-05 1168.65161133
16142076 142.879282407407 0.335488188767847 2.94511746004398e-05 1151.75793457
16142077 142.9009375 0.335022288546599 3.2966369643218e-05 1053.82812500
16142078 142.920474537037 0.335986211514987 0.00016704232914843 989.46984863
16142079 142.924386574074 0.335267573545085 3.21404171861137e-05 977.94439697
16142080 142.944664351852 0.334515024131277 2.89937641886784e-05 909.79357910
16143002 143.03 0.423220514747313 2.10015620730787e-05 4016.90844727
16143003 143.052314814815 0.389848796481786 2.30127437441749e-05 3103.66210938
16143004 143.073761574074 0.370453848333611 2.30995533560978e-05 2709.53491211
16143005 143.095405092593 0.357856220261489 2.37358551434335e-05 2446.61767578
16143006 143.116886574074 0.346975990945291 2.41483565866322e-05 2115.09204102
16143007 143.138368055556 0.342326928677733 4.03456901858303e-05 1879.42175293
16143008 143.148854166667 0.34000110558768 8.86283108058596e-05 1760.69543457
16143009 143.157592592593 0.336761779087504 2.60038544683567e-05 1597.45874023
16143010 143.179560185185 0.336548834995608 2.73099130937533e-05 1432.78234863
16143011 143.201122685185 0.336514043805807 2.86523865098971e-05 1264.18298340
16143012 143.222615740741 0.335706436423985 2.98554729588525e-05 1072.69653320
16143013 143.244085648148 0.335299125940005 3.09540912666721e-05 1014.60821533
16143014 143.265555555556 0.335212186442246 4.65480276893857e-05 924.89624023
16143015 143.27837962963 0.335252194995489 3.22276770905861e-05 868.23205566
16143016 143.300902777778 0.335349174490594 3.86448426327059e-05 811.58258057
16143018 143.333275462963 0.335136191094158 4.7946484286091e-05 719.31030273
16143019 143.344988425926 0.336002233149467 3.27392900462204e-05 693.17407227
16143020 143.371770833333 0.336716697427903 3.77309286077215e-05 633.58856201
16143021 143.393287037037 0.336102436420031 3.89536279413094e-05 602.28466797
16143022 143.414872685185 0.337788137782927 4.8220374765863e-05 532.24853516
16143031 143.482824074074 0.428277150513471 2.80687326176631e-05 3596.20947266
16143032 143.495520833333 0.401693372187276 2.33103942153355e-05 3115.89184570
16143033 143.51712962963 0.379140204694953 2.34093943398436e-05 2720.01245117
16143034 143.53837962963 0.36280850353534 2.32129296610419e-05 2330.53637695
16143035 143.560474537037 0.35180188817128 2.38152835402004e-05 2161.00976562
16143036 143.582430555556 0.345541288218345 2.4656450786257e-05 1921.66503906
16143038 143.609016203704 0.341611027971223 2.84062241145767e-05 1614.03796387
16143039 143.626967592593 0.339027296511512 2.8290983144658e-05 1503.51989746
16143040 143.64619212963 0.336576816272371 2.61306334945273e-05 1319.50744629
16143041 143.670231481481 0.335964780534845 2.78730240467618e-05 1208.77880859
16143042 143.69255787037 0.335351779635411 2.95295101780552e-05 1158.53674316
16143043 143.714027777778 0.335638052477691 3.60936174348887e-05 1003.44525146
16143044 143.731990740741 0.333906559143725 3.12283510990692e-05 947.46270752
16143045 143.753657407407 0.333818302086051 3.32413658116733e-05 880.96197510
16143052 143.837789351852 0.423547316238866 2.1842610496012e-05 3366.29272461
16143053 143.860173611111 0.394154258572421 2.42643203122897e-05 2676.81933594
16143054 143.881724537037 0.3736870745615 2.4688410655615e-05 2379.52001953
16143055 143.903275462963 0.361319750473802 2.4473551800677e-05 2186.74682617
16143056 143.924826388889 0.352155608325193 2.55929589918325e-05 1998.53430176
16143057 143.944513888889 0.346360682461821 2.70666581600929e-05 1849.56457520
16143058 143.964722222222 0.342084653728472 2.57575816358638e-05 1600.33630371
16143059 143.986481481481 0.338116640790044 2.66327497630736e-05 1452.17968750
16144001 144.008310185185 0.336190147824819 2.76107910301909e-05 1288.36621094
16144002 144.029814814815 0.334562041774149 2.85305243330619e-05 1223.06677246
16144003 144.051331018519 0.330345169608263 2.94872312337942e-05 1104.22058105
16144004 144.072824074074 0.331715600051144 3.67200397067891e-05 1011.43640137
16144005 144.090231481481 0.331068484976203 3.11656759806181e-05 948.79052734
16144007 144.117835648148 0.331617875672758 4.43230326373305e-05 900.73718262
16144012 144.177175925926 0.423722348231285 2.0937580104316e-05 4365.75781250
16144013 144.199988425926 0.38919730382486 2.3369110362419e-05 3311.25976562
16144014 144.221574074074 0.369331422597103 2.33647064925823e-05 2791.21582031
16144015 144.243136574074 0.355930935148607 2.3165702904513e-05 2570.34692383
16144016 144.264791666667 0.34750318778635 2.32019490637973e-05 2269.42651367
16144017 144.287638888889 0.34413293213799 0.000107686967417771 1920.27416992
16144018 144.29431712963 0.342457271102516 4.62042866774717e-05 1872.37097168
16144019 144.303425925926 0.339474789537688 2.53580043420652e-05 1722.19677734
16144020 144.325092592593 0.33604547263747 2.71430634791059e-05 1547.14831543
16144021 144.345648148148 0.335008702767966 2.68855128693075e-05 1427.99340820
16144022 144.36744212963 0.334220038830589 3.82976633490918e-05 1253.28820801
16144023 144.383055555556 0.333048802453707 2.91797535847266e-05 1191.84106445
16144024 144.404525462963 0.332415457121708 3.05908746642909e-05 1071.31250000
16144025 144.42875 0.334311431524872 3.43571620376058e-05 961.25280762
16144026 144.450509259259 0.333681969373681 3.7180457594638e-05 902.34210205
16144037 144.530532407407 0.43434336915751 5.14428635266906e-05 3188.35229492
16144038 144.53494212963 0.420437663540734 3.09847550273619e-05 2987.17529297
16144039 144.546354166667 0.39874780372007 2.34472973649e-05 2787.59716797
16144040 144.567824074074 0.377264879465373 2.29027439804425e-05 2385.35717773
16144041 144.591238425926 0.366193206074654 6.2013302094523e-05 2091.87329102
16144042 144.599282407407 0.35840031932816 2.49347127488012e-05 2012.21813965
16144043 144.620798611111 0.35205418521275 4.14001876283923e-05 1850.53576660
16144054 144.758784722222 0.440973405417019 0.000505467976199523 3905.31323242
16144055 144.760231481481 0.420477276533748 2.05166854841198e-05 3725.23217773
16144056 144.784155092593 0.386912682440988 2.30215047695161e-05 2975.48437500
16144057 144.8059375 0.372729379177204 5.45761822786906e-05 2521.97119141
16144059 144.812210648148 0.367699676075807 6.56022807187184e-05 2514.08471680
16144060 144.820960648148 0.362036231477638 0.000161220146392596 2407.18823242
16144061 144.82212962963 0.357539489174035 2.45270497328023e-05 2458.13647461
16144062 144.841747685185 0.350005557038651 9.17274299257507e-05 2137.42309570
16144064 144.847106481481 0.347318233064519 8.68124473143186e-05 2057.59301758
16144065 144.850868055556 0.342889630918755 2.3926814804267e-05 2016.92980957
16144066 144.873148148148 0.341294544372617 0.000184081320598403 1806.93261719
16144069 144.885729166667 0.335512857624592 4.22937588569201e-05 1644.89270020
16144070 144.893981481481 0.335877204770985 2.57211474698937e-05 1600.15637207
16144071 144.9159375 0.332768341519157 2.73773937843634e-05 1477.92797852
16144072 144.93724537037 0.331809804035763 4.84888193265401e-05 1346.43005371
16144073 144.946805555556 0.331194627519545 2.82393622488814e-05 1242.59069824
16144074 144.968391203704 0.329898405455821 4.6592775636244e-05 1128.84301758
16144075 144.977476851852 0.330115354182065 2.96708988676462e-05 1117.44433594
16144076 144.998993055556 0.329266743767425 4.6588433201849e-05 984.22595215
16145001 145.012962962963 0.330028878760515 4.84116252148708e-05 966.90643311
16145002 145.022881944444 0.331428338717343 6.35854387830622e-05 900.88305664
16145003 145.031157407407 0.330664913075666 3.37030732577916e-05 914.18505859
16145008 145.115625 0.445960453656931 9.92341025174774e-05 3745.41088867
16145009 145.117905092593 0.439219760889128 6.70572053333724e-05 3533.22778320
16145010 145.121493055556 0.416736395647254 2.36686501745112e-05 3485.53149414
16145011 145.143287037037 0.389397873740837 2.34759376606114e-05 2681.84082031
16145012 145.164803240741 0.370966925468472 2.34593333978305e-05 2459.82104492
16145013 145.186342592593 0.358664659308693 2.36368602976422e-05 2225.90698242
16145014 145.207835648148 0.349474675216526 2.47567550887333e-05 1934.80957031
16145015 145.229409722222 0.345221253382912 3.61665839422527e-05 1784.20666504
16145016 145.241759259259 0.341572278180319 2.56433780845366e-05 1624.89501953
16145017 145.263333333333 0.339751080938309 2.66372376541509e-05 1474.28698730
16145018 145.28474537037 0.337829204045314 2.73958573185403e-05 1338.26403809
16145019 145.3065625 0.336259836920597 2.78844973704364e-05 1202.37695312
16145020 145.329305555556 0.336095266168079 2.98132755712396e-05 1109.03735352
16145021 145.350266203704 0.336362057730778 3.25905596802629e-05 1045.73315430
16145022 145.37193287037 0.335401451267577 3.09926911135272e-05 956.64807129
16145023 145.394097222222 0.334224336990781 3.00168694370821e-05 873.57806396
16145024 145.419456018519 0.33644318026032 6.46025918428832e-05 818.39416504
16145035 145.510243055556 0.427407662741927 2.47916400516972e-05 3092.34960938
16145036 145.528321759259 0.39742136843161 2.43294746314643e-05 2511.62548828
16145037 145.549756944444 0.382223911925209 4.49772726197166e-05 2283.11279297
16145039 145.559178240741 0.369933041046114 2.4713934614302e-05 2051.57226562
16145040 145.580706018519 0.357757979991477 2.50750867922971e-05 1902.84167480
16145041 145.602222222222 0.351108042215289 2.6400670684534e-05 1713.99279785
16145042 145.622395833333 0.346234095641553 2.74363127157696e-05 1535.12927246
16145043 145.647719907407 0.341727674603023 2.75435227768552e-05 1379.96533203
16145044 145.669293981481 0.341123734869103 2.85427564136278e-05 1239.84057617
16145045 145.690914351852 0.340074824642412 2.96837710106521e-05 1121.81188965
16145046 145.712488425926 0.338121427164173 3.03173824410082e-05 1051.38232422
16145048 145.739606481481 0.337728213654521 3.14985485803667e-05 933.43212891
16145049 145.76537037037 0.337354540701958 3.36352785639343e-05 857.71099854
16145050 145.786157407407 0.335247601471199 4.00839526403273e-05 809.17376709
16145055 145.847256944444 0.4270016068533 2.08191495475316e-05 3892.77758789
16145056 145.870775462963 0.393000387610544 2.31478942986436e-05 2858.94189453
16145057 145.892465277778 0.372494446857063 2.32751461220087e-05 2493.99145508
16145058 145.914085648148 0.358831370509374 2.39645280995457e-05 2217.54785156
16145059 145.935891203704 0.350937020474334 2.70731623194105e-05 1934.80957031
16145060 145.953784722222 0.346662231778928 2.78182144528792e-05 1675.48596191
16145061 145.974201388889 0.342080296482037 2.61679392952678e-05 1495.84313965
16146002 146.009837962963 0.338408192914202 4.07894832867135e-05 1283.28564453
16146003 146.021527777778 0.336371538288564 2.83175492228511e-05 1202.85668945
16146004 146.043611111111 0.335519980622305 2.91483902981633e-05 1099.10083008
16146005 146.065787037037 0.335015322672863 2.94594011661795e-05 997.72760010
16146006 146.089699074074 0.334156952863782 6.10130984823402e-05 946.87078857
16146007 146.098657407407 0.332706490803622 3.20724416695581e-05 886.76531982
16146008 146.120439814815 0.333851446411776 3.57394911454799e-05 838.91961670
16146014 146.2065625 0.417034806508457 2.1261788685436e-05 4315.92236328
16146015 146.228090277778 0.388285053914772 2.51448740852351e-05 3399.00708008
16146016 146.244988425926 0.370603418636846 2.41285515851775e-05 3028.75585938
16146051 146.531956018519 0.412508837469026 2.68786207987227e-05 2907.70605469
16146052 146.5478125 0.395426298430348 4.10671988137754e-05 2549.52978516
16146097 146.63380787037 0.419680844556924 2.4712356250856e-05 2957.76660156
16146098 146.652268518519 0.393057582194049 2.39768589225579e-05 2518.51757812
16146099 146.673981481481 0.377899351058555 4.03427140503951e-05 2181.53735352
16146100 146.684328703704 0.36926065426425 2.73178724318816e-05 2038.53454590
16146106 146.773125 0.404398397338855 2.47271883127758e-05 3064.22167969
16146107 146.790393518519 0.382989550927547 2.42202612783889e-05 2597.71459961
16146109 146.814340277778 0.365719312879011 2.41609342874577e-05 2267.86035156
16146111 146.840034722222 0.352227470176945 2.41562805682261e-05 2043.28759766
16146112 146.861608796296 0.34414483786669 2.7429136700285e-05 1806.16625977
16146114 146.880671296296 0.338674193140172 3.45244166753205e-05 1639.97277832
16146115 146.897291666667 0.337791433041896 2.6006866743714e-05 1498.98376465
16146116 146.920763888889 0.336525410777275 2.73403740228924e-05 1315.53723145
16146117 146.943425925926 0.336129571912481 3.45861453669342e-05 1160.74682617
16146118 146.958715277778 0.335269029496429 2.9565432114674e-05 1098.63574219
16146119 146.980266203704 0.333554229639849 3.63100685442931e-05 1022.17236328
16146120 146.996979166667 0.333021955843996 7.80657162768651e-05 960.95550537
16147006 147.104965277778 0.424259698898029 2.16472581793272e-05 3402.98144531
16147007 147.126863425926 0.396132750074615 2.50014132182605e-05 2526.66601562
16147008 147.150590277778 0.377060246952154 2.5378610756734e-05 2259.59692383
16147009 147.172314814815 0.365898554611423 2.49318264807457e-05 2045.14965820
16147010 147.193993055556 0.358235317623577 2.48021532342432e-05 1849.75866699
16147011 147.215694444444 0.352069525133615 7.82389354539447e-05 1654.75402832
16147012 147.219548611111 0.349119219964047 3.73350114250423e-05 1659.51269531
16147013 147.232280092593 0.342909985870534 2.64407802380321e-05 1530.19262695
16147014 147.253553240741 0.34074578982852 2.72707758714508e-05 1363.99462891
16147056 147.698090277778 0.419597653518057 2.56203971746839e-05 3490.42333984
16147057 147.714756944444 0.393215005381202 2.37625901968316e-05 2813.91284180
16147058 147.736608796296 0.377848145560881 3.92604422899934e-05 2406.71655273
16147059 147.745347222222 0.366937826189415 2.3515105033535e-05 2418.29223633
16147060 147.766840277778 0.355173121365509 2.52867847003459e-05 2071.54980469
16147061 147.791053240741 0.345791702224267 2.83216826791005e-05 1756.35327148
16147062 147.80912037037 0.343329935492188 4.36939794128941e-05 1590.81469727
16147063 147.819513888889 0.338774500838982 2.72307616884357e-05 1533.01269531
16147064 147.841030092593 0.33858904247453 2.83675942393709e-05 1302.50085449
16147065 147.862569444444 0.336940766361212 2.9303656927511e-05 1155.85522461
16147066 147.8840625 0.336660437637534 3.07867131811133e-05 1049.09082031
16147067 147.905763888889 0.336377600914849 3.12715633132919e-05 996.07446289
16147068 147.927962962963 0.335141586144634 4.41499271539627e-05 929.60290527
16147069 147.943240740741 0.334577828673992 3.27543938369097e-05 853.68499756
16147070 147.964791666667 0.335839304804663 3.49079087379855e-05 802.66540527
16148002 148.037106481481 0.42214580680932 2.036622088229e-05 4582.83349609
16148003 148.059976851852 0.392855818466249 2.60964368020726e-05 3385.24926758
16148004 148.075231481481 0.373990349485297 2.27588151625701e-05 2930.02001953
16148005 148.096990740741 0.359180450502223 2.33724551722414e-05 2495.94458008
16148006 148.118680555556 0.349285919549958 2.38624061988617e-05 2228.11083984
16148007 148.140428240741 0.341715032746396 2.62504044833084e-05 1869.04687500
16148008 148.162511574074 0.338126516253851 2.67296707294362e-05 1600.51623535
16148009 148.184166666667 0.335886990199288 2.79214201186008e-05 1324.14562988
16148010 148.205752314815 0.335374136863416 2.8213785919136e-05 1167.06909180
16148011 148.228738425926 0.338247586471033 3.02853707216739e-05 1063.02136230
16148012 148.250335648148 0.337658356723211 4.9519879108919e-05 965.86413574
16148013 148.259166666667 0.336080626080217 7.72583280451039e-05 916.82287598
16148016 148.272372685185 0.334878972990905 4.19717909265049e-05 854.40350342
16148017 148.289039351852 0.334151298469973 0.000296011376849384 811.01556396
16148018 148.294409722222 0.334382507737796 0.000541489794966614 784.76843262
16148019 148.299618055556 0.336457512975749 3.32919035452851e-05 820.81018066
16148020 148.323009259259 0.336233047506735 3.61355290822023e-05 715.87603760
16148021 148.34474537037 0.336416466588478 0.00010203116190797 638.12768555
16148022 148.35505787037 0.338992218500347 4.68114675270014e-05 604.65966797
16149001 149.006377314815 0.387294356079426 1.96771946973284e-05 3908.90869141
16149002 149.035891203704 0.362015868662249 2.13513962204903e-05 2606.70288086
16149003 149.057615740741 0.352671905044105 5.8130198223412e-05 2153.39697266
16149004 149.061273148148 0.346617205548549 2.35516742785585e-05 2122.41259766
16149005 149.081157407407 0.333881902811339 2.41389128137067e-05 1926.98498535
16149006 149.102916666667 0.327413022877912 3.81519469974165e-05 1632.83862305
16149007 149.153946759259 0.320234355840122 8.97200775948356e-05 1140.47119141
16149008 149.159699074074 0.318707185024633 0.000154243142839623 1095.69531250
16149009 149.163252314815 0.317443499045577 8.81278991542363e-05 1071.32922363
16149010 149.171689814815 0.314225636758401 2.98544612844744e-05 1020.30920410
16149011 149.193784722222 0.315201009792127 3.67535368836788e-05 874.49688721
16149013 149.215393518519 0.313962860684071 3.24234337375143e-05 756.60473633
16149014 149.240138888889 0.313301640320478 3.99187364751601e-05 648.50579834
16149024 149.36505787037 0.362622889694579 4.82565245719601e-05 2140.94140625
16149025 149.370578703704 0.359396272630326 8.30135539916299e-05 2020.72119141
16149044 149.774722222222 0.412964984503497 2.32394771758473e-05 2718.41723633
16149048 149.828356481482 0.369111146597105 3.59571834321788e-05 2179.45239258
16149049 149.842118055556 0.359708366589383 2.36145041217021e-05 2101.60278320
16149050 149.863645833333 0.352149966431262 2.3637137826513e-05 1963.04687500
16149051 149.885023148148 0.346808140659333 5.60165888029073e-05 1905.04968262
16149052 149.891956018519 0.345334761764513 2.44309973390099e-05 1818.94262695
16149053 149.913842592593 0.339651971177112 2.5074742203973e-05 1721.37207031
16149054 149.935081018519 0.336667057150666 2.48933564837107e-05 1638.71240234
16149055 149.957071759259 0.333164148741528 2.59591189985496e-05 1496.19458008
16149056 149.97806712963 0.332053947736998 2.62218421807587e-05 1394.14160156
16149057 149.999618055556 0.331809416340148 6.25071489662206e-05 1328.34216309
16150001 150.008136574074 0.277544467110194 0.00463669086829102 1280.93627930
16150003 150.02875 0.329808988960519 3.73610614442502e-05 1159.36022949
16150004 150.041516203704 0.329220607521979 3.90522966049513e-05 1078.37414551
16150010 150.105717592593 0.51886757011174 1.9957531667907e-05 2965.26220703
16150011 150.127511574074 0.390609944400401 2.39474953848649e-05 2478.06054688
16150012 150.149108796296 0.369954499795367 2.36943413722239e-05 2309.01416016
16150013 150.170671296296 0.357836546382102 3.4489050336665e-05 2113.77148438
16150014 150.186319444444 0.348874016966761 2.39206712353991e-05 1962.39440918
16150015 150.208032407407 0.341257099787524 2.53965495975327e-05 1839.30981445
16150016 150.2303125 0.340216597639193 3.26092890414804e-05 1589.42285156
16150018 150.247662037037 0.338488499058821 3.3117327942296e-05 1474.98034668
16150019 150.262175925926 0.336633333055564 2.49772996456824e-05 1396.84545898
16150020 150.287939814815 0.336811725214599 2.67340473667963e-05 1306.94824219
16150021 150.310208333333 0.334973507364485 2.75209537551435e-05 1247.35363770
16150022 150.332071759259 0.334236834203996 2.83722629367546e-05 1187.01599121
16150023 150.356018518519 0.334252187310828 2.85921244029737e-05 1117.63110352
16150024 150.379502314815 0.333862234611423 3.34336045524499e-05 1076.24645996
16150042 150.632696759259 0.435986177561166 6.63179161347496e-05 3379.96166992
16150044 150.637465277778 0.410909392839709 2.19979806730176e-05 3194.65991211
16150045 150.659282407407 0.383457057301776 2.19730793498493e-05 2805.45336914
16150046 150.680752314815 0.365619389868076 2.26418120101974e-05 2613.91552734
16150047 150.702696759259 0.260569815949357 0.00202065954595347 2447.93334961
16150048 150.703784722222 0.353536169579411 2.30663222779861e-05 2451.59667969
16150049 150.7253125 0.345397971111575 2.4484663496286e-05 2211.55786133
16150050 150.745717592593 0.340532835140605 5.25819393061795e-05 2089.97460938
16150052 150.754363425926 0.336260143747813 2.35952872643371e-05 1996.63281250
16150053 150.775960648148 0.333428371043238 4.72997755180951e-05 1835.67114258
16150054 150.783391203704 0.331794080514279 2.39092984154547e-05 1767.14355469
16150055 150.804814814815 0.327517474529976 2.4567832308878e-05 1678.23645020
16150056 150.826087962963 0.326396136900717 2.53420644396281e-05 1535.70764160
16150057 150.847604166667 0.326439667787154 2.91156026709387e-05 1438.17871094
16150058 150.865023148148 0.324764544675784 3.7933071328588e-05 1348.99365234
16150059 150.878645833333 0.325768467222699 2.78588689780312e-05 1242.39904785
16150060 150.899409722222 0.326551112641864 6.62054647640224e-05 1147.47875977
16150061 150.904861111111 0.32592154749516 4.31858927040552e-05 1136.16381836
16150065 150.967777777778 0.413286352836683 2.08106670342148e-05 3615.70629883
16150066 150.99162037037 0.382785143274741 2.23829933631302e-05 2984.70190430
16151001 151.013217592593 0.364631782351176 2.16145457628586e-05 2680.49633789
16151002 151.035393518519 0.352660405800269 2.27108262145243e-05 2531.27807617
16151003 151.057372685185 0.34664821919724 0.000107739709158785 2321.26586914
16151004 151.05912037037 0.345250518267448 0.000110456646155562 2275.80981445
16151005 151.060902777778 0.34313366547206 2.33234724048159e-05 2280.56298828
16151006 151.083090277778 0.338728671607631 5.79138225161489e-05 2102.10913086
16151010 151.094548611111 0.782640770416212 0.000114234074862811 1958.64404297
16151021 151.300972222222 0.377199394584333 4.31469203958372e-05 3092.62255859
16151022 151.325150462963 0.363970208129514 2.98200658827361e-05 2793.20458984
16151023 151.335543981481 0.358902068741967 3.16830212532948e-05 2643.26147461
16151024 151.345763888889 0.352253580639919 2.62067097824521e-05 2521.21630859
16151025 151.359756944444 0.346660104171301 2.26342931726792e-05 2410.56274414
16151026 151.381585648148 0.341615758884992 2.87722037184383e-05 2268.42749023
16151027 151.397696759259 0.337183223468658 2.34382392384535e-05 2090.64770508
16151028 151.419328703704 0.335014301434819 2.25082806298646e-05 1952.61791992
16151029 151.443055555556 0.331746688022435 2.39595542281164e-05 1774.77026367
16151030 151.465185185185 0.330978884409317 3.77586738065207e-05 1571.58923340
16151031 151.476875 0.33051168190176 2.53613460374056e-05 1555.89941406
16151032 151.499386574074 0.330315377654167 2.5796941103073e-05 1425.40783691
16151034 151.533344907407 0.331380377007443 3.20875395501944e-05 1250.24621582
16151035 151.548842592593 0.33217244687034 3.47529164545736e-05 1207.31640625
16151041 151.627766203704 0.415649234490018 2.18074267698729e-05 3462.67602539
16151042 151.649375 0.388856307217804 2.25558045140263e-05 2844.57788086
16151043 151.670659722222 0.371919083083535 2.40154303486276e-05 2529.41308594
16151044 151.691203703704 0.361305308345473 2.41403350031775e-05 2306.53271484
16151045 151.712418981481 0.351951427325802 2.32322915655353e-05 2261.40820312
16151046 151.733900462963 0.345608012175358 2.58133269386884e-05 2099.40942383
16151047 151.753958333333 0.149309992499407 0.00218159648769262 1987.43066406
16151048 151.754872685185 0.339619888097408 2.36731869070369e-05 1953.10620117
16151049 151.776122685185 0.335889010930816 2.37281767879081e-05 1832.98364258
16151050 151.797662037037 0.332605149549379 2.67601681520421e-05 1722.91015625
16151053 151.819085648148 0.330528366342755 3.32660424851441e-05 1591.21032715
16151054 151.831099537037 0.330323939348635 0.000156653962731446 1508.88610840
16151055 151.832372685185 0.329717925616177 2.49518334263453e-05 1529.24316406
16151056 151.854456018519 0.329740550340365 2.51982124195131e-05 1424.69140625
16151057 151.879837962963 0.329898649399689 6.1445545417187e-05 1311.41442871
16151062 151.903032407407 0.32898440937894 3.42150973569977e-05 1279.41088867
16152007 152.09 0.41782002035013 2.15643971555957e-05 3542.45751953
16152008 152.11244212963 0.384991716380933 2.28037073082288e-05 3007.30273438
16152009 152.134016203704 0.366949677221263 2.27140087285011e-05 2723.85937500
16152019 152.290451388889 0.409020426972537 2.21904042380992e-05 3849.18652344
16152020 152.312164351852 0.344119728570068 0.00243526500722904 3279.52270508
16152021 152.313136574074 0.379082824417534 2.3962866984208e-05 3173.59082031
16152022 152.334861111111 0.361490700093294 2.01406342005159e-05 2774.69335938
16152023 152.361296296296 0.353429742158027 5.66751873137669e-05 2448.48266602
16152024 152.364965277778 0.350463411715331 2.29362986611125e-05 2389.55664062
16152025 152.386689814815 0.343879820698689 2.34678480545934e-05 2209.30615234
16152028 152.433217592593 0.333598120188568 2.37227389125004e-05 1883.23144531
16152029 152.454791666667 0.330621563230932 2.40638337318714e-05 1722.60253906
16152030 152.477372685185 0.328910686487744 2.483346266327e-05 1660.16870117
16152031 152.499039351852 0.327493496197395 2.5011890131648e-05 1547.78161621
16152032 152.520706018519 0.325796537345503 3.08024217898232e-05 1452.86157227
16152033 152.537962962963 0.325762921735251 4.52681972303799e-05 1329.88427734
16152034 152.546840277778 0.326401938611788 3.05224529023589e-05 1265.70410156
16152035 152.564479166667 0.329697235265386 3.12593675772295e-05 1201.72180176
16152045 152.744351851852 0.409904147645186 2.22874412841752e-05 3413.30957031
16152046 152.765162037037 0.39244915473078 2.28004729229872e-05 2455.81298828
16152047 152.786157407407 0.381057348996965 2.27228198037145e-05 2058.95849609
16152048 152.80875 0.372194694238586 5.41138190539472e-05 2120.71679688
16152049 152.8153125 0.364368674863439 2.50541581452838e-05 2113.60205078
16152050 152.836759259259 0.357302708773965 3.31798734537159e-05 2064.13964844
16152051 152.862222222222 0.349907922970411 3.31163208606089e-05 1875.55895996
16152052 152.878553240741 0.344560490729041 2.65049214782142e-05 1772.90124512
16152053 152.899884259259 0.341900061109488 0.000105176219722657 1612.42150879
16152054 152.902037037037 0.340320302119644 2.68451697235888e-05 1610.17578125
16152055 152.923460648148 0.337962337374044 3.38691550804608e-05 1465.56933594
16152056 152.937800925926 0.337302173978061 0.000135524435195865 1441.34130859
16152057 152.943900462963 0.3366326911301 2.65128817126184e-05 1370.87316895
16152058 152.9653125 0.335138943693795 2.38801049779711e-05 1298.58605957
16152059 152.994699074074 0.332364589646574 2.78620387758583e-05 1229.07519531
16153001 153.016238425926 0.330712035304287 4.08615649804374e-05 1149.90673828
16153007 153.087638888889 0.417692671941385 2.13441701624774e-05 3898.31665039
16153009 153.111469907407 0.387228425168582 2.10963213751644e-05 3041.18261719
16153010 153.133321759259 0.369064960160072 1.938291298452e-05 2736.71240234
16153011 153.159097222222 0.357419514088199 2.14552134497736e-05 2476.03320312
16153012 153.181921296296 0.351060972805931 3.43471068477801e-05 2270.71093750
16153013 153.191469907407 0.348447875172421 2.63588795836952e-05 2155.10620117
16153014 153.207928240741 0.34506434197794 2.62865004941276e-05 2005.85534668
16153015 153.227847222222 0.341149657961038 2.36997901019728e-05 1888.83532715
16153016 153.249641203704 0.339852361025042 2.43321930998917e-05 1695.31408691
16153017 153.271712962963 0.338831680923107 9.66740071484702e-05 1620.36608887
16153019 153.287800925926 0.335951014397308 2.47183773146123e-05 1542.47656250
16153020 153.309768518519 0.335740980712356 9.48822157283607e-05 1503.63000488
16153021 153.312488425926 0.333399809912991 2.53854574188892e-05 1484.99316406
16153022 153.334224537037 0.331391609750205 2.88948342960871e-05 1421.97021484
16153032 153.616319444444 0.400648348258702 2.12263916765369e-05 3873.07519531
16153033 153.640034722222 0.38366361394687 4.02989916100425e-05 2757.81909180
16153034 153.647743055556 0.372902720661406 2.30754670005405e-05 2608.22045898
16153035 153.668877314815 0.366473556339603 0.000161234672600803 2438.05883789
16153036 153.672152777778 0.360944906125025 2.60179970310241e-05 2406.38964844
16153037 153.688634259259 0.354713958306178 3.0455314200573e-05 2280.73901367
16153038 153.700324074074 0.347807475065901 0.000163542452547651 2141.28222656
16153039 153.722002314815 0.342179917355267 2.14309300424391e-05 2029.50097656
16153040 153.748888888889 0.339122677043041 2.34338896435254e-05 1796.32666016
16153041 153.771342592593 0.334763081301704 2.40044854121488e-05 1649.57775879
16153042 153.792951388889 0.33300721297175 2.44941371366923e-05 1543.21313477
16153043 153.814583333333 0.330683995548702 2.47280549900124e-05 1457.33374023
16153044 153.837002314815 0.329167461563361 2.58528090787381e-05 1370.87316895
16153046 153.860520833333 0.328425563873248 5.41150945427225e-05 1228.25231934
16153047 153.871261574074 0.32676421460863 2.6479402451413e-05 1238.96142578
16153048 153.89369212963 0.326419151829848 3.22901288895547e-05 1138.31713867
16154003 154.153854166667 0.403725606270736 2.27603704291125e-05 4024.74780273
16154004 154.174212962963 0.377483277482029 2.2943235290723e-05 3433.71875000
16154005 154.192546296296 0.3618565546131 2.11118510583469e-05 3176.14062500
16154006 154.2159375 0.349513656015331 2.05229641510494e-05 2894.67871094
16154007 154.238113425926 0.343349916699433 5.9541763232781e-05 2636.19384766
16154008 154.241481481481 0.341217121618769 2.79963346367313e-05 2549.40820312
16154009 154.256875 0.336405136952866 2.75838068904751e-05 2449.76464844
16154010 154.271701388889 0.321839609232194 0.00107974254625707 2231.00952148
16154011 154.275497685185 0.333740634045754 3.24610068265757e-05 2158.69775391
16154021 154.983564814815 0.322541244763395 0.00157635648130888 4064.86279297
16154022 154.985810185185 0.408606800697897 2.09924514229024e-05 3942.03784180
16155001 155.007685185185 0.380071644023486 2.09482599476656e-05 3354.47021484
16155002 155.029143518519 0.361746953433964 2.00172813518757e-05 3007.09716797
16155003 155.052048611111 0.350619552621942 2.20027366954256e-05 2795.17846680
16155004 155.07443287037 0.343277357844233 2.61839740670332e-05 2565.16772461
16155005 155.088738425926 0.339249094778304 0.000116446013837681 2474.00683594
16155006 155.090069444444 0.337522975508864 2.72417753410636e-05 2462.23657227
16155007 155.108252314815 0.33201139209447 2.25543470206016e-05 2201.52001953
16155008 155.12974537037 0.330995227314944 2.31041961967973e-05 1927.14672852
16155011 155.154351851852 0.329312910091339 3.67240157175517e-05 1790.22314453
16155012 155.164664351852 0.327875527196236 2.38361799040452e-05 1747.90673828
16155013 155.187395833333 0.327657916337855 2.46281516490881e-05 1628.47644043
16155014 155.20900462963 0.326845237573708 2.35106807062545e-05 1532.91503906
16155015 155.236099537037 0.326849671802343 2.61989545027363e-05 1397.98437500
16155016 155.257465277778 0.32586819346437 2.6823554553617e-05 1336.33862305
16155017 155.279293981481 0.142885198202549 0.00261764947659933 1277.74731445
16155018 155.281006944444 0.324290136263328 0.000101501679092749 1245.15087891
16155019 155.283159722222 0.325724863221405 2.78435672959891e-05 1263.35437012
16155028 155.6796875 0.413879724079381 2.1348300881286e-05 3699.54272461
16155029 155.70130787037 0.394192461130789 5.01600777263373e-05 2967.30541992
16155030 155.706990740741 0.382127970284826 2.2755284812687e-05 2907.38378906
16155031 155.728726851852 0.362566736615563 0.000434448940726646 2624.94628906
16155032 155.749988425926 0.355803601608635 2.25802297477079e-05 2478.61328125
16155034 155.775046296296 0.348119697414028 2.40126169295384e-05 2248.27856445
16155035 155.795590277778 0.344387536253557 4.95848510562876e-05 2067.31835938
16155036 155.802789351852 0.342262203778077 4.71078454624398e-05 2003.71252441
16155037 155.810046296296 0.33804695352083 2.39221747678081e-05 1952.61791992
16155038 155.834270833333 0.335077457593553 2.36814821711557e-05 1850.72204590
16155039 155.855821759259 0.154751838462067 0.00240312396841017 1765.89965820
16155040 155.85806712963 0.332457052412318 3.29709164767229e-05 1706.48339844
16155041 155.874456018519 0.329298864389964 2.4127469618565e-05 1673.97814941
16155042 155.896400462963 0.326498401182996 2.504948628696e-05 1569.95825195
16155044 155.919155092593 0.324394658248618 0.00045091959608868 1499.98339844
16155045 155.920462962963 0.324332114802784 4.73802174299092e-05 1448.10559082
16155047 155.930127314815 0.323790241167551 2.60496732919606e-05 1413.10278320
16155048 155.95162037037 0.322805339108732 2.94631973467383e-05 1369.45825195
16156005 156.1228125 0.40524957064182 2.14952765420277e-05 3898.99267578
16156006 156.144386574074 0.390280060010962 4.53307268710753e-05 2995.78491211
16156007 156.150555555556 0.379480024340726 2.148901052538e-05 2872.17089844
16156008 156.172581018519 0.366221855687832 2.1417325291755e-05 2584.75537109
16156009 156.194201388889 0.357862163909669 2.28286569400974e-05 2408.02197266
16156010 156.216747685185 0.341354339525505 0.000981199148618238 2279.68237305
16156011 156.220729166667 0.350872585655328 3.07462126704779e-05 2235.36352539
16156012 156.235671296296 0.347645544898329 3.99761680208828e-05 2203.07592773
16156013 156.245069444444 0.343193599058835 2.28573198101437e-05 2090.81616211
16156014 156.266481481481 0.340652026826384 2.35072669441948e-05 2018.40527344
16156015 156.287951388889 0.336337367556979 2.35101555341703e-05 1903.44128418
16156017 156.311157407407 0.333397845756315 2.39177211116498e-05 1787.25292969
16156019 156.333726851852 0.329513596800632 2.44596212119954e-05 1700.20654297
16156020 156.355277777778 0.328539122889777 2.54029876429289e-05 1598.81591797
16156021 156.380405092593 0.32831778037286 2.63470226786268e-05 1458.77746582
16156022 156.402349537037 0.328560908782368 3.42968258933705e-05 1304.15905762
16156028 156.490219907407 0.433849422803903 9.81248406920784e-05 329.82952881
16156030 156.501388888889 0.404614197404955 8.02640530475562e-05 295.00375366
16156031 156.514652777778 0.385702726297164 9.30416024156159e-05 282.29470825
16156032 156.524826388889 0.376922877818122 0.00013322737782818 280.97644043
16156033 156.531076388889 0.361576361966784 5.78376040249826e-05 267.44064331
16156034 156.559166666667 0.351251339698118 0.000338850026102496 260.49743652
16156043 156.70380787037 0.4095512677108 2.30818097401671e-05 3401.80444336
16156045 156.72412037037 0.391505258678415 3.68495502337063e-05 3065.27807617
16156048 156.764756944444 0.359100391850588 2.13436458609194e-05 2610.87719727
16156049 156.786481481481 0.352453076970687 2.2591101561065e-05 2372.24902344
16156050 156.808576388889 0.345925710622063 2.62135239120438e-05 2151.34692383
16156051 156.827685185185 0.341491103866656 2.33381680157594e-05 2008.49426270
16156052 156.849583333333 0.337328466664912 2.39795746248622e-05 1889.95690918
16156053 156.871157407407 0.334587475479332 2.38648793575774e-05 1777.57580566
16156054 156.893217592593 0.332539218802328 2.488629226153e-05 1633.74182129
16156055 156.914722222222 0.331903875089437 0.000120803068028587 1577.52526855
16156056 156.919652777778 0.331005013560187 2.21646587756297e-05 1569.66198730
16156057 156.951018518519 0.32972823456328 2.65012369195168e-05 1407.39160156
16156059 156.973344907407 0.329600384335914 5.01327720625393e-05 1344.77124023
16157004 157.072962962963 0.423621870905629 2.15983757448105e-05 4136.52978516
16157005 157.09474537037 0.391118312592488 2.14874384707022e-05 3270.00634766
16157006 157.116296296296 0.372323345878352 2.1159395311096e-05 2942.84497070
16157007 157.137939814815 0.360597368280684 2.80694028304221e-05 2703.09619141
16157010 157.155844907407 0.352555970227056 0.000158026049899043 2611.06689453
16157011 157.157685185185 0.353238366063954 0.00014617005407334 2525.87182617
16157013 157.162164351852 0.347510625900722 2.26187834005092e-05 2530.71850586
16157015 157.185439814815 0.341502761918731 4.17048050305084e-05 2327.31591797
16157016 157.193819444444 0.337331392736507 2.92924579590804e-05 2243.38745117
16157017 157.209282407407 0.334897403471918 4.1727280065516e-05 2137.19506836
16157018 157.216412037037 0.333746272187719 2.76794704059164e-05 2067.82055664
16157019 157.231655092593 0.330891017235914 3.41557839848949e-05 1997.78442383
16157020 157.245092592593 0.32650099648821 2.33864061994717e-05 1866.30700684
16157021 157.267233796296 0.32404684895698 2.42695139865014e-05 1735.38940430
16157022 157.28875 0.32312006505216 0.000118211822612953 1629.37878418
16157024 157.297592592593 0.322256840546986 2.586147204037e-05 1552.65051270
16157025 157.324178240741 0.324351005969034 2.73350989409781e-05 1370.44860840
16157026 157.3459375 0.325469382460631 2.79411945307004e-05 1230.03540039
16157027 157.3678125 0.326849324510384 4.77426121225754e-05 1094.49426270
16157034 157.4365625 0.420296663836565 8.30891121458259e-05 3560.71630859
16157035 157.439467592593 0.403946866314181 2.32641503117048e-05 3425.50219727
16157036 157.458113425926 0.38173392289734 2.14348084724838e-05 2964.44531250
16157037 157.479722222222 0.36584078092197 2.13124606006705e-05 2752.72949219
16157038 157.501365740741 0.353280426088061 2.09490294787635e-05 2512.66333008
16157039 157.523993055556 0.345139858065559 2.10383566648956e-05 2424.38012695
16157040 157.550150462963 0.338540250922755 2.36743332816266e-05 2161.26489258
16157042 157.586134259259 0.331672756314033 2.39640754276098e-05 1855.48669434
16157043 157.607731481481 0.329937534539921 2.48291553358528e-05 1688.74902344
16157044 157.629560185185 0.328170693985554 2.51770744949174e-05 1483.83093262
16157045 157.652222222222 0.324913505673438 2.69251040045071e-05 1349.97937012
16157046 157.675208333333 0.325904525720596 2.90125241972541e-05 1246.25207520
16157047 157.694965277778 0.325728289168582 7.59340717489242e-05 1163.01147461
16157048 157.699710648148 0.324428747560577 0.000133901793017137 1127.69482422
16157049 157.701388888889 0.326348265831716 5.26503317290703e-05 1125.27770996
16157050 157.708136574074 0.324736986905382 7.47892250658122e-05 1094.89453125
16157059 157.812291666667 0.415811717227508 2.4823911802526e-05 4290.00488281
16157062 157.833900462963 0.385115225856378 2.12030474413742e-05 3376.21899414
16157063 157.855405092593 0.368161077191358 2.07993807443645e-05 3011.62915039
16157064 157.877199074074 0.354184463183944 2.08817307856885e-05 2829.84448242
16157065 157.898888888889 0.345467105919334 2.19735733118084e-05 2566.29541016
16157066 157.92056712963 0.339920573237968 3.35784969683511e-05 2449.58129883
16157067 157.930289351852 0.339058514855525 8.30099714681762e-05 2322.86669922
16157068 157.937615740741 0.334341103946525 2.25895114471371e-05 2230.48754883
16157069 157.959328703704 0.330158427361697 3.1825015030193e-05 2012.95129395
16157071 157.98 0.32947698328538 0.000103650714130016 1824.77404785
16157072 157.985706018519 0.328622324811582 3.78747103884909e-05 1739.55749512
16157073 157.997349537037 0.327758340114163 2.40665449052234e-05 1678.54077148
16158001 158.019930555556 0.327142201274977 3.22567895664607e-05 1549.69885254
16158002 158.03412037037 0.326360969392653 3.44113938250346e-05 1479.04064941
16158003 158.047893518519 0.325025644683823 7.49187829879706e-05 1407.39160156
16158004 158.052581018519 0.326604564015645 6.01194680032921e-05 1395.27978516
16158005 158.058564814815 0.326464089522704 2.5727607895928e-05 1347.02282715
16158006 158.08224537037 0.325250003509412 3.92343204281765e-05 1243.36193848
16158015 158.219386574074 0.430023951489574 5.19741808766495e-05 4187.46289062
16158016 158.225590277778 0.40590905634648 2.2421523084916e-05 3892.23193359
16158017 158.245381944444 0.383170649499035 2.13748169265569e-05 3298.38574219
16158018 158.266851851852 0.366959211067419 2.00342896634816e-05 2823.28906250
16158019 158.290810185185 0.353692579469202 2.09539814996839e-05 2646.70385742
16158020 158.313414351852 0.345263716249394 2.22505883303655e-05 2516.93798828
16158021 158.334421296296 0.315438961211626 0.0012057388132165 2348.73681641
16158022 158.337037037037 0.339845765812694 6.55249522166002e-05 2357.87841797
16158023 158.341574074074 0.337145079541456 2.24684314920356e-05 2237.10668945
16158024 158.362986111111 0.332354473303042 2.42168921341081e-05 2049.28247070
16158025 158.385115740741 0.33028716363621 5.3922409122917e-05 1906.81933594
16158026 158.391331018519 0.328825620519441 0.000199929454722383 1913.10034180
16158027 158.392465277778 0.330081468581394 3.96985652849699e-05 1855.96350098
16158028 158.401145833333 0.32825269104931 4.80631850937252e-05 1834.40625000
16158029 158.410532407407 0.325938094488598 4.1391031446153e-05 1741.87500000
16158030 158.418055555556 0.326188572774677 2.4189126576979e-05 1698.82983398
16158031 158.439814814815 0.322890664917558 2.49161169549591e-05 1597.32360840
16158032 158.474259259259 0.319107213409016 7.42728876584846e-05 1288.43261719
16158033 158.478009259259 0.319767568869483 2.7171696024794e-05 1272.06787109
16158034 158.499965277778 0.320836069776387 7.77565481086443e-05 1180.90185547
16158039 158.569699074074 0.239690437551415 0.00170610526900306 3757.46215820
16158042 158.57337962963 0.424690901832212 4.81835075842076e-05 3449.74023438
16158043 158.578321759259 0.41923523030755 7.09979105673322e-05 3269.79003906
16158044 158.585289351852 0.409165962033153 9.26206259334898e-05 3072.57006836
16158045 158.588171296296 0.397693137707356 2.75541220856693e-05 3003.18627930
16158046 158.60099537037 0.387044793881607 3.28203739339412e-05 2738.46752930
16158047 158.610405092593 0.373366334227768 2.21034009725073e-05 2769.58569336
16158048 158.630439814815 0.360831179335829 2.20872900205942e-05 2561.41040039
16158049 158.652395833333 0.348567642061633 2.21403568169565e-05 2393.89428711
16158051 158.675162037037 0.343362644276336 2.72752904899413e-05 2240.59472656
16158052 158.692048611111 0.336845761424144 2.70068539261477e-05 2041.45849609
16158060 158.821076388889 0.421177882990367 2.0952255834562e-05 3146.04687500
16158061 158.845173611111 0.391209668599706 2.01434511484374e-05 2610.11791992
16158062 158.868587962963 0.374820302060872 2.32068839966889e-05 2377.11010742
16158064 158.891030092593 0.36273261684599 2.31358929495804e-05 2247.40478516
16158066 158.917071759259 0.351337455518564 2.3359325810517e-05 2121.56445312
16158069 158.959097222222 0.339756533597826 2.38890259071657e-05 1856.75830078
16158070 158.980671296296 0.334866559591794 2.41800279252854e-05 1750.53857422
16159002 159.004386574074 0.331008572934539 2.46579190870961e-05 1662.89660645
16159003 159.025902777778 0.328109664258635 2.52730132714566e-05 1592.70043945
16159004 159.047476851852 0.328085138410258 3.40067614680043e-05 1461.08862305
16159009 159.126006944444 0.440444942748991 0.00016624879583591 4166.72949219
16159010 159.128310185185 0.420907261851196 2.36240520195791e-05 4053.36938477
16159011 159.146944444444 0.391293155040981 2.09673518093057e-05 3331.27221680
16159012 159.168888888889 0.373136719362986 2.11872054162599e-05 2929.84741211
16159013 159.19037037037 0.359945341392201 2.00496754039051e-05 2749.79541016
16159014 159.214363425926 0.350461262536377 2.23449903164034e-05 2489.87255859
16159015 159.235763888889 0.343710776301099 4.15501395138638e-05 2252.82543945
16159017 159.25130787037 0.33766953699949 2.32167061600293e-05 2180.48413086
16159018 159.272523148148 0.334428507623422 2.19287758167176e-05 1956.68872070
16159019 159.298657407407 0.150049082913825 0.0024913176781668 1549.84643555
16159020 159.299930555556 0.333826015598198 2.88010170888312e-05 1518.10083008
16159023 159.323287037037 0.338529150614753 2.85878296339232e-05 1206.36083984
16159024 159.345266203704 0.340798579836527 4.34955525585219e-05 1077.44323730
